201
0.7486098477241568
0.748807931440603
0.7489754389450267
0.7491148984917468
0.7492285620149752
0.7493184449085639
0.7493863587354603
0.7494339383462624
0.7494626645331226
0.7494738830868113
0.7494688209316344
0.7494485998684796
0.74941424834582
0.7493667115941156
0.7493068603936529
0.7492354986946189
0.749153370267926
0.7490611645335808
0.7489595216869525
0.7488490372248837
0.7487302659539098
0.7486037255524469
0.7484698997450134
0.748329241140074
0.7481821737729045
0.7480290953908846
0.7478703795119759
0.7477063772832877
0.7475374191632563
0.7473638164468661
0.7471858626518958
0.7470038347812077
0.7468179944740392
0.7466285890585108
0.7464358525148728
0.7462400063590039
0.7460412604538487
0.745839813755769
0.7456358550022482
0.7454295633461765
0.7452211089421277
0.7450106534881669
0.7447983507283287
0.7445843469180613
0.7443687812567478
0.7441517862894891
0.7439334882811867
0.7437140075649441
0.7434934588669619
0.7432719516097678
0.7430495901958108
0.7428264742722569
0.7426026989793545
0.7423783551827138
0.7421535296914838
0.7419283054629138
0.7417027617944961
0.7414769745047934
0.741251016103199
0.7410249559502117
0.7407988604080245
0.7405727929827911
0.7403468144586381
0.7401209830243856
0.7398953543930608
0.7396699819150663
0.739444916685031
0.7392202076431369
0.7389959016708453
0.7387720436819007
0.7385486767082059
0.738325841981709
0.7381035790118442
0.7378819256590956
0.7376609182050335
0.7374405914186353
0.737220978619618
0.7370021117385227
0.7367840213739758
0.7365667368471488
0.736350286253701
0.7361346965132665
0.7359199934166494
0.7357062016708177
0.7354933449418714
0.7352814458959683
0.7350705262385386
0.7348606067516285
0.734651707329728
0.7344438470138204
0.7342370440241466
0.7340313157914262
0.7338266789867396
0.7336231495502379
0.733420742718487
0.7332194730507445
0.7330193544541881
0.7328204002079352
0.7326226229862702
0.7324260348807176
0.7322306474213942
0.7320364715973933
0.7318435178763607
0.7316517962233327
0.7314613161187777
0.7312720865759638
0.7310841161575841
0.730897412991852
0.7307119847878103
0.7305278388502243
0.7303449820937391
0.7301634210566245
0.729983161913935
0.7298042104902145
0.7296265722716578
0.7294502524178781
0.7292752557732549
0.7291015868777747
0.7289292499775687
0.728758249035005
0.7285885877384382
0.7284202695116427
0.7282532975227735
0.7280876746932274
0.7279234037059377
0.727760487013577
0.7275989268463873
0.7274387252196671
0.7272798839411703
0.7271224046180788
0.7269662886638177
0.726811537304587
0.7266581515857513
0.7265061323779615
0.7263554803829663
0.7262061961394085
0.7260582800283631
0.7259117322785951
0.7257665529717251
0.7256227420472489
0.725480299307284
0.7253392244213099
0.7251995169305401
0.7250611762524065
0.7249242016847179
0.724788592409605
0.7246543474976764
0.7245214659116429
0.724389946510118
0.7242597880510904
0.7241309891954569
0.7240035485102669
0.7238774644720112
0.7237527354697956
0.7236293598082333
0.7235073357105443
0.7233866613212364
0.7232673347089291
0.7231493538690322
0.7230327167262944
0.7229174211372756
0.7228034648927972
0.7226908457203379
0.7225795612861644
0.7224696091976419
0.7223609870053398
0.7222536922050662
0.7221477222398996
0.7220430745021377
0.7219397463351174
0.7218377350350728
0.7217370378529547
0.7216376519959996
0.7215395746295392
0.721442802878534
0.7213473338291095
0.7212531645301093
0.7211602919945885
0.7210687132010989
0.7209784250952611
0.720889424590938
0.7208017085716044
0.7207152738915766
0.7206301173772783
0.7205462358283214
0.7204636260187687
0.7203822846981547
0.7203022085926317
0.7202233944058988
0.7201458388204102
0.7200695384981317
0.7199944900816692
0.7199206901951023
0.7198481354449541
0.7197768224209018
0.7197067476968328
0.719637907831517
0.7195702993694201
0.7195039188415521
0.7194387627661216
0.7193748276492762
