201
9.992007221626409e-15
-7.882583474838611e-15
7.327471962526033e-15
-1.0880185641326534e-14
1.9539925233402755e-14
-1.7763568394002505e-15
-4.440892098500626e-15
5.551115123125783e-16
-1.9095836023552692e-14
5.88418203051333e-15
5.88418203051333e-15
-4.6629367034256575e-15
1.3322676295501878e-14
-1.1102230246251565e-16
-5.551115123125783e-15
1.2656542480726785e-14
4.6629367034256575e-15
-8.659739592076221e-15
2.453592884421596e-14
2.3869795029440866e-14
1.9984014443252818e-14
6.328271240363392e-15
2.2537527399890678e-14
-1.787459069646502e-14
8.770761894538737e-15
8.992806499463768e-15
-7.105427357601002e-15
8.659739592076221e-15
1.176836406102666e-14
1.6764367671839864e-14
-1.1102230246251565e-15
-1.6653345369377348e-15
1.099120794378905e-14
-7.327471962526033e-15
1.3100631690576847e-14
-9.992007221626409e-16
-3.4416913763379853e-15
-1.6986412276764895e-14
7.438494264988549e-15
4.773959005888173e-15
-5.662137425588298e-15
-1.432187701766452e-14
-4.884981308350689e-15
-1.099120794378905e-14
-7.771561172376096e-15
-1.2656542480726785e-14
-1.1879386363489175e-14
1.532107773982716e-14
1.4432899320127035e-14
-1.0880185641326534e-14
-1.5654144647214707e-14
-1.6431300764452317e-14
9.103828801926284e-15
1.0325074129013956e-14
-2.9976021664879227e-15
-3.3306690738754696e-15
2.6645352591003757e-15
-4.3298697960381105e-15
-3.9968028886505635e-15
-1.0103029524088925e-14
-2.3314683517128287e-15
1.2212453270876722e-14
-4.9960036108132044e-15
3.6637359812630166e-15
5.88418203051333e-15
6.106226635438361e-15
1.5543122344752192e-15
-1.1657341758564144e-14
-6.661338147750939e-15
3.3306690738754696e-16
-4.9960036108132044e-15
6.8833827526759706e-15
8.215650382226158e-15
1.9984014443252818e-15
-1.6653345369377348e-15
-1.1102230246251565e-16
-8.104628079763643e-15
5.440092820663267e-15
-2.6645352591003757e-15
-4.9960036108132044e-15
7.549516567451064e-15
5.88418203051333e-15
-2.0539125955565396e-14
-1.021405182655144e-14
8.881784197001252e-16
1.5543122344752192e-15
6.661338147750939e-16
4.107825191113079e-15
-6.994405055138486e-15
-6.772360450213455e-15
1.021405182655144e-14
5.995204332975845e-15
6.661338147750939e-16
2.886579864025407e-15
2.220446049250313e-16
2.220446049250313e-15
2.4424906541753444e-15
-3.774758283725532e-15
-5.88418203051333e-15
4.3298697960381105e-15
4.3298697960381105e-15
-2.7755575615628914e-15
3.774758283725532e-15
8.770761894538737e-15
6.106226635438361e-15
7.882583474838611e-15
-2.55351295663786e-15
-1.9984014443252818e-15
2.220446049250313e-16
1.3322676295501878e-15
-3.774758283725532e-15
-1.1435297153639112e-14
5.773159728050814e-15
-2.886579864025407e-15
-6.772360450213455e-15
5.995204332975845e-15
1.1102230246251565e-15
3.4416913763379853e-15
-1.0880185641326534e-14
9.992007221626409e-16
-3.774758283725532e-15
-1.1102230246251565e-15
1.3322676295501878e-14
1.1102230246251565e-16
4.107825191113079e-15
-7.549516567451064e-15
-7.771561172376096e-15
3.4416913763379853e-15
-4.6629367034256575e-15
2.1094237467877974e-15
4.440892098500626e-15
-4.884981308350689e-15
-2.7755575615628914e-15
-2.886579864025407e-15
3.774758283725532e-15
-2.1094237467877974e-15
1.9984014443252818e-15
5.662137425588298e-15
1.6653345369377348e-15
-3.3306690738754696e-16
-1.6653345369377348e-15
-1.1213252548714081e-14
-8.215650382226158e-15
3.4416913763379853e-15
2.9976021664879227e-15
1.1102230246251565e-15
-1.3322676295501878e-15
4.107825191113079e-15
-8.881784197001252e-16
4.440892098500626e-15
-7.771561172376096e-15
4.551914400963142e-15
8.104628079763643e-15
3.3306690738754696e-16
-1.176836406102666e-14
9.547918011776346e-15
3.774758283725532e-15
1.2212453270876722e-15
2.220446049250313e-16
-1.2212453270876722e-15
1.2212453270876722e-15
2.3314683517128287e-15
-7.771561172376096e-16
5.773159728050814e-15
3.3306690738754696e-16
2.4424906541753444e-15
-1.3322676295501878e-14
-4.440892098500626e-16
-3.219646771412954e-15
-3.219646771412954e-15
-4.107825191113079e-15
-7.771561172376096e-15
-4.9960036108132044e-15
7.438494264988549e-15
-5.995204332975845e-15
2.220446049250313e-15
-2.6645352591003757e-15
1.4432899320127035e-15
4.218847493575595e-15
-4.551914400963142e-15
3.774758283725532e-15
-4.107825191113079e-15
-7.327471962526033e-15
6.217248937900877e-15
5.551115123125783e-16
-3.552713678800501e-15
0.0
8.326672684688674e-15
-3.219646771412954e-15
-9.992007221626409e-16
4.6629367034256575e-15
4.218847493575595e-15
3.9968028886505635e-15
-9.992007221626409e-16
-5.551115123125783e-16
7.882583474838611e-15
-7.771561172376096e-16
7.771561172376096e-15
5.440092820663267e-15
1.2323475573339238e-14
-2.220446049250313e-16
