201
0.9863863513433964
0.9856244167877443
0.9840569305532366
0.981357074990765
0.9770447474303927
0.9704017324365936
0.9603325393375671
0.9451327578016243
0.922101447923947
0.8869035701206545
0.83259727074258
0.7485072612707443
0.6204554506338891
0.43810145670393896
0.2202760890918017
0.045322617401439884
0.0039910055422749625
0.09114395819287388
0.22975800094973334
0.36310653049796593
0.4723607640416245
0.5572275257317298
0.6224608311451441
0.6729549558834353
0.7125816899359512
0.7441758829637746
0.7697678260689352
0.790810919288275
0.8083547492361066
0.8231669332686542
0.8358168038910206
0.8467326684483165
0.8562412127653717
0.8645948941093279
0.8719912175141139
0.8785864764775069
0.8845056753453605
0.8898497855701943
0.894701117070328
0.8991273405518467
0.9031845327592452
0.9069195059328332
0.9103716071430688
0.9135741209299908
0.9165553721699868
0.9193396003015031
0.9219476576260934
0.9243975711202828
0.9267049975181301
0.9288835943147489
0.9309453240658218
0.9329007054138333
0.9347590212976615
0.9365284925422498
0.9382164232959966
0.9398293234505112
0.9413730121431325
0.9428527056361541
0.944273092231495
0.9456383963796358
0.9469524337426423
0.9482186586542268
0.9494402051639769
0.9506199226473568
0.951760406796288
0.952864026669351
0.9539329483697027
0.9549691558276246
0.9559744690896247
0.9569505604538066
0.9578989687396706
0.9588211119377421
0.959718298447882
0.9605917370858685
0.9614425460115371
0.9622717607111146
0.9630803411477723
0.9638691781791032
0.9646390993274575
0.9653908739771694
0.9661252180639569
0.9668427983129827
0.9675442360750307
0.9682301108046222
0.9689009632178415
0.9695572981638637
0.9701995872396932
0.9708282711744071
0.9714437620061012
0.9720464450720652
0.9726366808306177
0.9732148065308508
0.9737811377446948
0.9743359697743945
0.9748795789469209
0.9754122238057146
0.9759341462090927
0.9764455723435282
0.9769467136596325
0.9774377677371889
0.9779189190857739
0.9783903398860799
0.9788521906772436
0.9793046209945094
0.9797477699612946
0.9801817668395466
0.9806067315414583
0.9810227751060292
0.981430000142759
0.9818285012454014
0.9822183653779281
0.9825996722348583
0.9829724945778608
0.9833368985504352
0.9836929439721878
0.9840406846144556
0.9843801684582316
0.9847114379360351
0.9850345301586707
0.9853494771278931
0.9856563059362103
0.9859550389543374
0.9862456940075325
0.9865282845412837
0.9868028197771727
0.98706930485961
0.9873277409939475
0.9875781255765594
0.9878204523175171
0.9880547113561703
0.9882808893701782
0.988498969678384
0.9887089323380351
0.988910754236436
0.9891044091776064
0.9892898679642639
0.9894670984751961
0.9896360657385467
0.9897967320011557
0.9899490567941298
0.9900929969950067
0.9902285068866152
0.9903555382128681
0.9904740402316367
0.990583959764963
0.990685241246592
0.9907778267672571
0.9908616561175141
0.9909366668286015
0.991002794211169
0.9910599713921474
0.9911081293498943
0.9911471969475529
0.9911771009649425
0.9911977661289193
0.9912091151423249
0.9912110687116231
0.9912035455733715
0.9911864625194468
0.9911597344213289
0.9911232742531381
0.991076993114026
0.9910208002493679
0.9909546030714261
0.9908783071789731
0.9907918163764271
0.9906950326921548
0.9905878563962842
0.9904701860178327
0.990341918361397
0.9902029485233923
0.9900531699077212
0.9898924742412034
0.9897207515885237
0.9895378903669622
0.9893437773607918
0.9891382977353549
0.9889213350511616
0.9886927712774809
0.9884524868060985
0.9882003604647304
0.9879362695304866
0.9876600897432019
0.9873716953187958
0.9870709589626054
0.986757751882705
0.9864319438034441
0.9860934029788226
0.9857419962061993
0.985377588839986
0.9850000448055969
0.984609226613562
0.9842049953737678
0.9837872108100921
0.9833557312751325
0.9829104137653482
0.9824511139363475
0.9819776861187127
0.9814899833340738
0.9809878573114049
0.9804711585040244
