201
3.1086244689504383e-15
1.8318679906315083e-15
-8.881784197001252e-16
-4.996003610813204e-16
-4.996003610813204e-16
1.9984014443252818e-15
7.771561172376096e-16
-3.3306690738754696e-16
-1.6653345369377348e-15
-8.881784197001252e-16
3.3306690738754696e-16
-3.885780586188048e-16
-2.1094237467877974e-15
-4.218847493575595e-15
-1.27675647831893e-15
-2.1094237467877974e-15
-1.6653345369377348e-15
-5.551115123125783e-15
7.771561172376096e-16
-3.219646771412954e-15
4.440892098500626e-16
4.440892098500626e-16
-2.220446049250313e-15
2.609024107869118e-15
3.774758283725532e-15
2.831068712794149e-15
-2.3314683517128287e-15
-4.773959005888173e-15
-3.774758283725532e-15
8.881784197001252e-16
-2.9976021664879227e-15
1.3877787807814457e-15
-3.774758283725532e-15
-2.3314683517128287e-15
-5.384581669432009e-15
-5.551115123125783e-16
-5.551115123125783e-16
-5.662137425588298e-15
-2.3314683517128287e-15
-3.4416913763379853e-15
-4.385380947269368e-15
-1.942890293094024e-15
-2.3869795029440866e-15
3.3306690738754696e-16
-2.9976021664879227e-15
-2.220446049250313e-16
3.608224830031759e-15
3.3861802251067274e-15
-1.6653345369377348e-15
1.27675647831893e-15
4.274358644806853e-15
1.0547118733938987e-15
-4.9404924595819466e-15
1.2212453270876722e-15
3.1086244689504383e-15
4.107825191113079e-15
4.6629367034256575e-15
-1.1102230246251565e-16
6.661338147750939e-16
9.992007221626409e-16
-3.83026943495679e-15
3.1086244689504383e-15
2.220446049250313e-15
3.164135620181696e-15
-4.718447854656915e-15
-7.827072323607354e-15
1.4432899320127035e-15
2.7755575615628914e-15
7.216449660063518e-16
-8.049116928532385e-15
3.885780586188048e-16
5.495603971894525e-15
2.220446049250313e-16
-6.661338147750939e-16
2.0539125955565396e-15
-5.551115123125783e-16
7.771561172376096e-16
1.4988010832439613e-15
-3.6637359812630166e-15
2.275957200481571e-15
4.829470157119431e-15
2.7200464103316335e-15
-1.4432899320127035e-15
-1.1657341758564144e-15
-8.881784197001252e-16
9.43689570931383e-16
-3.3861802251067274e-15
-5.551115123125783e-16
2.1094237467877974e-15
-4.440892098500626e-16
7.771561172376096e-16
1.1102230246251565e-16
1.5543122344752192e-15
2.4424906541753444e-15
-1.7763568394002505e-15
-1.9984014443252818e-15
8.326672684688674e-16
-1.1102230246251565e-15
-2.1649348980190553e-15
-5.88418203051333e-15
2.4980018054066022e-15
-4.218847493575595e-15
2.609024107869118e-15
-1.8318679906315083e-15
4.718447854656915e-15
-7.216449660063518e-16
-9.43689570931383e-16
-1.609823385706477e-15
-2.1649348980190553e-15
-4.218847493575595e-15
-3.941291737419306e-15
5.384581669432009e-15
-5.88418203051333e-15
-1.2212453270876722e-15
-2.9976021664879227e-15
1.7763568394002505e-15
-1.8318679906315083e-15
-5.440092820663267e-15
-5.551115123125783e-15
1.942890293094024e-15
-3.774758283725532e-15
2.1649348980190553e-15
1.6653345369377348e-16
-6.661338147750939e-16
4.6629367034256575e-15
-1.1102230246251565e-15
-2.886579864025407e-15
2.1094237467877974e-15
-2.7755575615628914e-15
5.717648576819556e-15
-5.384581669432009e-15
-5.551115123125783e-16
-2.3314683517128287e-15
-1.5543122344752192e-15
2.831068712794149e-15
-6.661338147750939e-16
-3.774758283725532e-15
6.661338147750939e-16
-2.220446049250313e-15
-1.4432899320127035e-15
1.7208456881689926e-15
-1.482147737874584e-14
9.992007221626409e-16
-1.4210854715202004e-14
-1.326716514427062e-14
-1.0658141036401503e-14
3.9968028886505635e-15
-4.107825191113079e-15
9.603429163007604e-15
-1.6653345369377348e-15
-2.220446049250313e-16
3.3861802251067274e-15
-1.6653345369377348e-16
-1.4432899320127035e-15
1.7763568394002505e-15
2.609024107869118e-15
-2.220446049250313e-15
-7.93809462606987e-15
5.551115123125783e-17
-6.827871601444713e-15
-9.992007221626409e-16
-1.6653345369377348e-16
2.6645352591003757e-15
-2.9976021664879227e-15
-1.1102230246251565e-16
-5.551115123125783e-16
-1.1102230246251565e-15
1.942890293094024e-15
-4.440892098500626e-16
2.9976021664879227e-15
-3.6637359812630166e-15
-2.7755575615628914e-16
-1.6653345369377348e-16
-1.942890293094024e-15
-1.3322676295501878e-15
7.438494264988549e-15
-2.7200464103316335e-15
-1.2212453270876722e-15
2.55351295663786e-15
-2.942091015256665e-15
-1.1102230246251565e-15
5.329070518200751e-15
1.5543122344752192e-15
-4.3298697960381105e-15
-7.327471962526033e-15
1.4432899320127035e-15
3.9968028886505635e-15
4.107825191113079e-15
3.9968028886505635e-15
-2.7755575615628914e-15
4.107825191113079e-15
-4.6629367034256575e-15
-4.551914400963142e-15
-1.5543122344752192e-15
-1.5543122344752192e-15
-3.1086244689504383e-15
-2.7755575615628914e-15
3.3306690738754696e-15
-2.3314683517128287e-15
2.220446049250313e-16
1.1546319456101628e-14
