201
0.19962458469490585
0.19685285285963866
0.1941135759220195
0.1914064573074759
0.1887311958846283
0.18608748621670945
0.1834750188040159
0.18089348031771582
0.1783425538249212
0.1758219190044747
0.1733312523539267
0.17087022738753013
0.16843851482487163
0.16603578277015468
0.16366169688261076
0.16131592053682675
0.15899811497439906
0.15670793944525405
0.15444505133957503
0.1522091063102423
0.14999975838463175
0.14781666006689048
0.14565946242995806
0.14352781519682142
0.1414213668115145
0.13933976449919322
0.13728265431505568
0.13524968118204195
0.13324048891684107
0.1312547202439383
0.12929201679750021
0.1273520191100094
0.1254343665882746
0.12353869747519347
0.12166464879758301
0.11981185629873084
0.11797995435555786
0.11616857587929579
0.1143773521984692
0.1126059129244167
0.11085388579657307
0.10912089650795784
0.1074065685085818
0.10571052278533065
0.10403237761762915
0.10237174830582746
0.10072824687149545
0.09910148172654494
0.09749105730941776
0.0958965736853651
0.09431762610763611
0.09275380453680264
0.09120469311384055
0.089669869583605
0.0881489046634068
0.08664136135210417
0.08514679417367686
0.0836647483492645
0.08219475889005268
0.08073634960370124
0.07928903200475934
0.07785230411947351
0.07642564917356542
0.07500853415067096
0.07360040820670512
0.0722007009249967
0.07080882039338636
0.06942415108397418
0.06804605151174808
0.0666738516472917
0.06530685005389067
0.06394431071664808
0.06258545952655023
0.06122948037792915
0.05987551083247646
0.05852263729708343
0.05716988965660356
0.05581623529579249
0.05446057243694537
0.05310172271335868
0.05173842289025331
0.05036931563977013
0.04899293927111009
0.047607716316805784
0.046211940881164204
0.044803764671891004
0.04338118166845311
0.041942011436979454
0.04048388120072109
0.039004206935996266
0.0375001740248317
0.03596871841279602
0.034406509884675245
0.032809940123604664
0.031175119899963834
0.029497892424753508
0.027773874244813607
0.025998542139503082
0.024167396175749308
0.022276248686045698
0.020321722367997463
0.01830209884535679
0.01621876242276791
0.014078672360474567
0.011898651056809137
0.009712962359229551
0.0075870371373868905
0.005643108530374172
0.004109926539213788
0.003423659701124318
0.004444197852956775
0.008950046885873482
0.02085990319734269
0.04950609224407813
0.11897579338467253
0.29237346593974883
0.6713006323636383
0.997908241359386
0.8186893337116389
0.5581665942084922
0.39492306754662854
0.29860752264774715
0.23857202530236107
0.19866659670209846
0.1706260125291722
0.15000568752336751
0.134270086633373
0.1218917159064975
0.11190569409074701
0.1036772639915729
0.09677406078520412
0.0908926284819128
0.08581439009665863
0.08137830387693239
0.0774633370993112
0.07397691396363938
0.07084710948842304
0.06801725615857138
0.0654421424740505
0.06308528486707199
0.06091693772212257
0.05891262010215688
0.05705201013642935
0.05531810494971863
0.05369657502538618
0.05217526274523751
0.050743789095800004
0.049393242407190924
0.04811592993445489
0.046905178032900736
0.04575517024003967
0.0446608151703257
0.043617638037413746
0.042621691037563955
0.04166947889184689
0.04075789664973566
0.03988417747032526
0.039045848569644596
0.038240693887413704
0.03746672231123656
0.03672214052013224
0.03600532968468437
0.03531482540193336
0.03464930035460694
0.03400754927385642
0.03338847585744269
0.032791081353850636
0.032214454570594984
0.031657763104306146
0.03112024562229273
0.030601205051616138
0.030100002554049498
0.029616052183436655
0.029148816136997442
0.02869780052532248
0.0282625515961564
0.02784265235655157
0.027437719544980525
0.02704740091225333
0.02667137277503105
0.026309337810693344
0.02596102306635243
0.025626178158068374
0.02530457363963488
0.024995999522478704
0.024700263930757336
0.024417191877401184
0.024146624148722033
0.023888416286488946
0.02364243765769338
0.023408570603401485
0.023186709658998134
0.022976760838762506
0.022778640978931577
0.022592277133662395
0.022417606018873527
0.022254573499852173
0.02210313411845654
0.021963250656480575
0.021834893732026277
0.02171804142594048
