201
6.744604874597826e-15
3.524958103184872e-15
1.970645868709653e-15
8.326672684688674e-17
5.689893001203927e-15
7.216449660063518e-15
2.220446049250313e-15
-2.4147350785597155e-15
8.604228440844963e-16
4.718447854656915e-15
-6.38378239159465e-16
-1.7208456881689926e-15
4.385380947269368e-15
-1.7486012637846216e-15
-1.6653345369377348e-16
-8.881784197001252e-16
2.248201624865942e-15
-2.4147350785597155e-15
-3.58046925441613e-15
-1.1657341758564144e-15
5.551115123125783e-17
8.881784197001252e-16
3.6637359812630166e-15
9.71445146547012e-16
9.992007221626409e-16
1.609823385706477e-15
3.0531133177191805e-16
-1.4432899320127035e-15
-3.2890357104520263e-15
5.134781488891349e-16
-2.2898349882893854e-15
-3.885780586188048e-16
-2.7755575615628914e-16
-1.0824674490095276e-15
-1.7763568394002505e-15
6.661338147750939e-16
-4.135580766728708e-15
-3.1225022567582528e-15
-8.049116928532385e-16
-1.2212453270876722e-15
-4.718447854656915e-15
2.1371793224034263e-15
5.134781488891349e-16
3.4416913763379853e-15
-3.191891195797325e-16
2.5118795932144167e-15
-1.7069679003611782e-15
2.8449465006019636e-15
2.1371793224034263e-15
9.020562075079397e-16
1.3877787807814457e-16
-4.0245584642661925e-16
-1.3183898417423734e-15
5.134781488891349e-16
2.0122792321330962e-15
2.636779683484747e-16
-1.249000902703301e-16
-2.498001805406602e-16
-1.124100812432971e-15
1.942890293094024e-15
-3.400058012914542e-15
2.0816681711721685e-16
1.6375789613221059e-15
4.3021142204224816e-15
-2.275957200481571e-15
-6.106226635438361e-16
2.525757381022231e-15
1.6375789613221059e-15
3.191891195797325e-15
-2.0816681711721685e-15
2.8033131371785203e-15
2.9559688030644793e-15
1.4016565685892601e-15
-6.522560269672795e-16
-2.636779683484747e-16
5.689893001203927e-16
4.579669976578771e-16
5.953570969552402e-15
-4.1772141301521515e-15
-6.522560269672795e-16
9.575673587391975e-16
2.040034807748725e-15
1.3183898417423734e-15
-1.9567680809018384e-15
1.0408340855860843e-15
-1.3183898417423734e-15
-8.604228440844963e-16
-1.582067810090848e-15
4.85722573273506e-16
1.915134717478395e-15
6.938893903907228e-16
-1.6514567491299204e-15
1.887379141862766e-15
5.273559366969494e-16
-1.8041124150158794e-16
-4.3298697960381105e-15
8.604228440844963e-16
-5.828670879282072e-16
1.5543122344752192e-15
1.2073675392798577e-15
5.162537064506978e-15
-2.914335439641036e-15
-2.4424906541753444e-15
-2.636779683484747e-16
2.9004576518332215e-15
1.2212453270876722e-15
1.7486012637846216e-15
9.159339953157541e-16
-2.0539125955565396e-15
-4.565792188770956e-15
-4.829470157119431e-15
-2.581268532253489e-15
-3.316791286067655e-15
5.23192600354605e-15
1.3322676295501878e-15
4.385380947269368e-15
-6.245004513516506e-16
-1.096345236817342e-15
-3.427813588530171e-15
5.1486592766991635e-15
-3.816391647148976e-15
2.7755575615628914e-16
1.4710455076283324e-15
-3.164135620181696e-15
2.0816681711721685e-16
-3.0531133177191805e-15
-3.2057689836051395e-15
3.3861802251067274e-15
3.3029134982598407e-15
2.6506574712925612e-15
-2.5396351688300456e-15
5.551115123125783e-16
-2.5951463200613034e-15
6.661338147750939e-16
-3.608224830031759e-16
6.106226635438361e-16
-5.273559366969494e-16
5.440092820663267e-15
1.3739009929736312e-15
-1.2212453270876722e-15
-6.494804694057166e-15
8.604228440844963e-16
-5.370703881624195e-15
1.3822276656583199e-14
-1.8041124150158794e-16
-3.747002708109903e-15
2.9004576518332215e-15
1.5404344466674047e-15
-6.38378239159465e-16
-2.706168622523819e-15
9.992007221626409e-16
2.456368441983159e-15
8.493206138382448e-15
-6.38378239159465e-16
3.3584246494910985e-15
2.6922908347160046e-15
-1.6930901125533637e-15
-2.7200464103316335e-15
2.345346139520643e-15
-4.218847493575595e-15
-6.938893903907228e-17
3.635980405647388e-15
-1.762479051592436e-15
-3.2057689836051395e-15
-4.926614671774132e-15
2.0539125955565396e-15
1.124100812432971e-15
4.315992008230296e-15
5.190292640122607e-15
2.498001805406602e-16
1.4988010832439613e-15
3.58046925441613e-15
-3.6914915568786455e-15
-1.8457457784393227e-15
-4.9682480351975755e-15
2.1094237467877974e-15
-1.7208456881689926e-15
-4.718447854656915e-16
-2.095545958979983e-15
1.3877787807814457e-17
1.4988010832439613e-15
9.06219543850284e-15
1.4155343563970746e-15
-6.744604874597826e-15
-4.1772141301521515e-15
-4.718447854656915e-16
1.817990202823694e-15
1.4710455076283324e-15
3.247402347028583e-15
-4.773959005888173e-15
-2.2065682614424986e-15
-1.3739009929736312e-15
-9.534040223968532e-15
-1.4863110742169283e-14
7.355227538141662e-16
-3.8719027983802334e-15
-3.851086116668512e-15
-3.0531133177191805e-15
-1.1719791803699309e-14
-5.6690763194922056e-15
-4.746203430272544e-15
