201
0.9560740053308717
0.954854345336086
0.9536045341199141
0.9523240084104888
0.9510122013325123
0.9496685418298547
0.9482924542244981
0.9468833578813891
0.9454406669568787
0.9439637902144493
0.9424521308945883
0.9409050866300265
0.9393220493988171
0.9377024055095531
0.9360455356152081
0.9343508147512544
0.9326176123970283
0.930845292557361
0.9290332138632481
0.9271807296912559
0.9252871882999322
0.9233519329833285
0.9213743022415185
0.9193536299668514
0.9172892456473667
0.9151804745862283
0.913026638138135
0.9108270539622796
0.9085810362927004
0.9062878962256985
0.9039469420256586
0.9015574794483304
0.8991188120834183
0.8966302417155293
0.8940910687053645
0.8915005923902007
0.8888581115052898
0.8861629246261125
0.8834143306320446
0.8806116291920516
0.8777541212725557
0.8748411096690826
0.8718718995601293
0.8688457990861723
0.8657621199521921
0.8626201780556891
0.8594192941394727
0.8561587944707367
0.8528380115456321
0.8494562848213099
0.8460129614733092
0.8425073971819605
0.8389389569446611
0.8353070159168543
0.831610960280379
0.8278501881400602
0.8240241104485375
0.820132151959092
0.8161737522072
0.8121483665193832
0.8080554670507624
0.8038945438503947
0.7996651059540052
0.7953666825036162
0.7909988238947314
0.7865611029489602
0.7820531161127942
0.7774744846812054
0.7728248560453919
0.7681039049631347
0.7633113348529406
0.7584468791070303
0.7535103024260049
0.7485014021709964
0.743420009732891
0.7382659919169244
0.7330392523409058
0.7277397328446628
0.7223674149092789
0.7169223210840285
0.7114045164179852
0.7058141098940818
0.7001512558636729
0.6944161554776139
0.6886090581124827
0.6827302627871902
0.6767801195678752
0.6707590309579263
0.6646674532681712
0.6585058979655273
0.6522749329952294
0.6459751840721226
0.6396073359390076
0.6331721335855237
0.6266703834256364
0.620102954427012
0.6134707791903105
0.6067748549713442
0.6000162446438853
0.5931960775969571
0.5863155505623759
0.5793759283680523
0.5723785446116184
0.565324802251216
0.558216174106446
0.5510542032676735
0.5438405034062439
0.53657675898309
0.5292647253515447
0.5219062287474803
0.5145031661668171
0.5070575051223668
0.4995712832792926
0.49204660796409794
0.4844856555444011
0.47689067067702257
0.469263965420223
0.4616079182096799
0.4539249726948151
0.44621763643356344
0.43848847944654207
0.4307401326263158
0.42297528600481404
0.4151966868758398
0.40740713777601
0.39960949432201737
0.39180666290910504
0.3840015982686409
0.37619730089128456
0.36839681431573523
0.3606032222875958
0.35281964579270814
0.3450492399689074
0.3372951909003994
0.329560712302796
0.32184904210198584
0.31416343891388376
0.3065071784348539
0.2988835497458655
0.29129585154055915
0.2837473882861618
0.27624146632399244
0.26878138991971745
0.26137045727106034
0.25401195648587427
0.2467091615359375
0.2394653281993655
0.23228369000084248
0.22516745416075512
0.21811979756138097
0.21114386274281427
0.20424275393805613
0.19741953315710034
0.19067721633038254
0.18401876952276866
0.17744710522600232
0.17096507873970487
0.1645754846518759
0.1582810534255988
0.15208444810175212
0.14598826112571023
0.13999501130561412
0.13410714090964337
0.12832701290940857
0.12265690837456014
0.11709902402594732
0.1116554699509595
0.10632826748626367
0.10111934727195267
0.09603054747972765
0.09106361221858336
0.08622019011931144
0.08150183309941303
0.07690999530897295
0.07244603225807934
0.06811120012432138
0.06390665523988513
0.059833453756558644
0.055892551485013216
0.05208480390728586
0.048410966357117946
0.044871694365337805
0.04146754416471035
0.03819897335040245
0.035066341689025976
0.032069912071519095
0.02920985160284256
0.026486232821787085
0.02389903504380557
0.02144814581946675
0.019133362500549034
0.01695439390587034
0.014910862078120998
0.01300230412369517
0.011228174125976546
0.009587845123436814
0.008080611142924505
0.006705689278891937
0.005462221808399508
0.004349278331965764
0.0033658579301079146
