201
0.9290494594326789
0.9205382176762116
0.9117569507043612
0.9027339885571256
0.8934953248015074
0.8840647919417768
0.8744642255552025
0.8647136176750747
0.854831259928227
0.8448338769215784
0.8347367503741514
0.8245538344832353
0.8142978630141149
0.8039804485921019
0.7936121746700071
0.7832026806269596
0.772760740450999
0.762294335422703
0.7518107212208518
0.7413164898370607
0.7308176266689608
0.7203195631492032
0.7098272252351401
0.6993450780766625
0.6888771671486207
0.6784271561250013
0.6679983617433223
0.6575937859055373
0.6472161452218156
0.6368678982157127
0.6265512703682915
0.6162682771815202
0.6060207454222667
0.5958103326955905
0.5856385454817243
0.5755067557715181
0.5654162164073933
0.5553680752454854
0.5453633882342095
0.5354031314984123
0.5254882125194293
0.5156194804798715
0.5057977358504712
0.49602373927870347
0.48629821984345667
0.4766218827254161
0.466995416348008
0.45741949903249673
0.44789480520720426
0.43842201121622343
0.429001800755476
0.41963486997272814
0.41032193226078556
0.40106372277007246
0.39186100266599355
0.38271456315510777
0.3736252292972096
0.364593863623414
0.35562136958441226
0.3467086948303077
0.33785683434860486
0.32906683346816396
0.3203397907420195
0.3116768607127142
0.3030792565834412
0.2945482527873026
0.2860851874735012
0.2776914649078119
0.2693685578042288
0.26111800957490233
0.25294143652172496
0.2448405299571129
0.23681705826374302
0.228872868892818
0.22100989030116505
0.21323013382743056
0.20553569550835002
0.19792875783027758
0.19041159141856026
0.18298655665796748
0.17565610524329303
0.16842278165795938
0.16128922457069217
0.1542581681535579
0.14733244330299117
0.1405149787764552
0.13380880221740243
0.12721704107577833
0.12074292340912704
0.11438977854433535
0.1081610376458038
0.10206023407308831
0.0960910036340325
0.0902570846500514
0.0845623178408199
0.07901064601901334
0.07360611358211604
0.0683528657784008
0.06325514774766507
0.05831730330870438
0.053543773485979995
0.048939094755354
0.044507896997324735
0.04025490113684205
0.03618491645537705
0.03230283755693375
0.02861364097158464
0.02512238137748036
0.021834187424902216
0.018754257144381795
0.01588785292059003
0.013240296015552579
0.010816960623190123
0.008623267439312946
0.0066646767300174445
0.0049466808838681256
0.0034747964327317723
0.002254555527572505
0.0012914968571277777
0.0005911559979957713
0.00015905518665866575
6.925054598747472e-07
0.00012153047658001521
0.000526984060111636
0.0012224080546590734
0.0022130839013736548
0.003504205895256448
0.005100866810130739
0.007008042947340379
0.009230578621295487
0.011773170098333077
0.014640349009880519
0.017836465263811427
0.021365669482931064
0.025231895002925428
0.029438839467347877
0.03398994606077943
0.03888838442617392
0.04413703131756964
0.04973845104260052
0.05569487575521965
0.06200818566206845
0.06867988921136953
0.07571110333741847
0.08310253383600591
0.09085445595234151
0.09896669526423998
0.1074386089474617
0.11626906751300155
0.12545643710597917
0.13499856246027747
0.14489275060336446
0.1551357554030282
0.1657237630526664
0.1766523785858712
0.18791661351269065
0.19951087466591147
0.21142895434211995
0.2236640218203325
0.2362086163313614
0.24905464155341167
0.26219336169360963
0.27561539921537853
0.2893107342591785
0.303268705799612
0.31747801456710417
0.3319267277587065
0.34660228554898836
0.361491509401925
0.3765806121738086
0.39185520998814233
0.4073003358494457
0.4229004549564142
0.43863948165711003
0.4545007979851266
0.47046727370835123
0.4865212877949315
0.5026447512181684
0.5188191309952229
0.5350254753504536
0.5512444398965276
0.56745631471221
0.5836410521978128
0.5997782955842744
0.6158474079698131
0.6318275017628332
0.6476974684066484
0.6634360082656833
0.6790216605622111
0.6944328332486522
0.7096478327214071
0.724644893275043
0.7394022062240644
0.7538979486117307
0.768110311454853
0.782017527475056
0.7955978982885057
0.8088298210408307
0.8216918144875038
0.8341625445390616
0.8462208493106245
