201
0.2513901522758448
0.25119206855939347
0.25102456105497595
0.2508851015082526
0.2507714379850244
0.2506815550914383
0.25061364126453245
0.25056606165373785
0.2505373354668711
0.2505261169131892
0.25053117906836564
0.25055140013152055
0.250585751654178
0.2506332884058766
0.2506931396063491
0.2507645013053841
0.25084662973205146
0.2509388354664193
0.25104047831304294
0.25115096277512
0.25126973404609054
0.2513962744475571
0.2515301002549842
0.25167075885992524
0.2518178262270938
0.25197090460911575
0.25212962048802723
0.25229362271670774
0.25246258083674544
0.25263618355313844
0.25281413734810243
0.2529961652187964
0.25318200552596815
0.2533714109414888
0.2535641474851297
0.25375999364099483
0.2539587395461525
0.25416018624422715
0.25436414499775895
0.25457043665381984
0.2547788910578696
0.25498934651183647
0.2552016492716727
0.25541565308193936
0.25563121874324995
0.2558482137105134
0.2560665117188109
0.2562859924350581
0.25650654113303495
0.25672804839023616
0.2569504098041925
0.25717352572774416
0.25739730102065
0.25762164481728134
0.2578464703085161
0.25807169453708345
0.25829723820549955
0.2585230254952068
0.2587489838967973
0.25897504404978644
0.2592011395919728
0.25942720701720695
0.2596531855413623
0.2598790169756161
0.26010464560694185
0.26033001808493683
0.26055508331497146
0.2607797923568618
0.2610040983291544
0.26122795631809576
0.26145132329179466
0.26167415801829075
0.26189642098815674
0.26211807434090506
0.26233908179496895
0.2625594085813683
0.26277902138038944
0.26299788826148224
0.26321597862602586
0.2634332631528514
0.2636497137463008
0.263865303486735
0.26408000658335284
0.26429379832917765
0.2645066550581258
0.26471855410403566
0.2649294737614639
0.2651393932483696
0.2653482926702737
0.2655561529861779
0.265762955975856
0.2659686842085717
0.26617332101325936
0.26637685044975806
0.2665792572815118
0.2667805269492465
0.2669806455458125
0.2671795997920644
0.267377377013735
0.26757396511928183
0.2677693525786081
0.2679635284026093
0.2681564821236409
0.26834820377666935
0.2685386838812244
0.2687279134240374
0.26891588384241427
0.2691025870081448
0.26928801521218027
0.26947216114977124
0.26965501790625734
0.269836578943375
0.2700168380860607
0.27019578950978657
0.2703734277283405
0.2705497475821248
0.27072474422674353
0.27089841312222135
0.2710707500224376
0.2712417509649909
0.2714114122615616
0.2715797304883614
0.27174670247722493
0.2719123253067758
0.27207659629405967
0.2722395129864212
0.2724010731536147
0.27256127478033065
0.2727201160588275
0.27287759538192397
0.2730337113361874
0.2731884626954122
0.2733418484142463
0.2734938676220381
0.2736445196170351
0.27379380386059415
0.2739417199716383
0.2740882677214026
0.2742334470282709
0.27437725795274676
0.2745197006927159
0.27466077557868673
0.2748004830694594
0.2749388237475927
0.2750757983152833
0.27521140759039325
0.2753456525023278
0.2754785340883525
0.2756100534898778
0.2757402119489077
0.2758690108045429
0.27599645148973695
0.27612253552799154
0.276247264530205
0.27637064019176566
0.2764926642894556
0.27661333867876436
0.27673266529107365
0.27685064613096494
0.27696728327371184
0.27708257886272636
0.2771965351072047
0.27730915427966485
0.2774204387138371
0.27753039080235836
0.2776390129946622
0.27774630779492887
0.27785227776009724
0.2779569254978623
0.2780602536648804
0.2781622649649287
0.2782629621470477
0.27836234800400267
0.2784604253704635
0.27855719712146326
0.27865266617089435
0.2787468354698872
0.27883970800541713
0.27893128679889767
0.27902157490474067
0.2791105754090642
0.2791982914283962
0.279284726108423
0.2793698826227231
0.27945376417168055
0.27953637398123127
0.27961771530184076
0.27969779140736667
0.27977660559410134
0.27985416117959494
0.279930461501869
0.28000550991833467
0.28007930980489504
0.2801518645550453
0.28022317757909404
0.28029325230316837
0.2803620921684823
0.28042970063058026
0.28049608115844993
0.28056123723388
0.2806251723507234
