201
0.8780692413023587
0.8747168088097899
0.8713345439666895
0.867922668542334
0.8644814911852666
0.8610114033638174
0.8575128757910949
0.8539864552263818
0.8504327615701499
0.8468524851849883
0.8432463843873141
0.83961528306567
0.8359600683876449
0.8322816885654567
0.8285811506544141
0.8248595183640306
0.8211179098636961
0.817357495569341
0.8135794958987173
0.8097851789872811
0.8059758583574741
0.8021528905341645
0.7983176726063845
0.7944716397293342
0.7906162625685283
0.7867530446852028
0.7828835198651812
0.7790092493928119
0.775131819275646
0.7712528374204788
0.7673739307695462
0.7634967424006113
0.7596229285972318
0.7557541558972782
0.7518920981257049
0.7480384334200857
0.7441948412570045
0.7403629994864438
0.7365445813855622
0.7327412527349932
0.7289546689333855
0.7251864721522067
0.7214382885437546
0.7177117255083859
0.7140083690296115
0.7103297810862936
0.7066774971467815
0.70305302375522
0.6994578362145878
0.6958933763733511
0.6923610505225893
0.6888622274081626
0.6853982363620035
0.6819703655575174
0.6785798603943727
0.6752279220113184
0.6719157059352954
0.6686443208629473
0.6654148275799616
0.6622282380169648
0.6590855144422345
0.6559875687910648
0.6529352621296409
0.6499294042545344
0.646970753420661
0.6440600162010723
0.641197847470558
0.6383848505122003
0.6356215772423253
0.6329085285490963
0.6302461547403218
0.6276348560965075
0.6250749835232299
0.6225668392964208
0.6201106778977326
0.6177067069312507
0.6153550881188682
0.6130559383652749
0.6108093308899237
0.6086152964170723
0.6064738244206022
0.6043848644162976
0.6023483272957417
0.6003640866974016
0.5984319804094642
0.5965518117962649
0.5947233512476895
0.5929463376415278
0.5912204798198096
0.5895454580679653
0.5879209255980398
0.5863465100282255
0.5848218148572266
0.583346420927136
0.5819198878743516
0.5805417555627019
0.579211545497633
0.5779287622173375
0.576692894659867
0.5755034175020309
0.5743597924697847
0.5732614696174315
0.5722078885740691
0.5711984797555482
0.5702326655420189
0.5693098614187853
0.5684294770790055
0.5675909174905017
0.5667935839222408
0.5660368749333524
0.5653201873232162
0.5646429170415326
0.564004460060746
0.5634042132087965
0.5628415749637277
0.5623159462101526
0.5618267309578663
0.5613733370235854
0.5609551766758252
0.5605716672447236
0.5602222316951655
0.559906299167588
0.559623305483798
0.5593726936205865
0.5591539141517727
0.558966425659573
0.5588096951154248
0.5586831982326638
0.5585864197907078
0.5585188539323949
0.5584800044352507
0.5584693849582464
0.5584865192634462
0.5585309414151924
0.5586021959573529
0.5586998380681973
0.5588234336964076
0.5589725596761691
0.5591468038246834
0.5593457650214412
0.5595690532706156
0.5598162897476838
0.5600871068300215
0.5603811481135006
0.5606980684152201
0.561037533762447
0.5613992213696429
0.5617828196035978
0.5621880279368305
0.5626145568908935
0.5630621279692651
0.5635304735802017
0.5640193369520666
0.5645284720380458
0.565057643414228
0.5656066261691686
0.5661752057860474
0.5667631780189415
0.5673703487612898
0.5679965339085541
0.5686415592146399
0.569305260143325
0.5699874817136805
0.5706880783397041
0.5714069136668933
0.5721438604013701
0.5728988001370734
0.5736716231764072
0.5744622283478186
0.5752705228188165
0.5760964219047995
0.5769398488741826
0.5778007347497027
0.578679018105262
0.5795746448605544
0.5804875680699294
0.5814177477095341
0.5823651504595888
0.5833297494840062
0.5843115242054232
0.5853104600777383
0.5863265483544311
0.5873597858535715
0.5884101747188504
0.5894777221783012
0.5905624402978278
0.5916643457320594
0.5927834594718377
0.5939198065874344
0.5950734159683105
0.5962443200599227
0.5974325545961441
0.5986381583282407
0.5998611727503438
0.6011016418217477
0.6023596116843041
0.6036351303780442
0.6049282475518376
0.606239014171282
0.6075674822228341
0.6089137044148483
