201
0.8949876659574241
0.8952695048780097
0.8954924726595632
0.8956385051663555
0.895683456999437
0.8955948011406341
0.8953282997615386
0.894823107894695
0.8939944430085193
0.8927223929203435
0.8908344543183437
0.8880776349384659
0.8840727075140083
0.8782370513956048
0.8696505515807016
0.8568153103686519
0.837212933131578
0.8064749092925615
0.7568536682087039
0.6747460882317999
0.5389254283561465
0.33192942179302914
0.09920879129374141
0.0004152342458092315
0.10379216735856416
0.2794411256667604
0.429372728268453
0.5370983357129796
0.6120491035362616
0.6648712052573407
0.7030740442764352
0.7314849309786775
0.7531747773467323
0.7701274070909345
0.783654940107808
0.7946474697312028
0.8037238154261525
0.811324161082137
0.8177682546453342
0.8232928263874433
0.8280761952163126
0.8322547994636551
0.83593452628941
0.8391986212241542
0.8421133052751105
0.8447318273658322
0.8470974307710879
0.8492455539436714
0.8512054837404388
0.8530016116790436
0.8546543988020417
0.8561811241407109
0.8575964707173555
0.8589129883348092
0.860141462029815
0.8612912076519941
0.862370310676021
0.8633858204450371
0.8643439091615979
0.8652500028008119
0.8661088895109037
0.8669248098512625
0.8677015322900672
0.8684424166717044
0.8691504678135556
0.8698283809629956
0.8704785805091568
0.8711032530799907
0.8717043759443086
0.8722837414725931
0.8728429782745316
0.8733835695252947
0.8739068689035587
0.8744141144943124
0.8749064409512192
0.8753848901656364
0.8758504206507133
0.876303915816171
0.8767461912829297
0.8771780013641148
0.877600044820672
0.8780129699840725
0.878417379324971
0.8788138335366293
0.8792028551912981
0.8795849320208277
0.8799605198653925
0.8803300453287204
0.8806939081730725
0.8810524834831062
0.8814061236242147
0.8817551600174757
0.8820999047508516
0.882440652044121
0.8827776795823565
0.8831112497317911
0.8834416106496972
0.8837689972989373
0.8840936323765596
0.8844157271647359
0.8847354823115199
0.8850530885479695
0.8853687273476373
0.8856825715337567
0.8859947858386951
0.886305527420288
0.886614946338398
0.8869231859957492
0.8872303835455893
0.8875366702694002
0.8878421719268961
0.8881470090809035
0.8884512973989424
0.8887551479335801
0.8890586673830664
0.8893619583341452
0.8896651194880488
0.8899682458713385
0.890271429032483
0.8905747572254658
0.8908783155812193
0.8911821862679753
0.8914864486411518
0.8917911793837394
0.8920964526376636
0.8924023401269294
0.8927089112730788
0.8930162333034286
0.8933243713526539
0.8936333885582493
0.8939433461500175
0.8942543035342616
0.8945663183729549
0.8948794466581128
0.8951937427816762
0.8955092596014492
0.8958260485029993
0.8961441594579623
0.8964636410789185
0.8967845406711215
0.897106904281096
0.8974307767425408
0.8977562017194116
0.8980832217466073
0.8984118782682555
0.8987422116735961
0.89907426133107
0.8994080656200903
0.899743661961097
0.900081086843734
0.9004203758534102
0.9007615636961193
0.9011046842218434
0.9014497704464663
0.9017968545722475
0.9021459680070432
0.9024971413822029
0.9028504045693295
0.9032057866958214
0.9035633161593979
0.9039230206414502
0.9042849271195196
0.9046490618787101
0.9050154505221729
0.9053841179807629
0.9057550885217447
0.9061283857567285
0.9065040326487649
0.9068820515186652
0.9072624640505776
0.9076452912968004
0.908030553681963
0.9084182710063506
0.9088084624487565
0.9092011465685313
0.9095963413070148
0.9099940639883656
0.9103943313197931
0.9107971593910698
0.9112025636735908
0.9116105590187493
0.9120211596557546
0.9124343791888617
0.9128502305941205
0.9132687262153886
0.9136898777599669
0.9141136962936027
0.9145401922348625
0.9149693753491039
0.9154012547418305
0.9158358388514194
0.9162731354414415
0.9167131515923306
0.9171558936925531
0.9176013674291283
0.9180495777777666
0.9185005289922606
0.9189542245933884
0.9194106673573341
0.9198698593033373
0.9203318016809154
