201
0.2746685761918509
0.28330135273474927
0.2929997604951647
0.3039132671141125
0.31621865176178443
0.330125323144196
0.34588156804350495
0.3637816998279022
0.38417386484211147
0.4074678384549658
0.4341413248490387
0.4647417590285047
0.4998778868156471
0.5401906830849483
0.5862854221840788
0.6385950889534917
0.6971308504978582
0.76106560195404
0.8281156117492656
0.8937854090521545
0.9507917334693626
0.9893639054034253
0.9992764990979559
0.9736685460117753
0.9128005454061319
0.8247942510426804
0.7223690231555576
0.617987182492282
0.5205716824777638
0.43480713105956326
0.362076753833788
0.3017940553127326
0.2524658102355974
0.2123463096875094
0.17976998648621006
0.15328638167714623
0.13169123186108503
0.11401042179712019
0.0994669212142761
0.08744505191766833
0.07745805854562289
0.069120870232627
0.062128120361976305
0.0562367917330479
0.0512526727798373
0.04701984716963113
0.04341255232298164
0.040328869105853545
0.03768582009659699
0.03541554972636199
0.03346233593746731
0.031780242340148625
0.030331265285988143
0.02908386483244927
0.028011794751727045
0.027093166552496505
0.02630969749530241
0.025646103981028255
0.025089610378041846
0.024629549971520056
0.024257039825358116
0.023964715258255796
0.023746512676850035
0.02359749186385475
0.02351369068491546
0.023492006605770974
0.02353010058532593
0.02362631980905628
0.023779636482163302
0.023989600471817103
0.024256304116023298
0.024580357889268375
0.024962875985288277
0.025405471171197368
0.025910258533181383
0.026479867987406643
0.027117465662555292
0.027826784491227406
0.028612164595969353
0.029478604295958617
0.030431822847677942
0.03147833634560473
0.032625548538642524
0.033881858762197486
0.035256789607964384
0.03676113759211003
0.038407150645144626
0.04020873712639973
0.04218171193910301
0.044344086447352216
0.046716410352083446
0.049322174883064576
0.05218828907687499
0.05534564258406952
0.05882977121120207
0.06268164423283791
0.06694859570272328
0.07168542533946148
0.07695569817861973
0.08283327509773367
0.08940410851735632
0.09676833738293283
0.10504271139837315
0.11436336317907213
0.12488892402993437
0.13680393717710235
0.150322450999728
0.16569155871724495
0.18319446934443795
0.20315242020419055
0.2259243428845951
0.2519026445979753
0.28150275898197635
0.3151433070268118
0.35321296543013636
0.3960198608786746
0.4437202113019416
0.4962260861102028
0.5530987396557169
0.6134445161400276
0.6758432563023703
0.7383491474697927
0.7986019540130446
0.8540637449768363
0.9023527033403905
0.9415976918281834
0.9707131078157607
0.9895137697726137
0.9986476142374792
0.9993878784930168
0.9933629810846323
0.9823002473070697
0.9678315217321575
0.9513755229965319
0.9340880233746351
0.9168603439338625
0.9003460350549675
0.8849999536149203
0.8711194306489021
0.8588818787248249
0.8483764268217624
0.8396291112938227
0.8326221484618579
0.8273082172318065
0.8236207523475133
0.8214811614559832
0.8208037317187982
0.8214988363911507
0.8234749123896219
0.8266395645845629
0.8309000618413961
0.8361634208403229
0.8423362224847077
0.8493242684460931
0.857032158707397
0.8653628520761959
0.8742172583892907
0.8834939017682415
0.8930886874950587
0.9028947998023369
0.9128027533194254
0.9227006164304731
0.9324744199301873
0.9420087587906945
0.9511875883579709
0.9598952088960622
0.9680174241798696
0.9754428510845582
0.9820643482694913
0.987780523626356
0.9924972728048365
0.996129295484345
0.9986015327517586
0.9998504684630476
0.999825240153489
0.998488510967245
0.9958170630291058
0.9918020842016244
0.9864491335352178
0.9797777850431089
0.9718209637050327
0.9626240008470777
0.9522434473808724
0.9407456920986255
0.9282054379038187
0.9147040913134439
0.9003281199203313
0.8851674290908759
0.8693138034978156
0.8528594517928503
0.8358956844432097
0.8185117461544913
0.8007938158955056
0.7828241798157699
0.7646805755885656
0.7464357011481288
0.7281568764580446
0.709905843886674
0.6917386908236414
0.67370587726411
0.655852350995395
