201
0.9798050505470625
0.9792904919962645
0.9784201964286962
0.9767992137254358
0.9733039208033751
0.9637028248063236
0.9210386005071785
0.2861427999403676
0.8282192046899179
0.9425599709573986
0.9624426308923506
0.9692174628109327
0.9722953671591988
0.9739206240631358
0.9748518128281448
0.9754049213411783
0.9757314356264122
0.9759117348274401
0.9759918770931999
0.9759998955424718
0.9759537021590798
0.9758652084324109
0.9757426041582241
0.9755916811498005
0.9754166348258058
0.9752205672666606
0.9750058128552787
0.9747741548791677
0.9745269731001699
0.9742653464704688
0.9739901260079513
0.9737019874028018
0.9734014695932184
0.973089003459226
0.9727649334445407
0.9724295340512704
0.9720830225575641
0.9717255689298362
0.9713573036188143
0.9709783237466193
0.9705886980595761
0.9701884709214718
0.9697776655587488
0.969356286714454
0.9689243228345323
0.9684817478771619
0.9680285228224798
0.9675645969358148
0.9670899088317493
0.9666043873764506
0.966107952452643
0.9656005156144118
0.9650819806488975
0.9645522440594826
0.9640111954845336
0.9634587180607589
0.9628946887399125
0.9623189785632136
0.9617314529080563
0.9611319716988032
0.9605203895960074
0.9598965561644429
0.9592603160225724
0.95861150897224
0.9579499701204701
0.9572755299839086
0.9565880145866273
0.9558872455435428
0.9551730401437601
0.95444521141726
0.9537035682031177
0.9529479152090403
0.9521780530662615
0.9513937783808931
0.9505948837821463
0.9497811579654754
0.9489523857364406
0.948108348048723
0.9472488220436299
0.9463735810851045
0.9454823947940373
0.9445750290854068
0.9436512461968843
0.942710804727098
0.9417534596602473
0.9407789624046765
0.9397870608228093
0.9387774992688441
0.9377500186241865
0.9367043562621504
0.9356402462432746
0.9345574191820623
0.9334556023623537
0.9323345197688072
0.9311938921179173
0.9300334368945701
0.9288528684048352
0.927651897802577
0.9264302331461214
0.925187579440919
0.9239236386882164
0.9226381099335698
0.9213306893218132
0.9200010701514848
0.9186489429334025
0.9172739954469225
0.9158759128084094
0.9144543775323546
0.9130090696010092
0.9115396665382647
0.9100458434810623
0.9085272732599196
0.9069836264790467
0.9054145716021909
0.9038197750402591
0.902198901244086
0.9005516128014353
0.8988775705357821
0.8971764336117295
0.895447859642486
0.8936915048031613
0.8919070239483905
0.8900940707332642
0.8882522977404893
0.8863813566109541
0.8844808981804636
0.8825505726200347
0.8805900295832654
0.878598918356258
0.8765768880157457
0.8745235875899547
0.8724386662272179
0.8703217733688844
0.8681725589278924
0.8659906734739868
0.8637757684246272
0.8615274962404338
0.8592455106292531
0.8569294667538602
0.8545790214473775
0.8521938334348882
0.849773563560148
0.8473178750202165
0.8448264336052792
0.8422989079461136
0.8397349697667246
0.8371342941448671
0.834496559777952
0.8318214492561623
0.829108649342207
0.8263578512570935
0.8235687509728032
0.8207410495119238
0.8178744532523938
0.8149686742403064
0.8120234305081013
0.8090384463990231
0.8060134528986469
0.8029481879710282
0.7998423969026711
0.7966958326507494
0.7935082561984732
0.7902794369143064
0.7870091529188389
0.7836971914547324
0.780343349262976
0.7769474329636791
0.7735092594412141
0.7700286562336334
0.7665054619268219
0.7629395265515929
0.7593307119839936
0.7556788923498752
0.7519839544313286
0.7482457980761913
0.7444643366080246
0.7406394972397634
0.7367712214873954
0.7328594655840612
0.7289042008950422
0.7249054143324307
0.720863108769145
0.716777303450711
0.7126480344065396
0.70847535485799
0.704259335623696
0.7000000655212153
0.6956976517646243
0.6913522203567669
0.686963916476954
0.6825329048608141
0.6780593701756245
0.6735435173851769
0.6689855721089926
0.664385780970327
0.6597444119359694
0.6550617546444065
0.6503381207231329
0.6455738440934017
0.640769281262502
0.6359248116024795
