201
-2.220446049250313e-15
-1.5765166949677223e-14
-1.9984014443252818e-15
3.9968028886505635e-15
-7.216449660063518e-15
-1.0547118733938987e-14
-3.5860203695392556e-14
3.3306690738754696e-15
-1.6986412276764895e-14
-3.275157922644212e-14
-2.353672812205332e-14
-1.7319479184152442e-14
2.886579864025407e-15
-1.532107773982716e-14
-7.105427357601002e-15
1.942890293094024e-14
5.551115123125783e-15
3.885780586188048e-15
1.4210854715202004e-14
3.3306690738754696e-16
5.10702591327572e-15
8.881784197001252e-16
3.774758283725532e-15
-6.5503158452884236e-15
-1.0547118733938987e-14
3.552713678800501e-15
-1.3322676295501878e-14
-1.3877787807814457e-14
3.141931159689193e-14
1.1102230246251565e-15
1.199040866595169e-14
-4.551914400963142e-15
6.106226635438361e-15
1.1102230246251565e-15
1.3100631690576847e-14
1.2989609388114332e-14
1.1102230246251565e-15
2.220446049250313e-14
-3.1086244689504383e-15
2.2870594307278225e-14
1.7319479184152442e-14
-1.1102230246251565e-15
-5.88418203051333e-15
-1.5654144647214707e-14
4.4297898682543746e-14
-2.6645352591003757e-15
2.1094237467877974e-14
-3.697042672001771e-14
6.8833827526759706e-15
-7.216449660063518e-15
8.770761894538737e-15
4.440892098500626e-15
-8.770761894538737e-15
2.8754776337791554e-14
-2.6423307986078726e-14
-3.885780586188048e-14
1.1102230246251565e-15
-3.552713678800501e-15
4.6629367034256575e-15
6.661338147750939e-16
3.4416913763379853e-15
-4.785061236134425e-14
-5.10702591327572e-15
2.2648549702353193e-14
-1.2101430968414206e-14
-1.199040866595169e-14
-1.5765166949677223e-14
-4.884981308350689e-15
-8.881784197001252e-16
7.549516567451064e-15
-3.9968028886505635e-15
-2.864375403532904e-14
-3.5083047578154947e-14
9.769962616701378e-15
-3.774758283725532e-15
7.438494264988549e-15
-1.1324274851176597e-14
-4.440892098500626e-16
6.439293542825908e-15
-5.995204332975845e-15
3.697042672001771e-14
-3.6637359812630166e-15
3.7192471324942744e-14
-8.215650382226158e-15
3.3306690738754696e-15
1.2989609388114332e-14
-4.5075054799781356e-14
6.150635556423367e-14
4.4297898682543746e-14
5.995204332975845e-15
-1.2545520178264269e-14
1.5543122344752192e-15
3.1086244689504383e-15
2.55351295663786e-15
-8.693046282814976e-14
9.769962616701378e-15
3.6637359812630166e-14
6.661338147750939e-16
-2.2426505097428162e-14
2.631228568361621e-14
7.882583474838611e-15
1.3877787807814457e-14
-4.4853010194856324e-14
-3.2307490016592055e-14
2.7977620220553945e-14
1.6986412276764895e-14
2.5979218776228663e-14
2.864375403532904e-14
-7.560618797697316e-14
-1.9317880628477724e-14
-2.7644553313166398e-14
2.531308496145357e-14
-3.219646771412954e-14
2.0761170560490427e-14
-9.14823772291129e-14
2.275957200481571e-14
7.993605777301127e-15
-3.241851231905457e-14
-3.6193270602780103e-14
-1.887379141862766e-15
-7.327471962526033e-15
1.554312234475219e-14
-2.1538326677728037e-14
2.4424906541753444e-15
-3.730349362740526e-14
8.659739592076221e-15
3.1530333899354446e-14
6.183942247162122e-14
-1.8318679906315083e-14
-2.942091015256665e-14
3.674838211509268e-14
1.8984813721090177e-14
7.771561172376096e-15
1.1102230246251565e-15
7.66053886991358e-15
-1.5432100042289676e-14
1.2323475573339238e-14
3.219646771412954e-15
-3.4416913763379853e-15
8.315570454442422e-14
-4.773959005888173e-15
-3.8968828164342995e-14
2.6645352591003757e-15
2.7755575615628914e-14
1.3433698597964394e-14
3.2529534621517087e-14
7.66053886991358e-15
2.298161660974074e-14
1.9984014443252818e-14
-1.1213252548714081e-14
-4.063416270128073e-14
1.2101430968414206e-14
-4.7406523151494184e-14
3.6637359812630166e-15
3.186340080674199e-14
-1.3322676295501878e-14
4.773959005888173e-15
-1.2989609388114332e-14
-3.219646771412954e-15
1.7763568394002505e-15
-4.6851411639181606e-14
2.7977620220553945e-14
-2.3092638912203256e-14
5.1958437552457326e-14
-4.241051954068098e-14
8.326672684688674e-15
-1.5765166949677223e-14
3.752553823233029e-14
2.8754776337791554e-14
8.548717289613705e-15
4.218847493575595e-15
1.7763568394002505e-15
3.219646771412954e-14
2.9976021664879227e-15
-5.551115123125783e-15
2.1094237467877974e-15
-5.084821452783217e-14
1.532107773982716e-14
-3.3306690738754696e-15
-3.83026943495679e-14
4.6407322429331543e-14
4.0745185003743245e-14
-1.3433698597964394e-14
1.1879386363489175e-14
-3.3306690738754696e-15
2.4646951146678475e-14
1.4210854715202004e-14
4.241051954068098e-14
1.8984813721090177e-14
-3.630429290524262e-14
6.661338147750939e-16
-9.325873406851315e-15
3.164135620181696e-14
3.375077994860476e-14
-2.220446049250313e-14
1.687538997430238e-14
3.008704396734174e-14
-1.2434497875801753e-14
9.658940314238862e-15
1.6653345369377348e-15
-3.752553823233029e-14
