201
0.7398730972907503
0.7336347806482872
0.7278304995596032
0.7224472022044618
0.7174718480123259
0.7128915567075351
0.708693722095011
0.7048660973434855
0.7013968573181587
0.6982746425083043
0.6954885882697495
0.6930283424080587
0.6908840735641057
0.6890464723980234
0.6875067471806763
0.6862566150900044
0.6852882902525521
0.6845944693553774
0.6841683154863021
0.6840034407148691
0.6840938878133594
0.6844341114213063
0.6850189588797524
0.6858436508983146
0.6869037621641525
0.6881952019601606
0.6897141948217717
0.6914572612325653
0.6934211983322405
0.6956030605878083
0.6980001403597892
0.70060994827678
0.7034301933155831
0.7064587624687911
0.7096936998671233
0.7131331852057807
0.7167755113160177
0.7206190606995664
0.724662280832744
0.7289036580300745
0.7333416896362582
0.7379748543010939
0.7428015800673793
0.7478202099866686
0.7530289649511159
0.7584259034081304
0.7640088776049972
0.769775485981411
0.7757230213074313
0.7818484141424892
0.7881481711657321
0.7946183079124947
0.8012542754329266
0.8080508803809507
0.8150021980345559
0.8221014777558797
0.8293410404172261
0.8367121673469076
0.8442049804071727
0.8518083128841539
0.859509570978787
0.8672945858236687
0.8751474561330215
0.8830503818231827
0.8909834892302113
0.8989246489063354
0.9068492874112151
0.9147301950305388
0.922537331969475
0.9302376362810963
0.9377948376123586
0.9451692817787334
0.952317772208098
0.9591934354217924
0.9657456189061164
0.9719198309617504
0.9776577333297654
0.9828971985275686
0.9875724447987899
0.9916142622759951
0.9949503442494239
0.9975057371826124
0.9992034221524947
0.9999650385551997
0.999711758052539
0.9983653127010508
0.9958491759298318
0.992089888494331
0.987018513830096
0.9805721985658828
0.9726958046928204
0.963343570534939
0.9524807488749438
0.9400851631276728
0.9261486171569842
0.9106780920079536
0.8936966641933624
0.8752440857367033
0.8553769761058145
0.8341685903071825
0.8117081451136539
0.7880997056449022
0.7634606559443355
0.7379197982009733
0.711615144191997
0.6846914778803196
0.6572977786444306
0.6295845995853571
0.6017014944971586
0.5737945807034214
0.5460043137904542
0.5184635355005682
0.4912958389985326
0.46461427783385434
0.43852042752740816
0.41310379288661636
0.3884415407719577
0.3645985275882507
0.3416275834172918
0.3195700104425866
0.29845625177558655
0.2783066875988084
0.2591325181866365
0.24093669729854614
0.22371488421805275
0.2074563878735189
0.1921450816686602
0.17776027263169372
0.16427751304169955
0.1516693467050924
0.13990598548414124
0.12895591449914512
0.11878642666817332
0.10936408897158788
0.10065514405966013
0.09262585168820994
0.08524277495935528
0.0784730166018246
0.07228441056589824
0.06664567407049587
0.061526525024016676
0.056897769419181024
0.05273136294755338
0.04900045069863692
0.04567938842176757
0.04274374843883334
0.04017031295195944
0.037937057117348134
0.03602312397771073
0.03440879300377134
0.03307544381685104
0.03200551633268661
0.031182468445100364
0.030590732142019378
0.030215668803685154
0.03004352429546526
0.03006138434969089
0.03025713063094023
0.03061939779366487
0.03113753177052416
0.03180154946790977
0.03260209999623069
0.03353042751715717
0.0345783357634901
0.035738154249414865
0.03700270617477909
0.03836527800342264
0.039819590687259904
0.04135977248738006
0.04298033334957783
0.04467614077023199
0.04644239709569342
0.04827461819191246
0.050168613416865626
0.0521204668349947
0.054126519604532096
0.05618335347792339
0.05828777535067105
0.060436802799717165
0.06262765055462623
0.06485771784076771
0.06712457654935243
0.0694259601754185
0.0717597534815373
0.07412398283719225
0.07651680719502892
0.07893650965805317
0.08138148960445825
0.083850255330543
0.08634141717812703
0.08885368111705536
0.09138584274913776
0.09393678170926856
0.0965054564341773
0.09909089927789619
0.10169221194741779
0.10430856123976022
0.10693917505956778
0.109583338698297
0.11224039135848732
0.11490972290644987
