201
0.6516982571567979
0.6513438533875743
0.6509878997372834
0.6506305994990587
0.6502721326870753
0.6499126594806675
0.6495523230463891
0.6491912518693095
0.6488295616936668
0.6484673571495994
0.6481047331256585
0.64774177593368
0.6473785643030844
0.6470151702338469
0.6466516597319907
0.6462880934464879
0.6459245272233543
0.6455610125893759
0.6451975971763233
0.644834325093993
0.6444712372596758
0.6441083716897691
0.6437457637589417
0.6433834464309149
0.6430214504646307
0.6426598045989573
0.6422985357184667
0.6419376690026353
0.6415772280605004
0.6412172350522849
0.6408577107996378
0.6404986748857107
0.6401401457461011
0.6397821407517976
0.6394246762847668
0.6390677678072137
0.6387114299248531
0.6383556764450129
0.6380005204300441
0.6376459742463103
0.6372920496095006
0.636938757626299
0.6365861088328807
0.636234113230603
0.635882780318922
0.6355321191260237
0.6351821382371925
0.634832845821188
0.6344842496547858
0.6341363571455503
0.6337891753532359
0.6334427110095637
0.6330969705368179
0.632751960065136
0.6324076854487918
0.6320641522813246
0.6317213659098677
0.6313793314483813
0.6310380537903253
0.6306975376203091
0.6303577874252946
0.6300188075049327
0.6296806019813873
0.6293431748086648
0.6290065297812195
0.6286706705422788
0.6283356005915806
0.6280013232927397
0.6276678418801567
0.62733515946564
0.6270032790445901
0.6266722035019163
0.6263419356176358
0.6260124780721489
0.6256838334512853
0.6253560042510666
0.6250289928823083
0.6247028016748146
0.6243774328816069
0.6240528886827824
0.6237291711892036
0.6234062824460885
0.6230842244363839
0.6227629990839392
0.6224426082566494
0.6221230537693376
0.6218043373866275
0.6214864608255031
0.6211694257579982
0.6208532338135493
0.6205378865814188
0.6202233856128826
0.6199097324233924
0.6195969284946818
0.6192849752766515
0.6189738741893718
0.6186636266248253
0.6183542339486746
0.6180456975019506
0.6177380186026719
0.6174311985473632
0.617125238612581
0.6168201400563236
0.6165159041194476
0.6162125320269601
0.6159100249893308
0.6156083842036953
0.6153076108551129
0.6150077061176509
0.614708671155523
0.6144105071241834
0.6141132151713418
0.6138167964379688
0.613521252059291
0.6132265831657022
0.612932790883688
0.6126398763367082
0.612347840646057
0.6120566849316869
0.6117664103130123
0.6114770179096924
0.6111885088423955
0.6109008842335351
0.610614145207986
0.6103282928937899
0.610043328422809
0.609759252931424
0.6094760675611519
0.6091937734592889
0.608912371779523
0.6086318636825074
0.6083522503365106
0.6080735329178819
0.6077957126117254
0.6075187906123739
0.6072427681239262
0.606967646360791
0.6066934265482217
0.6064201099227461
0.6061476977327465
0.6058761912388826
0.6056055917145801
0.6053359004465307
0.6050671187350853
0.6047992478947951
0.6045322892547537
0.6042662441591353
0.6040011139675507
0.6037369000555101
0.6034736038148276
0.6032112266540561
0.6029497699988673
0.6026892352924978
0.6024296239960705
0.6021709375891109
0.6019131775698106
0.6016563454555175
0.6014004427830528
0.6011454711091281
0.6008914320107019
0.6006383270853908
0.6003861579517812
0.6001349262498814
0.5998846336413974
0.5996352818101658
0.5993868724625016
0.599139407327578
0.5988928881577037
0.598647316728804
0.5984026948407043
0.5981590243175019
0.597916307007925
0.597674544785697
0.5974337395498915
0.5971938932252726
0.5969550077626657
0.5967170851393098
0.5964801273592246
0.5962441364535291
0.5960091144808515
0.5957750635276295
0.5955419857085353
0.5953098831667674
0.5950787580744351
0.5948486126329537
0.5946194490733541
0.5943912696566696
0.594164076674296
0.5939378724483807
0.5937126593321462
0.593488439710308
0.5932652159993846
0.5930429906481511
0.5928217661379505
0.5926015449830999
0.5923823297312552
0.5921641229638122
0.5919469272962847
0.591730745378677
0.5915155798959071
0.5913014335681667
