201
0.2277248515870118
0.22982606782118234
0.23192450930766845
0.23402110404636525
0.23611667773040051
0.23821196887500679
0.24030764121110101
0.24240429392371912
0.24450247017302243
0.24660266423672106
0.24870532753524494
0.250810873744889
0.2529196831618364
0.2550321064454056
0.2571484678455647
0.2592690679970073
0.2613941863500654
0.26352408329249355
0.2656590020102497
0.2677991701230118
0.26994480112897234
0.27209609568353754
0.2742532427349066
0.27641642053596316
0.278585797547591
0.2807615332479545
0.28294377885844124
0.2851326779977976
0.2873283672710567
0.2895309768023513
0.2917406307173259
0.2939574475811449
0.2961815407961689
0.2984130189645472
0.300651986219049
0.30289854252517395
0.3051527839577396
0.30741480295448703
0.30968468854899395
0.311962526584436
0.3142483999107257
0.31654238856616984
0.3188445699446974
0.32115501895097065
0.3234738081432207
0.32580100786625765
0.3281366863737888
0.33048090994275753
0.33283374297888724
0.335195248115463
0.33756548630409794
0.339944516900455
0.34233239774317714
0.34472918522795454
0.34713493437629217
0.34954969889982324
0.3519735312602937
0.3544064827255754
0.3568486034220527
0.35929994238332086
0.3617605475960372
0.36423046604253256
0.36670974374069376
0.3691984257811207
0.37169655636232185
0.37420417882265844
0.3767213356711746
0.3792480686156591
0.3817844185891053
0.38433042577426113
0.3868861296266436
0.38945156889555416
0.39202678164393867
0.39461180526657136
0.39720667650685765
0.3998114314724855
0.4024261056495667
0.4050507339156162
0.40768535055154476
0.41032998925235614
0.4129846831367079
0.4156494647557185
0.4183243661003733
0.4210094186082102
0.4237046531691918
0.42641010013009745
0.42912578929858014
0.4318517499462901
0.4345880108105811
0.437334600096028
0.4400915454748366
0.44285887408606034
0.4456366125348654
0.44842478689011456
0.4512234226815182
0.45403254489606776
0.4568521779733748
0.45968234580056144
0.4625230717059591
0.46537437845219354
0.4682362882286597
0.47110882264263615
0.4739920027099742
0.4768858488449605
0.47979038084906067
0.4827056178989376
0.48563157853347105
0.4885682806404341
0.49151574144104326
0.4944739774749935
0.49744300458334434
0.5004228378913591
0.5034134917895807
0.5064149799142472
0.5094273151266951
0.5124505094916165
0.5154845742538194
0.5185295198145021
0.5215853557058753
0.5246520905644683
0.5277297321037361
0.5308182870846118
0.5339177612853353
0.5370281594695474
0.5401494853529131
0.5432817415686695
0.546424929630865
0.5495790498968478
0.5527441015275245
0.5559200824460703
0.5591069892948248
0.5623048173906242
0.565513560677485
0.5687332116783604
0.5719637614438096
0.5752051994990843
0.5784575137891379
0.5817206906205852
0.5849947146020994
0.588279568581894
0.5915752335825386
0.5948816887332903
0.5981989111994748
0.6015268761091843
0.6048655564764747
0.6082149231219128
0.6115749445896562
0.61494558706086
0.6183268142638315
0.6217185873805603
0.6251208649488853
0.6285336027612395
0.6319567537587865
0.6353902679214718
0.6388340921532607
0.642288170162582
0.6457524423385209
0.6492268456211241
0.6527113133662383
0.6562057752057182
0.6597101569005419
0.6632243801889517
0.6667483626274399
0.6702820174256242
0.6738252532739151
0.677377974164095
0.6809400792022868
0.6845114624143231
0.6880920125424781
0.6916816128340629
0.695280140820949
0.6988874680894008
0.7025034600408984
0.7061279756422116
0.7097608671647642
0.7134019799136562
0.7170511519442809
0.7207082137668324
0.7243729880390423
0.7280452892447196
0.7317249233588453
0.7354116874981411
0.7391053695570301
0.7428057478267386
0.7465125905990888
0.7502256557519618
0.7539446903177219
0.7576694300318989
0.7613995988628257
0.7651349085200649
0.7688750579417167
0.7726197327589607
0.7763686047368997
0.7801213311909578
0.783877554377328
0.7876369008561536
0.7913989808270863
0.7951633874345306
0.7989296960423425
0.8026974634764877
0.8064662272330861
