201
3.7969627442180354e-14
-8.404388296412435e-14
1.1102230246251565e-15
-2.653433028854124e-14
-7.993605777301127e-15
1.27675647831893e-14
-4.318767565791859e-14
2.6978419498391304e-14
-5.0182080713057076e-14
2.609024107869118e-14
-1.5543122344752192e-15
4.107825191113079e-15
2.4868995751603507e-14
4.3076653355456074e-14
-1.8207657603852567e-14
3.552713678800501e-15
-4.773959005888173e-15
1.0880185641326534e-14
-4.440892098500626e-15
-1.1435297153639112e-14
6.661338147750939e-16
-1.3433698597964394e-14
3.863576125695545e-14
-1.1213252548714081e-14
-9.103828801926284e-15
1.9206858326015208e-14
3.9968028886505635e-15
-1.0547118733938987e-14
1.5543122344752192e-15
-1.021405182655144e-14
1.9317880628477724e-14
1.3766765505351941e-14
1.509903313490213e-14
7.771561172376096e-15
9.547918011776346e-15
1.0103029524088925e-14
-1.1102230246251565e-15
-1.9095836023552692e-14
-2.0317081350640365e-14
3.397282455352979e-14
2.886579864025407e-15
-5.218048215738236e-15
1.1102230246251565e-14
-5.051514762044462e-14
-2.220446049250313e-14
-8.104628079763643e-15
-2.2093438190040615e-14
2.8754776337791554e-14
5.773159728050814e-15
6.439293542825908e-15
2.942091015256665e-14
-2.020605904817785e-14
3.697042672001771e-14
6.17284001691587e-14
8.215650382226158e-15
-1.5987211554602254e-14
1.709743457922741e-14
4.773959005888173e-14
2.375877272697835e-14
2.7977620220553945e-14
-1.1435297153639112e-14
1.6986412276764895e-14
-2.0872192862952943e-14
1.3766765505351941e-14
3.885780586188048e-14
3.3306690738754696e-16
6.661338147750939e-15
-2.5646151868841116e-14
-1.5432100042289676e-14
-1.3655743202889425e-14
8.992806499463768e-15
-1.7763568394002505e-15
-7.438494264988549e-15
1.3877787807814457e-14
-7.327471962526033e-15
1.9095836023552692e-14
-1.0480505352461478e-13
1.5654144647214707e-14
-7.66053886991358e-15
-1.3322676295501878e-14
1.4654943925052066e-14
1.0103029524088925e-14
-1.9206858326015208e-14
8.548717289613705e-15
-1.3988810110276972e-14
5.10702591327572e-15
3.885780586188048e-15
-5.384581669432009e-14
-3.885780586188048e-15
6.661338147750939e-15
1.7763568394002505e-15
1.0547118733938987e-14
2.1094237467877974e-15
-1.3877787807814457e-14
-7.438494264988549e-15
4.218847493575595e-15
-1.7763568394002505e-15
-6.661338147750939e-16
-8.326672684688674e-15
-1.5210055437364645e-14
1.0880185641326534e-14
-1.432187701766452e-14
4.440892098500626e-16
-5.551115123125783e-16
-4.440892098500626e-16
2.2648549702353193e-14
2.220446049250313e-16
-7.771561172376096e-16
1.7763568394002505e-15
-8.881784197001252e-16
1.1102230246251565e-15
-3.774758283725532e-15
7.771561172376096e-16
6.217248937900877e-15
-1.2656542480726785e-14
4.440892098500626e-15
-2.1094237467877974e-15
1.6653345369377348e-15
-4.884981308350689e-15
1.099120794378905e-14
4.440892098500626e-15
6.106226635438361e-15
1.304512053934559e-14
0.0
8.548717289613705e-15
-1.0103029524088925e-14
-6.106226635438361e-15
-3.885780586188048e-15
-1.4765966227514582e-14
-7.216449660063518e-15
-2.886579864025407e-15
-4.9404924595819466e-15
-2.3314683517128287e-15
-7.494005416219807e-15
5.88418203051333e-15
-7.882583474838611e-15
1.6653345369377348e-15
2.1094237467877974e-15
-3.552713678800501e-15
-7.549516567451064e-15
2.1649348980190553e-15
-1.1546319456101628e-14
-5.88418203051333e-15
1.609823385706477e-15
-4.052314039881821e-15
-6.2727600891321345e-15
-7.049916206369744e-15
9.43689570931383e-16
4.385380947269368e-15
-1.7208456881689926e-15
-1.634803403760543e-14
-5.467848396278896e-15
-3.7192471324942744e-15
-7.716050021144838e-15
-3.219646771412954e-15
7.382983113757291e-15
4.829470157119431e-15
-3.469446951953614e-15
-4.718447854656915e-15
1.7208456881689926e-15
5.495603971894525e-15
6.106226635438361e-16
9.325873406851315e-15
3.885780586188048e-16
-6.661338147750939e-16
5.079270337660091e-15
-6.5780714209040525e-15
-4.274358644806853e-15
-9.71445146547012e-16
-1.4988010832439613e-15
-7.605027718682322e-15
2.3037127760972e-15
-1.0547118733938987e-15
4.704570066849101e-15
-1.0533240946131173e-14
2.4702462297909733e-15
-3.913536161803677e-15
8.604228440844963e-16
0.0
-3.816391647148976e-15
-6.897260540483785e-15
5.079270337660091e-15
6.38378239159465e-16
2.8171909249863347e-15
2.3175905639050143e-15
-2.67841304690819e-15
-9.048317650695026e-15
-1.7208456881689926e-15
1.429412144204889e-15
3.0531133177191805e-16
1.7486012637846216e-15
-1.0130785099704553e-15
-2.498001805406602e-16
1.0130785099704553e-15
-2.5396351688300456e-15
-5.967448757360216e-16
8.187894806610529e-16
-4.0245584642661925e-16
1.6375789613221059e-15
9.853229343548264e-15
-9.853229343548264e-16
