201
-4.218847493575595e-15
-6.994405055138486e-15
-6.661338147750939e-15
3.6637359812630166e-15
-3.4416913763379853e-15
-5.88418203051333e-15
-5.662137425588298e-15
6.661338147750939e-16
-1.3988810110276972e-14
-1.4432899320127035e-14
-1.8318679906315083e-14
-7.549516567451064e-15
-3.552713678800501e-15
-7.549516567451064e-15
-5.995204332975845e-15
8.881784197001252e-16
2.220446049250313e-16
-7.438494264988549e-15
-2.220446049250313e-16
3.6637359812630166e-15
-1.887379141862766e-15
-3.219646771412954e-15
4.773959005888173e-15
-6.772360450213455e-15
-3.3306690738754696e-15
1.1102230246251565e-16
-2.886579864025407e-15
-1.1102230246251565e-16
1.1546319456101628e-14
8.881784197001252e-16
7.105427357601002e-15
6.772360450213455e-15
-2.7755575615628914e-15
7.438494264988549e-15
3.9968028886505635e-15
6.661338147750939e-16
4.884981308350689e-15
3.4416913763379853e-15
-2.4424906541753444e-15
1.9984014443252818e-15
9.43689570931383e-15
7.882583474838611e-15
1.4432899320127035e-15
2.3314683517128287e-15
1.2212453270876722e-14
2.220446049250313e-15
3.3306690738754696e-16
-5.218048215738236e-15
5.440092820663267e-15
-6.5503158452884236e-15
5.88418203051333e-15
4.9960036108132044e-15
2.886579864025407e-15
6.328271240363392e-15
9.992007221626409e-16
-7.771561172376096e-15
9.2148511043888e-15
8.881784197001252e-16
1.3322676295501878e-15
3.1086244689504383e-15
-2.3314683517128287e-15
-8.992806499463768e-15
-1.9095836023552692e-14
5.10702591327572e-15
9.992007221626409e-15
-2.220446049250313e-15
1.2212453270876722e-15
8.881784197001252e-16
8.881784197001252e-16
5.329070518200751e-15
-9.658940314238862e-15
-2.55351295663786e-15
-6.217248937900877e-15
-7.549516567451064e-15
-5.662137425588298e-15
5.329070518200751e-15
-2.220446049250313e-16
9.103828801926284e-15
1.9984014443252818e-15
3.3306690738754696e-16
7.66053886991358e-15
-1.887379141862766e-15
-5.329070518200751e-15
-5.218048215738236e-15
-4.218847493575595e-15
7.438494264988549e-15
-1.7430501486614958e-14
8.215650382226158e-15
7.771561172376096e-15
-9.43689570931383e-15
-1.0769163338864018e-14
8.215650382226158e-15
-4.107825191113079e-15
6.217248937900877e-15
-1.2878587085651816e-14
1.0325074129013956e-14
-6.661338147750939e-16
-3.552713678800501e-15
-1.887379141862766e-15
-1.9984014443252818e-15
-2.1094237467877974e-15
-5.218048215738236e-15
-4.884981308350689e-15
-2.1094237467877974e-15
-1.4432899320127035e-15
-9.880984919163893e-15
2.3869795029440866e-14
-1.6653345369377348e-15
-5.329070518200751e-15
-5.551115123125783e-15
-1.865174681370263e-14
-6.217248937900877e-15
2.886579864025407e-15
1.965094753586527e-14
2.886579864025407e-15
1.3322676295501878e-14
-6.106226635438361e-15
-8.43769498715119e-15
1.4654943925052066e-14
5.329070518200751e-15
3.219646771412954e-15
-2.9976021664879227e-15
-1.5987211554602254e-14
-8.104628079763643e-15
2.9976021664879227e-15
3.1086244689504383e-15
1.942890293094024e-14
1.865174681370263e-14
-2.3314683517128287e-15
-2.708944180085382e-14
-2.6645352591003757e-15
1.5210055437364645e-14
-6.661338147750939e-16
6.5503158452884236e-15
-9.992007221626409e-15
-1.2434497875801753e-14
-1.0436096431476471e-14
-3.4416913763379853e-15
7.105427357601002e-15
-1.5543122344752192e-15
4.701794509287538e-14
4.996003610813204e-16
-8.271161533457416e-15
1.8818280267396403e-14
-1.1657341758564144e-14
1.2212453270876722e-14
2.2593038551121936e-14
1.4765966227514582e-14
-1.63202784619898e-14
2.0261570199409107e-14
-2.6423307986078726e-14
-7.216449660063518e-16
-3.136380044566067e-14
3.191891195797325e-15
-3.885780586188048e-15
1.4682699500667695e-14
-1.9068080447937064e-14
-1.3961054534661343e-14
-3.552713678800501e-15
-5.551115123125783e-15
-8.28503932126523e-15
1.0241807402167069e-14
1.1796119636642288e-15
2.65898414397725e-14
1.534883331544279e-14
-8.708311849403572e-15
-1.0061396160665481e-15
-2.673555821175455e-14
-5.953570969552402e-15
6.647460359943125e-15
2.040034807748725e-15
-1.5716594692349872e-15
-2.5049406993105094e-15
4.881511861398735e-15
-5.4088677980956845e-15
1.3822276656583199e-14
-3.264749581788351e-15
6.602357549567728e-15
1.867950238931826e-14
1.0880185641326534e-14
1.7187640199978205e-14
-4.142519660632615e-15
-1.5612511283791264e-15
2.1663226767998367e-14
5.551115123125783e-17
1.3197776205231548e-14
-2.9976021664879227e-15
1.429412144204889e-15
-1.1976530878143876e-14
8.382183835919932e-15
4.385380947269368e-15
2.213507155346406e-14
1.942890293094024e-15
2.070565940925917e-14
8.271161533457416e-15
-6.300515664747763e-15
-2.3869795029440866e-14
1.609823385706477e-15
-8.659739592076221e-15
-6.328271240363392e-15
1.8041124150158794e-14
