201
0.7315820597578159
0.7413778456293946
0.7507182174822944
0.7596374187393291
0.7681660226402032
0.7763314330429201
0.7841583019047187
0.7916688797850144
0.7988833120296753
0.8058198905517365
0.8124952690427661
0.8189246478648915
0.8251219336451346
0.8310998776400003
0.8368701961883411
0.8424436759734495
0.8478302663443174
0.8530391605614258
0.8580788675244637
0.8629572752907719
0.8676817074833834
0.8722589735230106
0.8766954134739051
0.8809969381816033
0.8851690652793605
0.8892169515625505
0.8931454221578691
0.8969589968610288
0.9006619139616863
0.904258151837876
0.9077514485639463
0.9111453197449311
0.9144430747658027
0.9176478316198337
0.9207625304619186
0.9237899460145048
0.9267326989400377
0.9295932662809461
0.9323739910562443
0.935077091094602
0.9377046671747595
0.9402587105378191
0.9427411098268793
0.9451536575061108
0.9474980558045263
0.9497759222264631
0.9519887946646238
0.9541381361504242
0.9562253392712529
0.9582517302826061
0.9602185729388666
0.9621270720668309
0.9639783769009234
0.9657735841997981
0.9675137411605392
0.9691998481466075
0.9708328612429045
0.972413694651478
0.9739432229392909
0.9754222831489362
0.9768516767822607
0.9782321716658389
0.9795645037069172
0.9808493785469827
0.9820874731206489
0.9832794371258272
0.984425894411443
0.9855274442880699
0.9865846627669113
0.9875981037311453
0.9885683000449768
0.9894957646034248
0.9903809913273031
0.9912244561065158
0.9920266176950664
0.9927879185603959
0.9935087856904354
0.9941896313603158
0.994830853861501
0.995432838195492
0.9959959567341772
0.9965205698486007
0.9970070265083112
0.9974556648525432
0.9978668127351906
0.9982407882447202
0.998577900200579
0.9988784486273552
0.999142725207871
0.9993710137162355
0.9995635904320778
0.9997207245368123
0.9998426784929828
0.9999297084072883
0.9999820643784882
0.9999999908306376
0.999983726832455
0.999933506403547
0.9998495588080467
0.9997321088363822
0.9995813770755042
0.9993975801683106
0.9991809310627237
0.9989316392507495
0.9986499109981483
0.9983359495649553
0.9979899554173618
0.99761212643131
0.9972026580879921
0.9967617436619027
0.9962895744013021
0.9957863397018898
0.9952522272734919
0.9946874233004335
0.9940921125954104
0.9934664787475384
0.9928107042644512
0.9921249707088973
0.9914094588297995
0.9906643486881689
0.9898898197779575
0.9890860511420787
0.9882532214835187
0.9873915092721643
0.9865010928469655
0.9855821505138425
0.9846348606396099
0.983659401741582
0.9826559525735081
0.9816246922074923
0.9805658001124722
0.9794794562286905
0.9783658410390789
0.9772251356370382
0.9760575217908399
0.9748631820048577
0.9736422995777698
0.9723950586572692
0.9711216442925015
0.9698222424826579
0.9684970402234223
0.967146225550394
0.9657699875796346
0.9643685165457014
0.9629420038370281
0.9614906420289289
0.9600146249136724
0.9585141475285361
0.9569894061813712
0.955440598473597
0.9538679233213163
0.9522715809738939
0.9506517730303459
0.9490087024537959
0.9473425735837013
0.9456535921458911
0.9439419652609751
0.9422079014505449
0.9404516106412322
0.9386733041674458
0.9368731947717761
0.9350514966038906
0.9332084252176159
0.9313441975660377
0.9294590319956103
0.9275531482377044
0.925626767399441
0.9236801119522376
0.9217134057195197
0.9197268738623411
0.9177207428639385
0.9156952405127989
0.9136505958843508
0.9115870393212001
0.9095048024124732
0.9074041179711749
0.9052852200113767
0.9031483437231387
0.9009937254470926
0.8988216026475594
0.8966322138845461
0.8944257987851314
0.8922025980132133
0.8899628532389201
0.8877068071066705
0.8854347032026612
0.8831467860212296
0.8808433009307387
0.8785244941382134
0.876190612653799
0.8738419042541103
0.871478617445024
0.8691010014239855
0.8667093060414692
0.8643037817621966
0.8618846796254219
0.8594522512051375
0.8570067485696733
0.8545484242406347
0.8520775311520699
0.8495943226085555
