201
0.1605942261032776
0.1616101631963956
0.16273724294274144
0.16398562721735468
0.16536703197538158
0.16689501219345312
0.16858531266625884
0.17045630278667506
0.17252951933308647
0.1748303493875978
0.17738889679749903
0.1802410914674684
0.18343012341329137
0.18700831620264427
0.1910396023006447
0.19560283406561474
0.2007962717629936
0.20674375541965778
0.21360332637000787
0.22157947773311448
0.23094088625460832
0.24204659698736755
0.2553855306372173
0.2716374631295921
0.2917693650807688
0.31719101339936606
0.3500106416557332
0.3934555916949745
0.4525347354152812
0.5348808645815578
0.6506835101229475
0.8054295752386851
0.9626256189368936
0.9731259046459884
0.7239912885139435
0.4188850932123284
0.22373880977801938
0.12362144850182301
0.07491884007000016
0.051588868071090976
0.04084258233125828
0.03650295663727385
0.035500845744544256
0.036253988812020646
0.037918470191170846
0.04003181614568116
0.04233589090764538
0.044685483919463226
0.04699939953443435
0.0492334455203411
0.051365103366220854
0.05338462652039566
0.055289773669115055
0.05708264728447433
0.058767776786795636
0.06035095044319244
0.06183850420924547
0.06323689260283712
0.06455243506215133
0.06579117197885465
0.06695878929155567
0.06806058571335721
0.0691014661345447
0.07008595070797517
0.07101819292356937
0.07190200241291106
0.07274086979684072
0.07353799190666784
0.07429629636939727
0.07501846497481074
0.0757069555178778
0.07636402198492587
0.07699173306297177
0.07759198901738663
0.0781665370229937
0.07871698505312742
0.07924481444026091
0.07975139122318999
0.08023797639160865
0.08070573513397486
0.08115574518613937
0.08158900437116348
0.08200643741196453
0.08240890209126335
0.08279719482561111
0.0831720557135284
0.08353417311185274
0.08388418778804066
0.08422269669194311
0.08455025638525697
0.0848673861629482
0.08517457089764313
0.08547226363400141
0.08576088795772904
0.08604084016125052
0.08631249122525872
0.08657618863410152
0.08683225804029598
0.08708100479256117
0.08732271533983094
0.08755765852262254
0.08778608676202168
0.08800823715544236
0.08822433248734933
0.08843458216258723
0.0886391830688408
0.08883832037452881
0.08903216826737398
0.08922089063895232
0.08940464171946462
0.0895835666669131
0.08975780211456036
0.08992747667975348
0.09009271143748296
0.09025362036131383
0.09041031073424258
0.0905628835319099
0.09071143378024267
0.09085605088940323
0.09099681896601347
0.09113381710502677
0.09126711966296822
0.09139679651382834
0.09152291328879449
0.09164553160115294
0.09176470925720515
0.09188050045438016
0.09199295596729992
0.0921021233227337
0.09220804696406558
0.09231076840618029
0.09241032638126154
0.09250675697611821
0.09260009376171086
0.09269036791528874
0.09277760833562537
0.09286184175185072
0.0929430928262579
0.0930213842514441
0.0930967368422227
0.09316916962249316
0.09323869990755682
0.09330534338203178
0.0933691141736134
0.093430024923125
0.09348808685078712
0.09354330981922486
0.093595702393206
0.09364527189637151
0.09369202446512687
0.09373596509992467
0.0937770977139237
0.09381542517935869
0.09385094937160927
0.0938836712112721
0.09391359070405084
0.09394070697892128
0.093965018324466
0.09398652222350731
0.09400521538617136
0.09402109378147772
0.09403415266741476
0.09404438661979922
0.09405178955976043
0.09405635478006683
0.09405807497029386
0.09405694224093523
0.0940529481464733
0.09404608370746438
0.09403633943172869
0.09402370533469474
0.09400817095887168
0.09398972539254082
0.09396835728771438
0.09394405487744947
0.09391680599242054
0.0938865980768409
0.09385341820390622
0.09381725309051962
0.0937780891116256
0.09373591231387514
0.09369070842897646
0.09364246288646633
0.09359116082605248
0.09353678710964908
0.09347932633291427
0.09341876283644794
0.0933550807166918
0.09328826383643972
0.09321829583504346
0.09314516013843388
0.0930688399686538
0.09298931835335864
0.09290657813493648
0.09282060197940954
0.09273137238521072
0.09263887169163507
0.09254308208721339
0.09244398561783965
0.09234156419476192
0.09223579960242838
