201
0.720172261791692
0.7206174642179238
0.7210538676532524
0.7214816018121037
0.7219007948334267
0.7223115732941956
0.7227140622228563
0.7231083851129911
0.7234946639369364
0.7238730191594018
0.7242435697511785
0.7246064332030171
0.7249617255391589
0.7253095613313059
0.7256500537123357
0.7259833143900996
0.7263094536612746
0.7266285804251144
0.7269408021972871
0.7272462251236678
0.7275449539940076
0.7278370922558107
0.7281227420280295
0.7284020041146647
0.7286749780185874
0.7289417619549539
0.7292024528650252
0.7294571464295049
0.7297059370821021
0.7299489180230471
0.7301861812323751
0.7304178174832011
0.7306439163552256
0.7308645662476794
0.7310798543924972
0.7312898668676708
0.7314946886097913
0.731694403427305
0.7318890940132943
0.7320788419581854
0.7322637277624185
0.7324438308491699
0.7326192295768624
0.7327900012514096
0.7329562221388684
0.7331179674774284
0.7332753114898263
0.7334283273952036
0.7335770874212821
0.7337216628161715
0.7338621238601651
0.7339985398775075
0.7341309792479319
0.7342595094182153
0.7343841969136483
0.7345051073491776
0.7346223054408795
0.734735855016867
0.7348458190283573
0.7349522595606205
0.7350552378438412
0.7351548142636805
0.7352510483720528
0.7353439988975622
0.7354337237558454
0.735520280059981
0.7356037241306922
0.7356841115063226
0.7357614969529883
0.7358359344743621
0.735907477321513
0.7359761780026216
0.736042088292496
0.7361052592421213
0.7361657411880079
0.7362235837614821
0.7362788358979331
0.7363315458458884
0.7363817611757475
0.7364295287891157
0.7364748949271749
0.7365179051795877
0.736558604493103
0.7365970371799435
0.7366332469261553
0.7366672768000946
0.7366991692604687
0.7367289661644691
0.7367567087758802
0.7367824377728346
0.7368061932557526
0.7368280147549908
0.7368479412385666
0.7368660111197547
0.73688226226421
0.7368967319977557
0.7369094571134701
0.7369204738786944
0.7369298180425423
0.7369375248425476
0.7369436290116408
0.7369481647851729
0.7369511659075532
0.7369526656388826
0.7369526967616267
0.7369512915868394
0.7369484819611215
0.7369442992724747
0.7369387744567014
0.7369319380036825
0.7369238199633661
0.736914449951853
0.7369038571573102
0.7368920703456693
0.7368791178669237
0.7368650276602656
0.7368498272598252
0.7368335438008181
0.7368162040242034
0.7367978342826474
0.7367784605458576
0.7367581084054843
0.7367368030807835
0.7367145694235719
0.7366914319231239
0.7366674147115955
0.7366425415685469
0.7366168359260502
0.7365903208734168
0.7365630191619752
0.7365349532097802
0.7365061451063171
0.7364766166166097
0.7364463891864724
0.7364154839461484
0.7363839217152878
0.7363517230073195
0.7363189080326764
0.7362854967042887
0.7362515086410886
0.7362169631724941
0.7361818793415881
0.736146275910173
0.7361101713615937
0.7360735839061251
0.7360365314823876
0.7359990317646737
0.735961102160364
0.7359227598272894
0.735884021654372
0.7358449042893793
0.7358054241267262
0.7357655973183375
0.7357254397720545
0.735684967160254
0.7356441949189623
0.7356031382533907
0.7355618121397337
0.7355202313298369
0.7354784103533628
0.7354363635212781
0.7353941049281209
0.7353516484564814
0.7353090077788375
0.7352661963606403
0.7352232274635503
0.7351801141481498
0.7351368692763921
0.7350935055151993
0.7350500353383094
0.7350064710293057
0.7349628246845967
0.7349191082154342
0.7348753333512683
0.7348315116412898
0.7347876544579435
0.7347437729986884
0.7346998782888039
0.7346559811838631
0.7346120923715338
0.7345682223747432
0.7345243815534177
0.7344805801068994
0.7344368280761746
0.73439313534628
0.7343495116480661
0.7343059665608602
0.7342625095142488
0.7342191497901532
0.7341758965250887
0.7341327587120637
0.7340897452026703
0.7340468647089057
0.7340041258054223
0.7339615369309724
0.7339191063908403
0.7338768423582496
0.7338347528765118
0.7337928458607386
0.7337511290996463
0.7337096102571644
