201
0.07095054056733532
0.07946178232379503
0.08824304929564454
0.09726601144286282
0.10650467519850351
0.11593520805821192
0.12553577444480762
0.13528638232493007
0.14516874007175026
0.15516612307843317
0.16526324962585212
0.17544616551676992
0.18570213698588253
0.1960195514079034
0.20638782533001304
0.21679731937305524
0.2272392595489865
0.23770566457729034
0.2481892787791624
0.25868351016295144
0.26918237333103046
0.27968043685079524
0.2901727747648461
0.3006549219233345
0.3111228328513867
0.3215728438750163
0.3320016382566722
0.3424062140944623
0.3527838547781858
0.3631321017842629
0.3734487296317103
0.38373172281849144
0.3939792545777375
0.4041896673044174
0.4143614545182482
0.4244932442284835
0.4345837835926014
0.44463192475451324
0.4546366117657876
0.4645968685015812
0.47451178748057504
0.48438051952013256
0.49420226414952934
0.5039762607212975
0.5137017801565325
0.5233781172745615
0.5330045836519954
0.5425805009675014
0.5521051947927915
0.5615779887837558
0.5709981992445159
0.5803651300272628
0.5896780677392246
0.5989362772299265
0.6081389973340043
0.6172854368448673
0.6263747707028239
0.6354061363765806
0.6443786304155732
0.6532913051697061
0.6621431656513936
0.6709331665318323
0.6796602092579593
0.6883231392872828
0.6969207434165965
0.7054517472126758
0.7139148125265189
0.7223085350921902
0.7306314421957587
0.7388819904251189
0.7470585634782805
0.7551594700428957
0.7631829417362626
0.7711271311071657
0.7789901096988266
0.7867698661725648
0.7944643044916385
0.8020712421697089
0.8095884085814573
0.8170134433420462
0.8243438947567032
0.8315772183420398
0.838710775429284
0.8457418318464631
0.8526675566971438
0.8594850212236242
0.8661911977824008
0.8727829589242397
0.879257076592833
0.885610221455637
0.8918389623539873
0.8979397659268908
0.9039089963659603
0.9097429153499039
0.9154376821592216
0.9209893539809053
0.9263938864178625
0.9316471342216033
0.9367448522523097
0.9416826966912857
0.9464562265140232
0.9510609052446637
0.9554921030026791
0.9597450988631444
0.9638150835446371
0.9676971624430614
0.971386359028414
0.9748776186225161
0.9781658125750788
0.9812457428556127
0.9841121470794041
0.986759703984444
0.989183039376808
0.991376732560685
0.993335323269984
0.995053319116139
0.9965252035672749
0.9977454444724205
0.9987085031428858
0.9994088440020026
0.999840944813345
0.9999993074945388
0.9998784695234142
0.9994730159398788
0.9987775919453447
0.9977869160986206
0.996495794104733
0.9948991331898682
0.9929919570526684
0.990769421378715
0.9882268299016641
0.9853596509901112
0.9821635347361903
0.9786343305170577
0.9747681049970758
0.9705611605326359
0.9660100539392299
0.9611116155738074
0.9558629686824318
0.9502615489574096
0.9443051242447981
0.9379918143379324
0.9313201107886335
0.9242888966625613
0.9168974661639986
0.9091455440476623
0.9010333047357513
0.892561391052531
0.8837309324870044
0.8745435628940265
0.8650014375397344
0.8551072493966316
0.8448642445969701
0.8342762369473372
0.8233476214141275
0.812083386487289
0.8004891253340997
0.788571045657877
0.7763359781796662
0.7637913836686465
0.7509453584465775
0.7378066383063749
0.7243846007846395
0.7106892657408278
0.6967312942003923
0.682521985432946
0.6680732722412921
0.6533977144510509
0.6385084905981144
0.6234193878262273
0.6081447900118556
0.5926996641505621
0.5770995450435551
0.561360518342876
0.5454992020148502
0.5295327262916537
0.5134787122050634
0.4973552487818352
0.48118086900473567
0.46497452464954697
0.44875556010347
0.4325436852877773
0.4163589478021633
0.4002217044157318
0.3841525920302087
0.36817249823717296
0.3523025315933487
0.33656399173432033
0.3209783394378027
0.305567166751347
0.2903521672786104
0.2753551067249578
0.2605977937759439
0.24610205138825048
0.23188968854514458
0.21798247252493105
0.20440210171152412
0.19117017895916583
0.17830818551250652
0.16583745546092785
0.15377915068937215
