201
5.68295410730002e-15
8.895661984809067e-15
1.27675647831893e-15
4.510281037539698e-16
3.649858193455202e-15
8.81239525796218e-16
-2.7269853042355408e-15
-5.960509863456309e-15
2.42861286636753e-16
4.676814491233472e-15
6.085409953726639e-15
-2.9837243786801082e-15
-7.494005416219807e-16
-6.480926906249351e-15
1.3773704399255848e-15
3.230055112268815e-15
2.6922908347160046e-15
-8.1601392309949e-15
3.462508058049707e-15
-9.783840404509192e-16
-1.5959455978986625e-15
3.112093915902392e-15
-1.4710455076283324e-15
1.0755285551056204e-16
2.1996293675385914e-15
1.8318679906315083e-15
2.435551760271437e-15
-7.670947210769441e-15
3.788636071533347e-15
2.751271432899216e-15
-7.306655280814311e-15
2.751271432899216e-15
-4.31946145518225e-15
-1.7104373473131318e-15
-4.288236432614667e-15
-4.288236432614667e-15
-1.4363510381087963e-15
-3.0253577421035516e-15
7.4593109467002705e-16
-6.175615574477433e-16
-1.5230872119076366e-15
1.3461454173580023e-15
1.3877787807814457e-16
1.033895191682177e-15
2.310651670001107e-15
2.96637714392034e-15
-3.101685575046531e-15
2.5396351688300456e-15
4.649058915617843e-16
-8.760353553682876e-16
-2.2169766022983595e-15
1.5439038936193583e-15
3.365363543395006e-16
1.2975731600306517e-15
5.564992910933597e-15
2.185751579730777e-15
2.14064876935538e-15
-5.081005061136068e-15
-7.322267792098103e-15
7.152264891452376e-15
-2.501471252358556e-15
1.7520707107365752e-15
4.1945613649119196e-15
8.494940861858424e-15
-4.49293380277993e-15
-2.536165721878092e-15
4.996003610813204e-16
2.2898349882893854e-15
-1.5872719805187785e-15
-3.112093915902392e-15
1.7555401576885288e-15
7.547781843975088e-15
-9.905271047827569e-16
-1.6479873021779667e-16
-1.1258355359089478e-15
2.5500435096859064e-16
3.767819389821625e-15
7.887787645266542e-15
-1.627170620466245e-15
-3.7643499428696714e-15
1.824929096727601e-15
1.835337437583462e-15
6.522560269672795e-16
-6.5503158452884236e-15
-1.259409243559162e-15
7.667477763817487e-16
2.7269853042355408e-15
3.282096816548119e-15
1.0113437864944785e-15
-2.7269853042355408e-15
4.3211961786582265e-15
-1.4155343563970746e-15
-2.2620794126737565e-15
8.723924360687363e-15
-5.759281940243e-16
-7.070732888081466e-15
2.4077961846558082e-15
2.501471252358556e-15
3.337607967779377e-15
-8.552186736565659e-16
3.767819389821625e-15
-1.4710455076283324e-15
6.493069970581189e-15
-2.168404344971009e-15
-1.3877787807814457e-17
1.2888995426507677e-15
-1.942890293094024e-16
-2.1718737919229625e-15
-6.8486882831564344e-15
-8.89913143176102e-15
-9.669348655094723e-15
-8.3995310706797e-15
-3.4382219293860317e-15
1.8769708010069053e-15
-4.2500725161431774e-16
1.0286910212542466e-14
-1.0148132334464322e-15
-5.233660727022027e-15
-3.953434801751143e-15
3.568326190084292e-15
-5.368969158148218e-15
-1.582067810090848e-15
2.8345381597461028e-15
-6.977057820378718e-15
-2.2863655413374318e-15
-3.677613769070831e-16
-4.701100619897147e-15
4.208439152719734e-15
7.237266341775239e-15
2.876171523169546e-15
-6.432354648922001e-15
3.7921055184853e-15
-4.413136522884997e-15
-6.564193633096238e-15
-3.5284275501368256e-15
-4.9439619065339e-15
-2.609024107869118e-15
1.837419105754634e-14
1.429412144204889e-15
7.355227538141662e-16
-2.1975476993674192e-14
-1.128958038165706e-14
-9.76302372279747e-15
2.6704333189186968e-14
4.423544863740858e-15
-2.5743296383495817e-15
1.1553258350005535e-14
6.05765437811101e-15
5.551115123125783e-16
-6.265821195228227e-15
-1.4502288259166107e-15
6.494804694057166e-15
8.007483565108942e-15
-6.938893903907228e-15
1.817990202823694e-15
1.0408340855860843e-16
-8.743006318923108e-16
-6.356026815979021e-15
1.4016565685892601e-15
-3.5388358909926865e-16
-2.7547408798511697e-15
1.3877787807814457e-17
1.8318679906315083e-15
6.522560269672795e-16
-7.494005416219807e-15
2.220446049250313e-15
-9.43689570931383e-16
3.747002708109903e-15
5.960509863456309e-15
2.5743296383495817e-15
8.604228440844963e-16
3.094746681142624e-15
-1.3739009929736312e-15
-1.0408340855860843e-15
-7.438494264988549e-15
3.4555691641457997e-15
-5.703770789011742e-15
8.187894806610529e-16
3.0531133177191805e-15
9.71445146547012e-17
4.496403249731884e-15
1.2281842209915794e-14
2.2065682614424986e-15
-8.0629947163402e-15
-9.83935155574045e-15
-4.163336342344337e-16
6.38378239159465e-15
-1.429412144204889e-15
9.076073226310655e-15
-5.551115123125783e-15
1.0547118733938987e-15
-3.3306690738754696e-15
-1.379452108096757e-14
-1.6653345369377348e-14
4.163336342344337e-16
-2.5118795932144167e-15
-5.800915303666443e-15
-6.938893903907228e-17
-1.5654144647214707e-14
-6.286637876939949e-15
-5.009881398621019e-15
