201
0.7253314238081435
0.7166986472652528
0.7070002395048502
0.6960867328858645
0.6837813482382209
0.6698746768557983
0.6541184319565134
0.6362183001721113
0.6158261351578886
0.592532161545013
0.565858675150975
0.5352582409715055
0.5001221131843546
0.45980931691504273
0.413714577815967
0.36140491104655803
0.3028691495021307
0.23893439804597016
0.17188438825074442
0.10621459094785825
0.04920826653058749
0.01063609459656962
0.0007235009019885126
0.026331453988221277
0.08719945459385355
0.17520574895729168
0.2776309768444328
0.38201281750767885
0.4794283175222574
0.5651928689404546
0.637923246166226
0.6982059446872639
0.7475341897644044
0.7876536903124557
0.8202300135137438
0.8467136183228406
0.8683087681388684
0.8859895782029393
0.9005330787857196
0.9125549480823264
0.9225419414544069
0.9308791297673824
0.9378718796380413
0.9437632082669599
0.9487473272200936
0.9529801528302771
0.956587447677036
0.959671130894163
0.9623141799033252
0.9645844502736388
0.96653766406254
0.9682197576598545
0.9696687347140387
0.9709161351674902
0.9719882052482675
0.9729068334474766
0.973690302504737
0.9743538960189732
0.9749103896219784
0.9753704500284935
0.9757429601746052
0.976035284741758
0.9762534873231032
0.9764025081361887
0.9764863093151077
0.9765079933942232
0.9764698994146075
0.9763736801910127
0.9762203635177348
0.9760103995282414
0.9757436958839316
0.9754196421106353
0.9750371240147241
0.9745945288286681
0.9740897414667966
0.973520132012499
0.9728825343372741
0.9721732155088103
0.9713878354041451
0.9705213957042956
0.9695681771520492
0.9685216636544105
0.9673744514610799
0.9661181412376767
0.9647432103930645
0.9632388624082073
0.9615928493519329
0.9597912628723112
0.9578182880618924
0.9556559135555294
0.9532835896466516
0.9506778251166941
0.9478117109232134
0.9446543574153031
0.9411702287888868
0.9373183557668893
0.9330514042972348
0.9283145746605017
0.9230443018213699
0.9171667249023128
0.9105958914826928
0.9032316626174498
0.8949572886018017
0.8856366368208266
0.8751110759702151
0.863196062822685
0.8496775490003037
0.8343084412828494
0.8168055306552744
0.7968475797959592
0.7740756571153962
0.7480973554020655
0.7184972410179642
0.6848566929729839
0.6467870345697901
0.603980139121298
0.5562797886979147
0.5037739138898505
0.4469012603442254
0.38655548386004107
0.32415674369772995
0.26165085253010356
0.20139804598687522
0.14593625502316698
0.09764729665947354
0.058402308171943015
0.02928689218416705
0.010486230227429338
0.001352385762570899
0.0006121215069565609
0.006637018915361483
0.017699752692940576
0.032168478267799734
0.048624477003526886
0.065911976625362
0.08313965606615081
0.09965396494499418
0.11500004638511163
0.1288805693511332
0.14111812127520404
0.1516235731782388
0.16037088870615493
0.16737785153815232
0.1726917827681859
0.1763792476524805
0.17851883854402362
0.17919626828119303
0.17850116360884588
0.17652508761037355
0.1733604354154258
0.16909993815859464
0.16383657915966143
0.1576637775152724
0.1506757315538816
0.14296784129261642
0.1346371479238006
0.12578274161069203
0.11650609823179103
0.10691131250491506
0.09710520019764979
0.08719724668056492
0.0772993835695621
0.06752558006982284
0.057991241209314016
0.04881241164204256
0.04010479110388243
0.03198257582013143
0.024557148915405648
0.01793565173048563
0.012219476373631815
0.007502727195165517
0.003870704515672474
0.0013984672482280996
0.00014953153697873714
0.00017475984649400035
0.0015114890327478977
0.004182936970863294
0.008197915798378164
0.013550866464834055
0.020222214956851687
0.028179036294991775
0.03737599915288632
0.047756552619153216
0.05925430790138433
0.07179456209617244
0.08529590868654993
0.09967188007966854
0.11483257090912197
0.13068619650215813
0.1471405482071484
0.1641043155568067
0.18148825384550174
0.19920618410450236
0.2171758201842555
0.23531942441144607
0.2535642988518606
0.27184312354196427
0.2900941561133137
0.30826130917635086
0.32629412273588637
0.34414764900461486
