201
0.013613648656605666
0.014375583212253254
0.015943069446765285
0.01864292500921033
0.022955252569590818
0.02959826756338372
0.03966746066245313
0.054867242198381516
0.07789855207601494
0.1130964298794101
0.16740272925743221
0.25149273872917677
0.37954454936614757
0.5618985432961999
0.7797239109080996
0.9546773825986918
0.9960089944565813
0.9088560418071598
0.7702419990502136
0.6368934695019501
0.5276392359583424
0.44277247426831745
0.3775391688548272
0.32704504411655666
0.2874183100640498
0.25582411703624885
0.230232173931089
0.20918908071172324
0.1916452507639008
0.17683306673136168
0.16418319610897442
0.15326733155169064
0.1437587872346375
0.13540510589066573
0.12800878248588826
0.12141352352248344
0.11549432465463896
0.11015021442979661
0.10529888292967127
0.1008726594481557
0.09681546724073785
0.09308049406716422
0.0896283928569322
0.08642587907000257
0.08344462783000092
0.08066039969850947
0.07805234237390474
0.07560242887971513
0.07329500248186721
0.07111640568525199
0.06905467593417736
0.06709929458615771
0.06524097870234098
0.06347150745775212
0.06178357670400521
0.0601706765494877
0.05862698785687153
0.0571472943638476
0.0557269077685007
0.0543616036203647
0.05304756625735789
0.051781341345769984
0.050559794836018294
0.04938007735263861
0.04823959320371256
0.04713597333065211
0.046067051630295876
0.045030844172369494
0.04402553091037125
0.043049439546191094
0.0421010312603254
0.04117888806225871
0.04028170155211079
0.03940826291413209
0.03855745398846239
0.03772823928888196
0.0369196588522376
0.0361308218208974
0.03536090067253957
0.034609126022829874
0.033874781936039884
0.033157201687026086
0.032455763924969315
0.03176988919537478
0.031099036782153325
0.03044270183613932
0.02980041276030773
0.02917172882559093
0.02855623799390017
0.027953554927935255
0.027363319169377114
0.026785193469141547
0.026218862255300325
0.025664030225605414
0.02512042105308069
0.0245877761942759
0.024065853790910915
0.023554427656472754
0.023053286340372053
0.022562232262809588
0.02208108091422676
0.021609660113925046
0.02114780932275262
0.020695379005494504
0.02025223003870427
0.01981823316046392
0.01939326845853983
0.01897722489395876
0.01856999985723346
0.018171498754594118
0.017781634622070077
0.017400327765137547
0.017027505422132383
0.016663101449571942
0.016307056027810247
0.015959315385548126
0.015619831541772456
0.015288562063960537
0.014965469841333767
0.014650522872099668
0.01434369406378789
0.014044961045658395
0.013754305992464234
0.013471715458713592
0.013197180222825962
0.012930695140383664
0.012672259006053843
0.012421874423439477
0.012179547682477754
0.011945288643825559
0.011719110629831619
0.011501030321615856
0.011291067661961054
0.01108924576356587
0.01089559082238964
0.010710132035737441
0.010532901524810658
0.010363934261450167
0.010203267998844794
0.010050943205872269
0.009907003004993926
0.00977149311338433
0.009644461787135919
0.009525959768364477
0.00941604023504216
0.009314758753408665
0.009222173232748073
0.009138343882482317
0.009063333171393639
0.008997205788828703
0.00894002860784713
0.008891870650110108
0.00885280305244966
0.008822899035052092
0.008802233871074868
0.008790884857671995
0.008788931288375186
0.008796454426635994
0.008813537480550028
0.00884026557867966
0.008876725746858426
0.008923006885977289
0.008979199750630508
0.009045396928576043
0.0091216928210261
0.009208183623572092
0.009304967307839664
0.009412143603712984
0.009529813982169302
0.009658081638597583
0.009797051476604894
0.009946830092276556
0.010107525758798332
0.010279248411474871
0.010462109633036044
0.010656222639212612
0.010861702264643797
0.011078664948844576
0.011307228722518284
0.01154751319390514
0.01179963953527308
0.012063730469513739
0.012339910256798096
0.012628304681204055
0.012929041037402146
0.013242248117290563
0.013568056196552724
0.013906597021175332
0.014258003793802662
0.014622411160020657
0.014999955194409888
0.015390773386447027
0.01579500462623063
0.016212789189905086
0.016644268724858878
0.017089586234652804
0.017548886063656757
0.018022313881282073
0.018510016665927116
0.019012142688596863
0.01952884149598409
