201
0.665920678585888
0.6603810758311659
0.6548432630612377
0.6493071841052447
0.6437729101867978
0.6382406228082478
0.6327105992102054
0.6271831999172541
0.6216588579894857
0.6161380696825695
0.6106213862801485
0.6051094069059902
0.5996027721664001
0.5941021584955691
0.5886082731022189
0.5831218494351403
0.5776436430948927
0.5721744281363506
0.5667149937117033
0.5612661410126276
0.5558286804789956
0.5504034292417586
0.5449912087774463
0.5395928427511615
0.5342091550305399
0.5288409678534515
0.5234891001375457
0.5181543659177348
0.5128375729030276
0.5075395211404287
0.502261001782285
0.49700279594574376
0.49176567366060975
0.48655039289881624
0.48135769868064004
0.47618832225369023
0.47104298033931497
0.46592237444420204
0.4608271902326763
0.4557580969568869
0.4507157469420454
0.44570077512396866
0.4407137986368498
0.435755416448077
0.43082620903828406
0.42592673812504156
0.42105754642766463
0.41621915747138727
0.41141207542894237
0.40663678499814504
0.4018937513135273
0.3971834198910517
0.3925062166032725
0.3878625476839477
0.38325279976159043
0.37867733991900215
0.3741365157779942
0.36963065560874964
0.3651600684610671
0.3607250443179246
0.3563258542681314
0.35196275069879496
0.347635967505322
0.34334572031788435
0.339092206743633
0.33487560662352317
0.3306960823018594
0.3265537789092983
0.3224488246562974
0.3183813311374565
0.3143513936453676
0.3103590914930014
0.30640448834368494
0.30248763254831357
0.2986085574881078
0.29476728192326695
0.29096381034592333
0.287198133336531
0.28347022792401955
0.2797800579479925
0.27612757442271774
0.2725127159024607
0.2689354088476203
0.2653955679903959
0.26189309670040944
0.2584278873492398
0.2549998216736936
0.2516087711365127
0.24825459728575622
0.2449371521107949
0.2416562783951714
0.23841181006645537
0.23520357254200927
0.23203138307087887
0.22889505107069597
0.225794378461164
0.22272915999143808
0.21969918356301615
0.21670423054727192
0.21374407609739715
0.21081848945496892
0.20792723425008933
0.20507006879622497
0.20224674637869874
0.19945701553674605
0.19670062034017075
0.1939773006584543
0.19128679242430702
0.1886288278906989
0.18600313588074666
0.18340944203202797
0.1808474690335185
0.17831693685617567
0.17581756297743467
0.17334906259822963
0.1709111488544209
0.1685035330208892
0.16612592470956236
0.16377803206094488
0.16145956192893
0.1591702200594874
0.15690971126306266
0.15467773958006015
0.15247400844110054
0.1502982208198972
0.14815007938124997
0.14602928662159553
0.14393554500487804
0.14186855709151225
0.13982802566168415
0.13781365383330374
0.13582514517327274
0.13386220380398692
0.1319245345033842
0.13001184280002365
0.12812383506219976
0.12626021858162456
0.12442070165181353
0.12260499364099889
0.12081280505941215
0.11904384762157122
0.11729783430319808
0.11557447939241154
0.11387349853619888
0.11219460878115087
0.11053752860927324
0.10890197796787403
0.1072876782951375
0.10569435253898249
0.10412172517161375
0.10256952219797585
0.10103747115888957
0.09952530112830016
0.09803274270480494
0.09655952799749541
0.09510539060529297
0.09367006559048867
0.09225328944528582
0.0908548000523729
0.0894743366378921
0.08811163971752511
0.08676645103496
0.08543851349243442
0.08412757107303252
0.08283336875406849
0.08155565241126532
0.08029416871315201
0.07904866500499093
0.07781888918137873
0.07660458954740071
0.07540551466635421
0.07422141319463271
0.07305203370108175
0.0718971244711778
0.07075643329360008
0.06962970722858833
0.068516692356176
0.06741713350273691
0.06633077394374405
0.06525735508102568
0.06419661609207544
0.06314829354859733
0.06211212100219374
0.06108782853355146
0.06007514226202711
0.059073783812146445
0.058083469732699726
0.0571039108644799
0.056134811651771185
0.05517586939265994
0.05422677342278937
0.05328720422704721
0.05235683247325182
0.05143531796196762
0.05052230848665105
0.04961743859887997
0.048720328273767495
0.04783058147292235
0.046947784603922266
0.046071504879335166
0.04520128858349158
