201
-6.938893903907228e-15
-2.275957200481571e-15
2.6645352591003757e-15
6.300515664747763e-15
-2.7755575615628914e-17
-1.5265566588595902e-15
-2.4841240175987878e-15
8.520961713998076e-15
-1.9012569296705806e-15
1.1102230246251565e-16
-1.4391265956703592e-14
-5.287437154777308e-15
-1.1435297153639112e-14
1.0547118733938987e-15
-4.3298697960381105e-15
-4.163336342344337e-16
3.094746681142624e-15
-4.08006961549745e-15
1.6930901125533637e-15
-2.7131075164277263e-15
3.3306690738754696e-16
-1.0547118733938987e-15
6.522560269672795e-16
-6.342149028171207e-15
1.033895191682177e-15
-3.552713678800501e-15
-7.271960811294775e-15
-3.4833247397614286e-15
7.778500066280003e-15
-1.2975731600306517e-15
-3.0704605524789486e-15
-7.632783294297951e-16
3.0080105073437835e-15
4.270889197854899e-15
-7.858297346174936e-15
4.822531263215524e-16
5.689893001203927e-15
1.8283985436795547e-15
-2.366162821232365e-15
-1.0842021724855044e-15
2.9282132274488504e-15
2.229119666630197e-15
-8.470654733194749e-15
-3.398323289438565e-15
8.86096751528953e-15
1.682681771697503e-16
9.310260895567524e-15
-5.502542865798432e-15
-9.141992718397773e-16
3.630776235219457e-15
-2.6463206626026192e-15
3.2231162183649076e-15
-6.291842047367879e-15
3.2491370705045597e-15
-1.9177368026923602e-15
-9.173217740965356e-15
-4.285634347400702e-15
-1.2576745200831851e-16
4.151193278012499e-15
-1.3183898417423734e-16
6.382915029856662e-15
-1.0236603231739139e-14
-5.810456282784315e-15
1.5994150448506161e-15
-6.418476861114186e-16
1.1570605584765303e-15
-1.0633854907737827e-15
-1.9307472287621863e-15
-4.512015761015675e-15
-1.1136924715771102e-15
1.0061396160665481e-16
-1.0477729794899915e-14
-2.1187912535580722e-14
-1.2906342661267445e-15
1.8110513089197866e-15
-3.119032809806299e-15
-3.3584246494910985e-15
-2.1441182163073336e-15
2.4216739724636227e-15
5.800915303666443e-15
7.424616477180734e-15
-4.9682480351975755e-15
8.652800698172314e-15
-3.5388358909926865e-16
-2.942091015256665e-15
4.85722573273506e-15
-2.896294315490877e-14
3.0059288391726113e-14
1.341982081015658e-14
-3.7192471324942744e-15
-5.093148125467906e-15
8.326672684688674e-15
3.885780586188048e-15
7.147060721024445e-15
-4.3021142204224816e-14
1.0352829704629585e-14
1.8096635301390052e-14
1.0269562977782698e-15
-1.174060848541103e-14
2.6895152771544417e-14
-5.190292640122607e-15
1.3183898417423734e-14
-3.6165515027164474e-14
-2.0844437287337314e-14
2.0650148258027912e-14
2.3703261575747092e-14
2.142730437526552e-14
3.11972669919669e-14
-6.128431095930864e-14
1.2989609388114332e-14
-2.5146551507759796e-14
3.697042672001771e-14
-2.4980018054066022e-14
1.2823075934420558e-14
-9.803269307440132e-14
1.7763568394002505e-14
-1.021405182655144e-14
-7.427392034742297e-14
-4.5852210917018965e-14
6.8833827526759706e-15
-7.882583474838611e-15
3.708144902248023e-14
-7.882583474838611e-14
-1.6764367671839864e-14
-1.3233858453531866e-13
-3.6637359812630166e-15
7.316369732279782e-14
8.282263763703668e-14
-3.419486915845482e-14
-1.0413891970983968e-13
8.315570454442422e-14
7.904787935331115e-14
4.529709940470639e-14
3.3306690738754696e-16
1.035838081975271e-13
-4.318767565791859e-14
-1.5315526624704034e-13
-2.0039525594484076e-14
-6.661338147750939e-16
7.16093850883226e-14
-6.772360450213455e-15
-2.5979218776228663e-14
3.1530333899354446e-14
5.573319583618286e-14
3.175237850427948e-14
1.8207657603852567e-14
2.5757174171303632e-14
-9.2148511043888e-15
2.6423307986078726e-14
-4.773959005888173e-15
-8.237854842718662e-14
-1.1435297153639112e-14
-3.5416114485542494e-14
3.042011087472929e-14
5.706546346573305e-14
-1.2545520178264269e-14
9.880984919163893e-15
-6.217248937900877e-15
2.2315482794965646e-14
-2.6367796834847468e-14
-4.4575454438700035e-14
1.304512053934559e-14
-4.135580766728708e-14
3.785860513971784e-14
-5.090372567906343e-14
-3.236300116782331e-14
-4.6074255521944e-15
-2.886579864025407e-15
2.4313884239290928e-14
1.432187701766452e-14
2.6478819137309983e-14
-6.661338147750939e-16
-8.049116928532385e-15
-6.38378239159465e-16
-7.049916206369744e-15
3.497202527569243e-15
-5.984102102729594e-14
1.765254609153999e-14
-1.0519363158323358e-14
5.440092820663267e-15
6.379619055252306e-14
5.773159728050814e-14
2.3023249973164184e-14
4.9085735476239734e-14
-3.322342401190781e-14
1.0891287871572786e-13
-4.85722573273506e-15
5.1236792586450974e-14
-2.964295475749168e-14
-1.6553425297161084e-13
5.9396931817445875e-15
3.907985046680551e-14
3.097522238704187e-14
3.297362383136715e-13
-1.0613732115416497e-13
2.4202861936828413e-14
3.219646771412954e-15
-2.708944180085382e-14
-4.9960036108132044e-14
-1.9984014443252818e-14
-1.1646239528317892e-13
