201
0.8979284199560176
0.8963479312794157
0.8947449087535471
0.8931194254829519
0.8914715497333685
0.8898013452977933
0.8881088718392649
0.8863941852121333
0.8846573377631795
0.8828983786144243
0.8811173539285911
0.8793143071587181
0.8774892792830231
0.8756423090259312
0.8737734330661837
0.8718826862333072
0.869970101692796
0.868035711120909
0.8660795448699588
0.8641016321244398
0.8621020010488335
0.8600806789275606
0.8580376922973233
0.8559730670730591
0.853886828666764
0.8517790021008427
0.8496496121155299
0.8474986832708515
0.8453262400438876
0.8431323069211043
0.8409169084861764
0.8386800695040294
0.8364218150005082
0.8341421703386092
0.8318411612911027
0.8295188141100223
0.8271751555927338
0.8248102131456073
0.822424014844154
0.8200165894912396
0.8175879666724717
0.8151381768090974
0.8126672512091824
0.8101752221159689
0.8076621227548653
0.8051279873781273
0.8025728513077879
0.7999967509770741
0.7973997239698696
0.7947818090588674
0.7921430462421774
0.7894834767783239
0.7868031432202215
0.7841020894475227
0.7813803606979752
0.7786380035976588
0.7758750661896674
0.7730915979622777
0.770287649875764
0.7674632743882062
0.7646185254806596
0.7617534586810011
0.7588681310873563
0.7559626013903251
0.7530369298945838
0.7500911785398913
0.747125410921093
0.7441396923075656
0.74113408966199
0.7381086716585717
0.7350635087003448
0.7319986729363668
0.7289142382780195
0.7258102804147248
0.7226868768294414
0.7195441068134276
0.7163820514806272
0.7132007937815704
0.7100004185170845
0.7067810123508708
0.7035426638226976
0.7002854633604726
0.6970095032923017
0.6937148778580171
0.6904016832204338
0.6870700174766642
0.6837199806682968
0.680351674792348
0.6769652038109424
0.6735606736616626
0.6701381922669223
0.6666978695436423
0.6632398174124889
0.6597641498066191
0.656270982681349
0.6527604340219547
0.6492326238530335
0.6456876742466205
0.642125709330525
0.6385468552967208
0.6349512404092114
0.6313389950125212
0.6277102515391378
0.6240651445178047
0.6204038105813495
0.6167263884743184
0.6130330190609936
0.6093238453330005
0.605599012417442
0.6018586675841711
0.5981029602541126
0.5943320420068343
0.5905460665886241
0.5867451899201398
0.5829295701049855
0.579099367437036
0.5752547444094606
0.571395865722345
0.5675228982913288
0.5636360112563114
0.5597353759897747
0.5558211661054991
0.5518935574680615
0.5479527282012313
0.5439988586976108
0.5400321316280875
0.5360527319512449
0.532060846923331
0.5280566661083481
0.5240403813881631
0.5200121869731049
0.5159722794125696
0.5119208576061158
0.5078581228145326
0.5037842786716121
0.4996995311955493
0.49560408880130186
0.4914981623126734
0.48738196497517594
0.48325571246891713
0.47911962292184596
0.4749739169233909
0.47081881753832877
0.46665455032144426
0.4624813433314415
0.4582994271468675
0.4541090348810119
0.4499104021977423
0.4457037673276831
0.4414893710850354
0.43726745688458035
0.4330382707587653
0.4288020613761231
0.4245590800593713
0.4203095808042341
0.4160538202988636
0.4117920579437571
0.40752455587176806
0.4032515789693934
0.39897339489780714
0.39469027411537155
0.39040248989955195
0.38611031837067644
0.38181403851548124
0.37751393221184476
0.373210284253789
0.36890338237732734
0.3645935172875707
0.3602809826856058
0.35596607529738694
0.3516490949025849
0.3473303443648629
0.34301012966291516
0.33868875992283776
0.3343665474511478
0.3300438077695315
0.32572085965041697
0.32139802515402127
0.3170756296673555
0.31275400194380804
0.3084334741453078
0.30411438188587475
0.2997970642771969
0.2954818639765344
0.29116912723646327
0.2868592039578213
0.2825524477446588
0.2782492159627429
0.27394986980094016
0.26965477433628565
0.2653642986028628
0.2610788156652706
0.25679870269609884
0.2525243410591219
0.24825611639769488
0.243994418729849
0.23973964254950028
0.23549218693573076
0.23125245567022126
0.22702085736356725
0.22279780559225756
