201
0.13427154766665364
0.14229961042808847
0.15054939491551722
0.15902183335627748
0.16771741231580348
0.17663616085093822
0.18577763642680786
0.19514090924312716
0.20472454550510724
0.21452659009802444
0.2245445490746691
0.23477537232159298
0.2452154367515285
0.2558605303442701
0.266705837353196
0.27774592497205414
0.2889747317704527
0.300385558163267
0.31197105920872215
0.32372323999407315
0.3356334538573642
0.34769240369615106
0.35989014657040747
0.37221610181041964
0.3846590627983858
0.3972072125731295
0.4098481433681371
0.4225688801798443
0.4353559083813624
0.44819520541604774
0.461072276499712
0.4739721942649512
0.4868796422063611
0.4997789617507833
0.5126542027138932
0.5254891768895962
0.538267514430907
0.5509727226816112
0.5635882470499786
0.5760975334865633
0.588484092116927
0.6007315615282893
0.6128237732109058
0.6247448156340192
0.6364790974433424
0.6480114092414001
0.6593269834703779
0.6704115518820825
0.6812514001322175
0.6918334190812885
0.7021451523690605
0.712174839932473
0.7219114571406438
0.7313447492878842
0.7404652612415203
0.7492643620848781
0.7577342646618661
0.7658680399709485
0.7736596264510184
0.7811038341825436
0.7881963441553708
0.7949337027520974
0.8013133116565855
0.8073334134183705
0.812993072980162
0.8182921554406569
0.8232313004047843
0.82781189324918
0.8320360336817275
0.835906501931159
0.8394267229582677
0.8426007290384805
0.8454331210719379
0.847929028969222
0.8500940714460096
0.8519343155301682
0.8534562360911028
0.8546666756505503
0.8555728047301242
0.85618208296768
0.8565022211966099
0.8565411446750812
0.856306957604737
0.8558079090905735
0.855052360639638
0.854048755260276
0.8528055882856345
0.8513313799198584
0.849634649508997
0.8477238916763681
0.8456075540790569
0.8432940171436959
0.8407915752988157
0.8381084200276692
0.83525262453765
0.8322321300036786
0.8290547333310393
0.825728076416775
0.8222596367482754
0.8186567193524834
0.814926449976951
0.8110757694507708
0.8071114291193224
0.8030399873106356
0.7988678067384349
0.7946010527857695
0.7902456925735362
0.7858074947771891
0.7812920301047971
0.7767046723705154
0.7720506001267233
0.7673347987726509
0.7625620630979695
0.7577370002104197
0.7528640328005104
0.7479474026884859
0.7429911746255902
0.7379992403079425
0.7329753225587041
0.7279229796601934
0.7228456097915167
0.7177464555530568
0.7126286085541989
0.7074950140332524
0.7023484754983323
0.6971916593630166
0.6920270995677803
0.6868572021638883
0.6816842498576168
0.6765104064919079
0.6713377214654956
0.6661681340716846
0.6610034777587224
0.6558454842998575
0.6506957878663834
0.6455559290031896
0.6404273585063113
0.6353114411881438
0.6302094595417976
0.6251226172963534
0.6200520428583394
0.6149987926528069
0.6099638543484703
0.6049481499767898
0.5999525389430639
0.5949778209334062
0.5900247387138469
0.5850939808287843
0.5801861841976587
0.5753019366114025
0.5704417791354304
0.565606208413917
0.560795678883836
0.5560106049016411
0.5512513627791242
0.54651829273695
0.5418117007758921
0.5371318604687031
0.5324790146747754
0.5278533771819052
0.5232551342754248
0.5186844462369716
0.5141414487807652
0.5096262544208572
0.5051389537797074
0.5006796168368848
0.4962482941195751
0.49184501783911655
0.4874698029752056
0.4831226483072503
0.47880353740041726
0.4745124395441045
0.47024931064290976
0.46601409406988303
0.46180672147428803
0.45762711355333013
0.45347518078517124
0.44935082412582134
0.4452539356720848
0.4411843992924642
0.43714209122553105
0.43312688064881744
0.42913863021996995
0.42517719658946374
0.4212424308880026
0.4173341791887099
0.41345228294596026
0.4095965794112807
0.4057669020279653
0.4019630808050499
0.39818494267198373
0.39443231181354277
0.3907050099888315
0.38700285683162544
0.3833256701355021
0.3796732661232782
0.376045459702401
0.3724420647053732
0.36886289411753764
0.3653077602933156
0.36177647515790057
