201
0.5390980692937357
0.5160652587445886
0.492696636369385
0.46905634822391956
0.44521358077862117
0.4212421772427882
0.3972201558662457
0.3732291326368498
0.34935365375487293
0.3256804463183113
0.3022975986450157
0.27929368446029396
0.256756847635217
0.2347738661312883
0.21342921516923505
0.1928041503007162
0.17297583096123817
0.1540165041948777
0.1359927666147973
0.11896492034026782
0.10298643576419955
0.0881035306861612
0.07435487175476112
0.061771400480124486
0.05037628246951739
0.04018497516297753
0.03120540633924022
0.023438253135443364
0.016877309334564893
0.011509927281486245
0.007317519971995444
0.004276108609212035
0.0023569011779011723
0.0015268882804372582
0.0017494435277035873
0.002984917095040877
0.005191212549754263
0.008324338652628839
0.012338929454814528
0.017188727593395035
0.022827027182825067
0.029207074068641824
0.03628242242516655
0.04400724773319263
0.052336617053551325
0.0612267182234926
0.07063505015899978
0.08052057684642364
0.09084384788613184
0.10156708860344638
0.1126542628087199
0.12407111126756594
0.1357851688596212
0.14776576327438173
0.15998399792567708
0.172412721570183
0.1850264869186351
0.1978015003047052
0.21071556426966823
0.22374801471547898
0.23687965406766967
0.2500926817140456
0.2633706228021815
0.2766982563172328
0.29006154321974775
0.3034475552838076
0.31684440516689616
0.3302411781277791
0.34362786572801884
0.35699530176415106
0.37033510061690755
0.38363959813592863
0.39690179513852913
0.410115303553379
0.4232742952052688
0.43637345321089194
0.4494079259342724
0.4623732834255638
0.4752654762609161
0.48808079668583976
0.5008158419555201
0.5134674797664722
0.5260328156640255
0.5385091623120195
0.5508940105128186
0.5631850018644661
0.5753799029409536
0.58747658089699
0.5994729803835044
0.6113671016818986
0.6231569799578545
0.6348406655450023
0.6464162051734992
0.6578816240618479
0.6692349087942451
0.6804739909171201
0.6915967311843338
0.7026009043931121
0.7134841847552208
0.724244131750635
0.7348781764205267
0.7453836080592677
0.7557575612694342
0.7659970033498695
0.7760987219939323
0.786059313276124
0.7958751699183367
0.8055424698217851
0.8150571648671757
0.8244149699865633
0.8336113525152378
0.8426415218438696
0.8515004193913769
0.860182708933267
0.8686827673215953
0.8769946756432574
0.8851122108733767
0.8930288380849355
0.9007377032879219
0.9082316269808517
0.9155030985046373
0.9225442713012653
0.9293469591893521
0.9359026337795752
0.9422024231620787
0.9482371120126292
0.9539971432705971
0.9594726215563256
0.9646533185035322
0.9695286801945588
0.9740878368929027
0.9783196152784154
0.9822125533962459
0.9857549185370675
0.9889347282686509
0.9917397748430125
0.9941576531992078
0.9961757927798333
0.9977814933714657
0.9989619651666535
0.9997043732295604
0.9999958865263219
0.9998237316538257
0.9991752513687222
0.9980379679787699
0.9963996516134492
0.9942483933367372
0.9915726830070727
0.9883614917203655
0.9846043585969779
0.9802914815966539
0.9754138119516657
0.9699631517212416
0.9639322538689713
0.9573149241682297
0.9501061241336002
0.9423020740806822
0.9339003553118177
0.9249000103372078
0.9153016399486122
0.9051074958929345
0.8943215678261237
0.8829496631891351
0.8709994786122215
0.8584806614641307
0.8454048601717553
0.8317857619970628
0.8176391170258017
0.8029827472432262
0.7878365396967957
0.7722224229288881
0.7561643260455482
0.7396881200204464
0.7228215410699648
0.7055940961987606
0.6880369512967877
0.6701828024360488
0.6520657313090517
0.6337210460212779
0.6151851087048879
0.5964951516723802
0.5776890840241542
0.558805290822334
0.5398824270669627
0.5209592088167143
0.5020742038484456
0.4832656242546143
0.464571123329962
0.4460275990289799
0.42767100612149067
0.4095361790280275
0.39165666709567715
0.3740645838546713
0.35679047153398014
0.33986318185383346
0.32330977382511855
0.30715542902234233
0.2914233845053054
0.27613488331983205
0.26130914225133695
0.24696333628717
