201
0.3085819778947892
0.308515117938286
0.30878255518905784
0.30944915736937423
0.31060057940547026
0.3123521674318149
0.31486280189644245
0.3183571488005703
0.32316283118718436
0.3297753831272773
0.3389779383520376
0.3520761760819245
0.3713958880479535
0.40143685002731505
0.45184035497653413
0.5457042199248723
0.7383381131151558
0.9978273048850752
0.6151363204889143
0.28353667584623343
0.2040391889190198
0.18711946542656316
0.1853069448954629
0.18741570362326548
0.19039080543021622
0.1933271640244106
0.19596930830127565
0.1982732989648976
0.20026416188287757
0.20198635486126695
0.20348625109171803
0.20480629842577297
0.20598354593690887
0.2070497724367779
0.20803214097338624
0.20895396158082719
0.20983540856267535
0.21069414532310665
0.2115458519213075
0.21240466583297699
0.21328355065201
0.21419460736570473
0.21514934124738602
0.21615889552893175
0.2172342613020666
0.21838647171847866
0.2196267875371673
0.2209668803950765
0.22241901982746118
0.22399627002088277
0.22571270254308118
0.22758363187298808
0.229625881487723
0.23185808961313642
0.23430106560244862
0.2369782104080248
0.23991601794299772
0.24314467855354632
0.2466988117054688
0.2506183628363061
0.2549497098459243
0.2597470388927598
0.26507406842930387
0.27100622674652597
0.2776334245197073
0.2850636139875085
0.2934273961319611
0.30288403453287793
0.31362937034130733
0.3259063211964004
0.3400189042285442
0.3563510625273354
0.37539198712132643
0.39777003024197144
0.4242974003178161
0.45602671039417775
0.49431558376779267
0.5408800440172143
0.5977733247576322
0.6671091792048683
0.7500600632679266
0.8440696599584647
0.9366109207542697
0.996022266226363
0.9726100148609432
0.836561458354703
0.6265626412023156
0.4197408665118366
0.26175499174415295
0.15642515941873608
0.09074396935424225
0.0511603309249028
0.027906781389873847
0.014720702338808582
0.007738949866334058
0.004595436171962603
0.003832128326140825
0.004540555264077421
0.006147823080429474
0.008288722001769788
0.01072848464463216
0.013315461914754374
0.015951672557251634
0.018574188566239047
0.021143194384931147
0.023634222033206805
0.02603303936871717
0.028332248397559025
0.03052900057350421
0.03262345066618588
0.03461770440619443
0.03651509952046604
0.038319713825153236
0.040036029110721516
0.04166870257921959
0.04322241288892706
0.044701758121512614
0.04611118994498129
0.04745497299908783
0.04873716180862489
0.04996158980702901
0.05113186664383465
0.05225138106952343
0.05332330748239272
0.05435061478412012
0.0553360765919087
0.056282282140171835
0.05719164741056562
0.058066426175705
0.058908720746663715
0.05972049228965719
0.06050357063092512
0.06125966350590822
0.06199036523581291
0.06269716483253208
0.06338145354531945
0.06404453187032562
0.06468761604961192
0.06531184408832688
0.06591828132054514
0.06650792555394394
0.0670817118232821
0.06764051678145923
0.06818516275525285
0.06871642149198297
0.06923501762094313
0.06974163185238065
0.07023690393471281
0.07072143538977119
0.0711957920433156
0.07166050636776009
0.07211607965210418
0.07256298401264674
0.07300166425769428
0.07343253961749513
0.07385600535033342
0.07427243423451442
0.07468217795521814
0.07508556839435108
0.07548291883116279
0.07587452506017207
0.0762606664331054
0.07664160683024977
0.07701759556709811
0.07738886824032776
0.0777556475186332
0.07811814388146195
0.07847655631032788
0.07883107293566155
0.0791818716424669
0.07952912063791366
0.07987297898347365
0.08021359709390447
0.0805511172057581
0.0808856738173319
0.08121739410185368
0.0815463982961527
0.08187280006605822
0.08219670685029755
0.08251822018438171
0.0828374360055353
0.08315444494020684
0.08346933257518308
0.08378217971317681
0.0840930626142788
0.0844020532237562
0.0847092193873459
0.08501462505469379
0.08531833047169742
0.08562039236242264
0.08592086410127206
0.0862197958759577
0.08651723484185839
0.0868132252682153
0.08710780867674461
0.08740102397304852
0.087692907571215
0.08798349351211801
0.08827281357559821
0.08856089738713482
0.08884777251899373
