201
-1.4238610290817633e-14
-6.6058269965196814e-15
-5.7870375158586285e-15
1.1574075031717257e-14
-1.0907941216942163e-14
1.1296519275560968e-14
-1.0158540675320182e-14
-4.773959005888173e-15
2.2787327580431338e-14
-1.1574075031717257e-14
-3.524958103184872e-15
-5.190292640122607e-15
2.581268532253489e-15
-5.329070518200751e-15
-2.015054789694659e-14
-1.4876988529977098e-14
1.454392162258955e-14
6.689093723366568e-15
-1.4183099139586375e-14
-1.2101430968414206e-14
8.770761894538737e-15
1.5543122344752192e-15
1.3822276656583199e-14
3.0531133177191805e-15
-7.382983113757291e-15
-1.7541523789077473e-14
5.495603971894525e-15
3.885780586188048e-16
-1.3877787807814457e-15
2.4424906541753444e-14
-1.7763568394002505e-15
-1.1657341758564144e-14
-4.218847493575595e-15
-7.882583474838611e-15
2.7478019859472624e-14
-1.609823385706477e-15
5.329070518200751e-15
1.3877787807814457e-15
2.886579864025407e-15
6.439293542825908e-15
-4.385380947269368e-15
-4.052314039881821e-15
-4.996003610813204e-16
-9.992007221626409e-16
1.0880185641326534e-14
2.2426505097428162e-14
-3.4416913763379853e-15
1.887379141862766e-15
4.218847493575595e-15
2.0872192862952943e-14
8.104628079763643e-15
9.103828801926284e-15
-1.021405182655144e-14
1.1102230246251565e-15
2.1094237467877974e-15
2.4980018054066022e-14
-3.341771304121721e-14
5.329070518200751e-15
1.454392162258955e-14
-1.3877787807814457e-14
1.5543122344752192e-15
3.774758283725532e-15
2.1094237467877974e-14
2.886579864025407e-15
-3.774758283725532e-14
2.1538326677728037e-14
-2.0095036745715333e-14
-2.1094237467877974e-15
1.2434497875801753e-14
-2.1316282072803006e-14
-5.440092820663267e-15
-8.659739592076221e-15
-5.551115123125783e-15
1.63202784619898e-14
8.326672684688674e-15
4.6629367034256575e-15
1.1435297153639112e-14
1.354472090042691e-14
-1.7541523789077473e-14
-1.3655743202889425e-14
3.774758283725532e-15
8.881784197001252e-16
2.3869795029440866e-14
-2.098321516541546e-14
-1.3500311979441904e-13
-7.949196856316121e-14
1.9673151996357774e-13
-1.8096635301390052e-14
-1.960098749975714e-12
2.7755575615628914e-14
2.0894397323445446e-13
2.0872192862952943e-14
7.105427357601002e-15
4.463096558993129e-14
-4.1522341120980855e-14
8.137934770502397e-14
2.1538326677728037e-14
-4.107825191113079e-15
2.5202062658991053e-14
9.992007221626409e-15
-3.219646771412954e-15
-1.765254609153999e-14
-3.774758283725532e-15
1.354472090042691e-14
-1.4099832412739488e-14
4.884981308350689e-15
1.4432899320127035e-15
3.552713678800501e-15
1.8984813721090177e-14
5.440092820663267e-15
5.88418203051333e-15
3.4416913763379853e-15
1.887379141862766e-15
1.9984014443252818e-15
-1.4432899320127035e-15
-7.105427357601002e-15
-6.661338147750939e-15
6.994405055138486e-15
-1.3655743202889425e-14
1.6653345369377348e-15
-3.6637359812630166e-15
1.3322676295501878e-15
5.773159728050814e-15
9.547918011776346e-15
-3.774758283725532e-15
5.773159728050814e-15
1.0547118733938987e-14
9.992007221626409e-16
-8.770761894538737e-15
-1.0547118733938987e-14
2.7755575615628914e-15
8.215650382226158e-15
-1.7763568394002505e-15
1.1213252548714081e-14
-1.2212453270876722e-15
1.6209256159527285e-14
-9.325873406851315e-15
1.865174681370263e-14
-1.4432899320127035e-15
-1.0103029524088925e-14
-1.7763568394002505e-14
-8.881784197001252e-16
-3.1086244689504383e-15
2.020605904817785e-14
-4.440892098500626e-15
-3.885780586188048e-15
8.770761894538737e-15
7.327471962526033e-15
-5.995204332975845e-15
-5.662137425588298e-15
-1.176836406102666e-14
3.885780586188048e-15
1.7763568394002505e-15
-3.6637359812630166e-15
1.2212453270876722e-15
2.042810365310288e-14
-1.1102230246251565e-14
3.1086244689504383e-15
1.3322676295501878e-15
-7.882583474838611e-15
1.0880185641326534e-14
1.5432100042289676e-14
-1.7985612998927536e-14
-6.328271240363392e-15
-4.218847493575595e-15
-5.007105841059456e-14
1.3322676295501878e-15
-3.9190872769268026e-14
-3.941291737419306e-14
-3.597122599785507e-14
2.1094237467877974e-15
-7.771561172376096e-15
3.0753177782116836e-14
1.3988810110276972e-14
2.3203661214665772e-14
-4.9960036108132044e-15
5.218048215738236e-15
-3.608224830031759e-15
4.141131881851834e-14
-6.106226635438361e-16
2.3869795029440866e-15
1.2656542480726785e-14
2.3869795029440866e-14
-6.217248937900877e-15
-2.1760371282653068e-14
-6.161737786669619e-15
2.886579864025407e-15
-3.608224830031759e-15
-1.3822276656583199e-14
7.771561172376096e-16
-1.7486012637846216e-14
-7.771561172376096e-16
-8.271161533457416e-15
1.887379141862766e-14
2.4424906541753444e-15
1.2906342661267445e-14
-2.980948821118545e-14
3.497202527569243e-15
-1.0352829704629585e-14
1.0574874309554616e-14
3.3861802251067274e-15
