201
-1.2045919817182948e-14
-5.662137425588298e-15
-6.38378239159465e-15
2.1094237467877974e-15
4.218847493575595e-15
2.55351295663786e-15
8.659739592076221e-15
1.4432899320127035e-15
4.163336342344337e-15
1.1102230246251565e-15
8.881784197001252e-15
-4.218847493575595e-15
2.9976021664879227e-15
4.996003610813204e-16
-2.0095036745715333e-14
-7.93809462606987e-15
5.384581669432009e-15
-3.219646771412954e-15
-4.9960036108132044e-15
-9.43689570931383e-15
7.771561172376096e-16
1.2101430968414206e-14
-4.163336342344337e-15
-8.770761894538737e-15
9.43689570931383e-16
5.9396931817445875e-15
-3.3306690738754696e-16
1.0436096431476471e-14
7.494005416219807e-15
1.6431300764452317e-14
-1.0103029524088925e-14
-1.5654144647214707e-14
2.4591439995447217e-14
-3.4416913763379853e-15
1.0935696792557792e-14
-1.5265566588595902e-14
8.659739592076221e-15
-2.9976021664879227e-15
-1.176836406102666e-14
-7.771561172376096e-16
-7.827072323607354e-15
6.8833827526759706e-15
-1.099120794378905e-14
6.217248937900877e-15
6.217248937900877e-15
3.319566843629218e-14
-9.769962616701378e-15
-5.2735593669694936e-15
4.3298697960381105e-15
2.0539125955565396e-15
1.4654943925052066e-14
9.2148511043888e-15
3.0531133177191805e-15
8.881784197001252e-16
-7.993605777301127e-15
8.743006318923108e-15
-1.7791323969618134e-14
-1.1435297153639112e-14
1.149080830487037e-14
-1.3156142841808105e-14
-1.2240208846492351e-14
2.786659791809143e-14
8.93729534823251e-15
4.9960036108132044e-15
-7.91033905045424e-15
2.9753977059954195e-14
-7.049916206369744e-15
1.4127587988355117e-14
6.938893903907228e-15
-1.304512053934559e-15
-1.329492071988625e-14
2.0122792321330962e-14
-2.4424906541753444e-14
4.932165786897258e-14
-3.577693696854567e-14
-9.853229343548264e-15
-1.942890293094024e-15
-1.0824674490095276e-15
-2.3564483697668948e-14
-5.487277299209836e-14
-1.582067810090848e-15
4.9960036108132044e-15
-3.161360062620133e-14
7.854827899222983e-15
-2.476630012182568e-13
-8.890110869685941e-14
4.470590564409349e-13
6.966371923766701e-13
-8.110734306399081e-12
2.0056178939853453e-13
2.8102520310824275e-13
-1.0863532295957157e-13
2.936539900133539e-14
7.263634138610087e-14
-1.0519363158323358e-14
1.127986593019159e-13
4.73232564246473e-14
2.4091839634365897e-14
-1.5265566588595902e-15
2.550737399076297e-14
8.659739592076221e-15
-1.404432126150823e-14
-8.715250743307479e-15
3.549938121238938e-14
-2.3897550605056495e-14
-7.716050021144838e-15
3.2029934260435766e-14
-1.4099832412739488e-14
4.440892098500626e-16
6.716849298982197e-15
2.7255975254547593e-14
7.66053886991358e-15
-2.7755575615628914e-15
1.2462253451417382e-14
-7.688294445529209e-15
-3.3306690738754696e-16
2.192690473634684e-15
-1.8041124150158794e-15
2.275957200481571e-14
-1.1102230246251565e-16
4.85722573273506e-15
2.609024107869118e-15
-6.5503158452884236e-15
5.662137425588298e-15
-1.2378986724570495e-14
-3.1086244689504383e-15
8.215650382226158e-15
-1.812439087700568e-14
2.0039525594484076e-14
1.3600232051658168e-15
-9.159339953157541e-15
-1.074140776324839e-14
1.1934897514720433e-15
-5.800915303666443e-15
-9.992007221626409e-16
3.469446951953614e-15
-8.798517470154366e-15
-1.9040324872321435e-14
-4.052314039881821e-15
-1.304512053934559e-15
1.0075273948473296e-14
1.2545520178264269e-14
-9.270362255620057e-15
-4.413136522884997e-15
-2.7755575615628914e-17
-3.4416913763379853e-15
-1.7208456881689926e-15
-4.6351811278100286e-15
-4.163336342344337e-15
-5.467848396278896e-15
-5.551115123125783e-16
-5.717648576819556e-15
-1.0269562977782698e-14
5.9119376061289586e-15
4.135580766728708e-15
1.942890293094024e-15
7.827072323607354e-15
-8.965050923848139e-15
6.106226635438361e-16
4.3576253716537394e-15
5.10702591327572e-15
-1.2101430968414206e-14
-2.3592239273284576e-15
6.106226635438361e-16
-8.881784197001252e-16
1.0103029524088925e-14
-4.718447854656915e-16
2.3314683517128287e-15
2.3869795029440866e-15
1.2961853812498703e-14
-1.6930901125533637e-15
-8.798517470154366e-15
-2.7755575615628914e-16
-6.744604874597826e-15
-9.43689570931383e-16
-3.3584246494910985e-15
4.773959005888173e-15
-3.0253577421035516e-15
-1.4710455076283324e-15
-2.6367796834847468e-15
4.3298697960381105e-15
6.217248937900877e-15
-5.551115123125783e-16
1.5543122344752192e-15
-5.689893001203927e-15
-1.1657341758564144e-15
-1.915134717478395e-15
1.304512053934559e-15
-1.1102230246251565e-15
-1.942890293094024e-15
-3.747002708109903e-15
-1.6653345369377348e-16
-2.1649348980190553e-15
-3.0531133177191805e-15
6.38378239159465e-16
4.3576253716537394e-15
2.0539125955565396e-15
3.747002708109903e-15
5.717648576819556e-15
3.83026943495679e-15
-5.551115123125783e-15
