201
0.964757911917682
0.9645395104771141
0.9643081805894516
0.964063687406908
0.9638057927230402
0.963534254944403
0.9632488290624868
0.9629492666263038
0.962635315715428
0.962306720913413
0.9619632232821098
0.9616045603363529
0.9612304660193477
0.960840670678812
0.9604349010438218
0.9600128802023777
0.9595743275798773
0.9591189589182735
0.9586464862563268
0.9581566179107165
0.9576490584580304
0.9571235087178536
0.9565796657370526
0.9560172227750054
0.9554358692899529
0.9548352909268488
0.9542151695061301
0.9535751830139798
0.9529150055939483
0.9522343075398897
0.9515327552904915
0.9508100114251222
0.9500657346614342
0.9492995798544384
0.9485111979973172
0.9477002362238709
0.9468663378127721
0.9460091421937563
0.9451282849552768
0.9442233978546712
0.9432941088296084
0.942340042012162
0.9413608177446223
0.9403560525972017
0.9393253593885068
0.9382683472075124
0.9371846214382911
0.9360737837866722
0.9349354323093659
0.9337691614454775
0.932574562050186
0.9313512214310751
0.9300987233866853
0.9288166482477608
0.9275045729207059
0.9261620709337164
0.9247887124853726
0.9233840644957061
0.9219476906597406
0.9204791515037869
0.9189780044439747
0.9174438038472535
0.9158761010951234
0.914274444649642
0.9126383801216866
0.9109674503419443
0.9092611954337679
0.9075191528887812
0.9057408576440213
0.9039258421619702
0.9020736365118573
0.9001837684532676
0.8982557635214597
0.896289145114405
0.8942834345812072
0.8922381513120742
0.8901528128293218
0.8880269348797997
0.8858600315275528
0.8836516152476827
0.881401197020197
0.8791082864244925
0.8767723917332017
0.8743930200060792
0.8719696771829981
0.8695018681758209
0.8669890969596692
0.8644308666613549
0.8618266796465369
0.8591760376043887
0.8564784416289863
0.8537333922972316
0.8509403897438798
0.8480989337308403
0.8452085237127844
0.8422686588968529
0.8392788382963927
0.836238560777841
0.833147325101221
0.8300046299519548
0.826809973964401
0.8235628557364826
0.8202627738335453
0.8169092267826812
0.8135017130542536
0.8100397310323203
0.8065227789709618
0.8029503549375416
0.799321956740352
0.795637081841409
0.7918952272521059
0.7880958894119527
0.7842385640483249
0.7803227460178199
0.7763479291271618
0.7723136059331389
0.7682192675208136
0.7640644032589646
0.7598485005327753
0.7555710444513613
0.7512315175314536
0.7468293993548557
0.7423641662004374
0.737835290649553
0.7332422411649299
0.7285844816419667
0.7238614709343327
0.7190726623520295
0.7142175031328306
0.7092954338893875
0.7043058880301194
0.6992482911579532
0.6941220604464693
0.6889266039966537
0.6836613201769545
0.678325596948202
0.6729188111796385
0.6674403279583085
0.6618894998981345
0.6562656664541839
0.6505681532503454
0.6447962714265352
0.6389493170178792
0.6330265703735165
0.6270272956295717
0.6209507402495871
0.6147961346491264
0.6085626919207457
0.602249607682979
0.5958560600731306
0.5893812099117408
0.5828242010676978
0.576184161055936
0.569460201903871
0.5626514213278465
0.5557569042643351
0.5487757248047459
0.5417069485905013
0.5345496357284045
0.5273028442922421
0.5199656344868697
0.5125370735518158
0.5050162414936412
0.4974022377422032
0.4896941888329472
0.48189125722585724
0.473992651380286
0.46599763721060816
0.4579055510569114
0.4497158143116997
0.44142794984575756
0.43304160038528633
0.4245565489920434
0.4159727417984781
0.40729031314602354
0.3985096132693875
0.3896312386570633
0.3806560651977214
0.37158528420217724
0.36242044135378715
0.3531634785995116
0.3438167789403522
0.33438321401313165
0.32486619427705954
0.3152697215254994
0.3055984433285688
0.2958577088917126
0.28605362566495285
0.27619311588213175
0.26628397203079723
0.25633491006910103
0.24635561900652572
0.236356805265585
0.2263502300521573
0.21634873776916316
0.20636627336146482
0.19641788635097615
0.1865197192575077
0.1766889780964245
0.16694388273253108
0.15730359504992375
