201
0.12193075869764353
0.12528319119022596
0.12866545603331248
0.13207733145766193
0.13551850881474062
0.13898859663619315
0.14248712420894097
0.14601354477361486
0.14956723842986708
0.15314751481504438
0.1567536156127094
0.1603847169343473
0.16403993161235217
0.16771831143455868
0.17141884934559304
0.17514048163595
0.1788820901362983
0.18264250443065508
0.18642050410126854
0.19021482101271864
0.19402414164252085
0.1978471094658346
0.20168232739361164
0.2055283602706723
0.2093837374314822
0.21324695531479362
0.2171164801348321
0.22099075060720202
0.22486818072432255
0.22874716257952016
0.23262606923044177
0.23650325759939328
0.24037707140276207
0.2442458441027207
0.248107901874282
0.2519615665799014
0.2558051587429944
0.25963700051353394
0.26345541861444083
0.2672587472649839
0.27104533106659723
0.27481352784779445
0.2785617114562513
0.2822882744916297
0.2859916309703442
0.28967021891370903
0.29332250285319733
0.2969469762448169
0.3005421637854054
0.304106623626656
0.3076389494774019
0.3111377725918329
0.3146017636380053
0.31802963444245386
0.3214201396056537
0.3247720779887204
0.3280842940647036
0.33135567913705627
0.3345851724200337
0.3377717619830345
0.34091448555776205
0.34401243120898306
0.34706473787036424
0.35007059574544297
0.3530292465793511
0.3559399837989397
0.35880215252945774
0.36161514948780454
0.3643784227576756
0.3670914714508961
0.3697538452596822
0.3723651439035211
0.37492501647680526
0.3774331607035695
0.3798893221022712
0.3822932930687418
0.38464491188114314
0.3869440616347255
0.38919066911006983
0.3913847035829337
0.3935261755793609
0.39561513558370615
0.3976516727042211
0.3996359133026066
0.4015680195905324
0.4034481882037221
0.40527664875235553
0.4070536623584107
0.4087795201801461
0.41045454193202874
0.4120790744019728
0.4136534899717729
0.41517818514277033
0.4166535790728615
0.4180801121257354
0.41945824443728824
0.4207884545023303
0.42207123778266187
0.4233071053401555
0.4244965824979427
0.42564020753020737
0.4267385303825546
0.4277921114259758
0.4288015202444842
0.4297673344579532
0.43069013858119776
0.43157052292096854
0.43240908250946963
0.4332064160778348
0.43396312506666695
0.4346798126768114
0.43535708295844217
0.4359955399392862
0.43659578679118277
0.4371584250363639
0.43768405378982467
0.4381732690421257
0.4386266629764471
0.4390448233242111
0.43942833275527826
0.4397777683048418
0.44009370083239646
0.44037669451622347
0.44062730637941105
0.4408460858482646
0.44103357434041834
0.4411903048845437
0.4413168017672744
0.44141358020931054
0.44148114606763456
0.44151999556471255
0.44153061504173463
0.44151348073654606
0.4414690585848064
0.4413978040426394
0.4413001619318181
0.44117656630358004
0.4410274403238276
0.44085319617532004
0.4406542349784756
0.4404309467293892
0.44018371025235514
0.4399128931699758
0.4396188518864716
0.4393019315847665
0.43896246623752044
0.43860077863034935
0.43821718039637925
0.4378119720631494
0.4373854431091178
0.4369378720307755
0.4364695264197862
0.4359806630479807
0.4354715279619505
0.4349423565857401
0.4343933738308448
0.4338247942139478
0.4332368219810715
0.43262965123871344
0.43200346609144413
0.4313584407854069
0.430694739856647
0.43001251828634257
0.42931192166024396
0.428593086333149
0.42785613959862157
0.4271011998629423
0.42632837682355523
0.4255377716521527
0.4247294771811749
0.42390357809519635
0.4230601511258156
0.422199265250265
0.42132098189473505
0.4204253551394511
0.41951243193006854
0.41858225229051665
0.4176348495403958
0.4166702505159971
0.41568847579461515
0.4146895399222153
0.41367345164552816
0.4126402141464419
0.41158982528113774
0.4105222778217022
0.40943755970214757
0.40833565426792645
0.40721654052811984
0.4060801934125467
0.4049265840317258
0.40375567994007666
0.4025674454038652
0.4013618416717276
0.4001388272496224
0.39889835817827446
0.39764038831567905
0.3963648696219258
0.39507175244817483
0.3937609858287083
0.39243251777716426
0.3910862955851892
