201
1.3350431871117507e-14
9.686695889854491e-15
5.9119376061289586e-15
1.7486012637846216e-14
1.5543122344752192e-15
-3.6914915568786455e-15
-1.554312234475219e-14
9.492406860545088e-15
-2.9976021664879227e-14
-8.715250743307479e-15
1.709743457922741e-14
-4.579669976578771e-14
-9.992007221626409e-16
2.7255975254547593e-14
-1.0325074129013956e-14
8.881784197001252e-15
2.3869795029440866e-14
-8.215650382226158e-15
1.0436096431476471e-14
4.884981308350689e-15
-1.965094753586527e-14
1.176836406102666e-14
-4.052314039881821e-15
7.827072323607354e-15
-1.071365218763276e-14
2.7755575615628914e-15
4.6629367034256575e-15
-2.886579864025407e-15
-2.398081733190338e-14
3.219646771412954e-15
-2.3092638912203256e-14
-9.992007221626409e-15
-1.6986412276764895e-14
-4.773959005888173e-15
2.7977620220553945e-14
-1.2878587085651816e-14
2.220446049250313e-16
-1.199040866595169e-14
9.325873406851315e-15
-1.709743457922741e-14
-3.774758283725532e-15
1.9095836023552692e-14
1.2212453270876722e-15
8.548717289613705e-15
-3.6637359812630166e-15
1.021405182655144e-14
7.105427357601002e-15
5.551115123125783e-15
-2.6645352591003757e-15
-5.773159728050814e-15
5.218048215738236e-15
-1.887379141862766e-15
-2.1871393585115584e-14
1.9539925233402755e-14
-2.853273173286652e-14
7.771561172376096e-16
-5.551115123125783e-16
-4.440892098500626e-16
2.220446049250313e-16
-7.882583474838611e-15
-8.104628079763643e-15
-3.4416913763379853e-15
2.7977620220553945e-14
-3.985700658404312e-14
-1.199040866595169e-14
1.0880185641326534e-14
-4.4075854077618715e-14
1.0103029524088925e-14
7.327471962526033e-15
-1.2212453270876722e-14
1.2101430968414206e-14
-2.886579864025407e-15
-2.120525977034049e-14
1.2101430968414206e-14
-5.773159728050814e-15
-9.547918011776346e-15
2.453592884421596e-14
-8.659739592076221e-15
9.325873406851315e-15
-1.4210854715202004e-14
-6.772360450213455e-15
-1.4432899320127035e-15
1.7541523789077473e-14
1.354472090042691e-14
1.4432899320127035e-14
-8.881784197001252e-16
-3.1086244689504383e-15
-1.1213252548714081e-14
5.88418203051333e-15
-2.4424906541753444e-15
1.4432899320127035e-15
2.220446049250313e-14
1.3211653993039363e-14
-1.8096635301390052e-14
-2.853273173286652e-14
1.0547118733938987e-14
-5.662137425588298e-15
8.881784197001252e-15
1.5987211554602254e-14
-1.3766765505351941e-14
2.886579864025407e-14
2.8199664825478976e-14
2.2315482794965646e-14
-8.770761894538737e-15
-1.2989609388114332e-14
7.216449660063518e-15
1.2212453270876722e-15
-1.1435297153639112e-14
-9.880984919163893e-15
2.5868196473766147e-14
4.440892098500626e-15
-9.325873406851315e-15
-1.1102230246251565e-15
3.375077994860476e-14
-7.771561172376096e-16
-3.6637359812630166e-14
-3.164135620181696e-14
-3.352873534367973e-14
4.9960036108132044e-15
-1.0103029524088925e-14
-5.306866057708248e-14
-1.0103029524088925e-14
-3.708144902248023e-14
-4.440892098500626e-15
-5.0737192225369654e-14
1.5543122344752192e-15
1.7763568394002505e-15
-5.728750807065808e-14
4.440892098500626e-15
8.881784197001252e-16
-4.440892098500626e-15
-7.105427357601002e-15
-6.661338147750939e-15
1.0658141036401503e-14
3.963496197911809e-14
-3.219646771412954e-14
-1.9984014443252818e-15
6.816769371198461e-14
5.040412531798211e-14
6.772360450213455e-14
-8.881784197001252e-16
4.440892098500626e-16
-1.4988010832439613e-14
1.1546319456101628e-14
-1.0480505352461478e-13
-8.282263763703668e-14
2.170486013142181e-13
1.0538236949741986e-12
-8.029132914089132e-13
-2.291500322826323e-13
2.9976021664879227e-15
4.8405723873656825e-14
2.475797344914099e-14
1.9984014443252818e-14
-6.872280522429719e-14
-3.674838211509268e-14
3.652633751016765e-14
6.084022174945858e-14
3.297362383136715e-14
3.930189507173054e-14
2.6978419498391304e-14
-1.0769163338864018e-14
3.652633751016765e-14
-2.9753977059954195e-14
-1.5210055437364645e-14
-6.994405055138486e-15
3.1086244689504383e-15
-6.661338147750939e-16
2.1871393585115584e-14
-1.7541523789077473e-14
-1.2989609388114332e-14
1.5210055437364645e-14
4.8960835385969403e-14
-8.770761894538737e-15
2.4646951146678475e-14
6.8833827526759706e-15
-1.3655743202889425e-14
-1.0547118733938987e-14
2.55351295663786e-15
-9.992007221626409e-16
-9.658940314238862e-15
1.965094753586527e-14
-2.7755575615628914e-15
-1.5210055437364645e-14
1.0103029524088925e-14
6.328271240363392e-15
8.659739592076221e-15
-1.0769163338864018e-14
-1.0103029524088925e-14
-4.440892098500626e-15
1.199040866595169e-14
1.021405182655144e-14
1.3100631690576847e-14
-6.661338147750939e-16
8.659739592076221e-15
-1.9761969838327786e-14
2.7755575615628914e-15
-9.769962616701378e-15
1.021405182655144e-14
-1.0658141036401503e-14
1.2212453270876722e-15
