201
-2.886579864025407e-15
1.0158540675320182e-14
-2.1094237467877974e-15
-1.4988010832439613e-15
-1.582067810090848e-15
-2.1094237467877974e-15
-6.38378239159465e-15
-7.799316747991725e-15
3.0531133177191805e-15
-2.942091015256665e-15
1.2601031329495527e-14
-3.6914915568786455e-15
-2.581268532253489e-15
1.7208456881689926e-15
-8.298917109073045e-15
8.104628079763643e-15
-3.191891195797325e-15
-1.1934897514720433e-15
3.164135620181696e-15
-5.412337245047638e-15
-2.220446049250313e-15
-2.0539125955565396e-15
1.3128387266192476e-14
-9.742207041085749e-15
1.1379786002407855e-15
4.496403249731884e-15
1.582067810090848e-15
-4.440892098500626e-16
3.3029134982598407e-15
6.050715484207103e-15
2.3592239273284576e-15
-5.828670879282072e-16
1.7486012637846216e-15
-1.27675647831893e-15
7.743805596760467e-15
-4.718447854656915e-16
3.3306690738754696e-16
1.2906342661267445e-15
3.1363800445660672e-15
6.536438057480609e-15
-2.220446049250313e-16
9.159339953157541e-16
6.63358257213531e-15
-2.3175905639050143e-15
-5.6343818499726694e-15
-6.6058269965196814e-15
-2.609024107869118e-15
-2.5118795932144167e-15
3.552713678800501e-15
4.2049697057677804e-15
-1.8318679906315083e-15
2.1788126858268697e-15
5.551115123125783e-17
4.579669976578771e-16
-3.885780586188048e-16
-8.465450562766819e-16
-3.427813588530171e-15
2.0122792321330962e-15
2.9976021664879227e-15
-3.4416913763379853e-15
-2.3314683517128287e-15
1.5681900222830336e-15
-6.661338147750939e-16
2.4702462297909733e-15
3.316791286067655e-15
-1.4988010832439613e-15
-1.5265566588595902e-16
-2.914335439641036e-15
3.885780586188048e-16
1.8596235662471372e-15
-3.4139358007223564e-15
1.1102230246251565e-16
-6.38378239159465e-16
-2.6229018956769323e-15
8.673617379884035e-16
4.08006961549745e-15
-2.699229728619912e-15
-2.220446049250313e-16
4.427014310692812e-15
1.6514567491299204e-15
3.344546861683284e-15
2.518818487118324e-15
-8.826273045769994e-15
7.591149930874508e-15
1.4432899320127035e-15
8.278100427361323e-15
-3.6012859361278515e-15
-4.385380947269368e-15
-1.762479051592436e-15
-5.773159728050814e-15
5.037636974236648e-15
9.443834603217738e-15
-4.926614671774132e-16
7.216449660063518e-16
1.3510026430907374e-14
-6.744604874597826e-15
1.0928757898653885e-15
-6.036837696399289e-16
-4.49293380277993e-15
1.2420620087993939e-15
7.428085924132688e-15
6.255412854372366e-15
-1.366962099069724e-15
1.3752887717544127e-14
-1.4849232954361469e-15
1.8905016441195244e-14
-7.708243765502942e-15
-2.2734418514414045e-14
-1.0720591081536668e-15
-1.739971014491637e-14
1.3013895516778007e-14
-9.055256544598933e-15
-1.7909285165984556e-14
2.5500435096859064e-14
-2.7584878825592796e-13
-1.8568480086855743e-13
2.6556534749033744e-13
-1.1179945857975326e-13
-1.262323578998803e-13
1.6542323066914832e-14
5.6621374255882984e-14
-1.887379141862766e-15
-9.409140133698202e-15
1.7486012637846216e-14
3.375077994860476e-14
2.1760371282653068e-14
-1.0408340855860843e-14
1.1546319456101628e-14
7.008282842946301e-15
-1.27675647831893e-15
-7.216449660063518e-15
-1.2975731600306517e-14
-2.1135870831301418e-14
-6.702971511174383e-15
9.200973316580985e-15
2.761679773755077e-15
1.1934897514720433e-14
1.2295719997723609e-14
1.2712053631958042e-14
-7.993605777301127e-15
-3.0878077872387166e-15
6.369904603786836e-15
1.2281842209915794e-15
-4.0245584642661925e-16
-6.349087922075114e-15
-1.4155343563970746e-15
5.564992910933597e-15
-2.581268532253489e-15
3.566591466608315e-15
8.874845303097345e-15
-8.500145032286355e-15
2.9073965457371287e-15
-1.0477729794899915e-15
9.56179579958416e-15
-6.3074545586516706e-15
6.945832797811136e-15
8.743006318923108e-16
5.0584536559483695e-15
-4.010680676458378e-15
6.369904603786836e-15
8.645861804268407e-15
3.247402347028583e-15
1.7277845820728999e-15
-2.2690183065776637e-15
-6.800116025829084e-16
5.842548667089886e-15
-1.0956513474269514e-14
2.699229728619912e-15
-2.796374243274613e-15
4.364564265557647e-15
-7.788908407135864e-15
-7.320533068622126e-16
-3.4382219293860317e-15
-1.5057399771478686e-15
5.630912403020716e-15
-3.635980405647388e-15
8.23646706393788e-15
-5.48172618408671e-16
-3.2231162183649076e-15
-6.42194630806614e-15
1.654926196081874e-15
1.6306400674181987e-15
-5.034167527284694e-15
-1.0928757898653885e-15
5.134781488891349e-16
-9.357098429418897e-15
1.3600232051658168e-15
1.672273430841642e-15
1.2420620087993939e-15
-2.3522850334245504e-15
-2.192690473634684e-15
-1.6375789613221059e-15
5.14518982974721e-15
-2.789435349370706e-15
2.456368441983159e-15
5.460909502374989e-15
7.632783294297951e-16
5.620504062164855e-16
-3.8163916471489756e-16
7.011752289898254e-15
2.876171523169546e-15
