201
0.9086672817512532
0.9092101892059867
0.9097388088149635
0.9102529217370244
0.9107522819522976
0.9112366151318356
0.9117056173466711
0.9121589536012894
0.9125962561773666
0.9130171227662888
0.9134211143728712
0.9138077529631458
0.9141765188307537
0.9145268476500579
0.9148581271793532
0.915169693573995
0.9154608272623915
0.9157307483308792
0.9159786113553441
0.9162034996099876
0.9164044185698174
0.9165802886144638
0.9167299368235113
0.9168520877381156
0.9169453529432348
0.9170082193011128
0.9170390356382327
0.9170359976569287
0.9169971308015463
0.91692027076364
0.9168030412565504
0.9166428286206552
0.9164367527440602
0.9161816336863191
0.9158739532787824
0.9155098108327213
0.9150848719231011
0.9145943090025198
0.9140327323517022
0.9133941095650259
0.9126716713840585
0.9118578012265066
0.9109439051722554
0.90992025844371
0.9087758235098953
0.9074980338080862
0.906072535643819
0.904482879021996
0.9027101458633235
0.9007325011406347
0.898524648727645
0.8960571689605232
0.8932957087462183
0.890199987091821
0.8867225686479564
0.8828073445546065
0.8783876426711992
0.873383867082717
0.8677005383073411
0.8612225694847189
0.8538105687683818
0.8452949036621435
0.8354682008278196
0.8240758916048185
0.8108043665850996
0.7952663118209465
0.776982948633226
0.7553633585577801
0.7296821757594757
0.6990592906389856
0.6624499261168972
0.61866228705444
0.5664352764477079
0.5046320455423154
0.43263201494162024
0.351011223696316
0.26252524085787354
0.17314550548746077
0.09241426261721193
0.03202447272806629
0.0021786162505828084
0.0072876092031763425
0.044054450164843766
0.1034370392618929
0.17472879825669776
0.24889894815111904
0.31992812093581474
0.384603835232752
0.4417085964858951
0.4912115058295193
0.533681106678865
0.5699242290207943
0.6007889246056662
0.6270692091893064
0.6494670100326521
0.6685837180020309
0.6849256583974785
0.698915108217262
0.7109026565991561
0.7211789646651494
0.7299851532664374
0.7375216256426853
0.7439553968529335
0.7494261064529644
0.7540509172132935
0.7579284933521476
0.7611422285022869
0.7637628668359966
0.7658506353308688
0.7674569828016021
0.7686260025574181
0.769395600202459
0.7697984556894714
0.7698628188410599
0.7696131696761416
0.7690707686101595
0.7682541166598029
0.7671793418500661
0.7658605248596266
0.7643099745174977
0.7625384617185281
0.7605554187660147
0.758369109877747
0.755986777548098
0.7534147686392125
0.7506586434111906
0.7477232701302539
0.7446129074734866
0.7413312765711091
0.7378816242233083
0.7342667785981927
0.73048919849398
0.7265510170877931
0.7224540809706426
0.71819998509694
0.7137901042666059
0.7092256215721058
0.7045075542458463
0.6996367772905547
0.6946140451470527
0.6894400116985427
0.6841152488284835
0.6786402637293953
0.6730155151230508
0.6672414285719449
0.6613184109354365
0.6552468642017005
0.6490271986088212
0.6426598454792605
0.6361452691003064
0.6294839789068559
0.6226765407194566
0.6157235880066021
0.6086258327255529
0.601384076025501
0.5939992186272143
0.5864722710443273
0.5788043635766511
0.5709967561238536
0.5630508477698577
0.554968186165093
0.5467504766737438
0.5383995913146941
0.5299175773975793
0.5213066659108726
0.5125692795857374
0.5037080406312022
0.49472577807758017
0.4856255347439006
0.4764105737218148
0.4670843843978598
0.45765068793799296
0.4481134421900682
0.43847684597933084
0.4287453427200177
0.4189236233315138
0.40901662838040254
0.39902954942794394
0.38896782952890124
0.37883716283090213
0.3686434932745327
0.3583930123079537
0.3480921556408606
0.3377475989861819
0.32736625280002946
0.3169552560060566
0.30652196874085585
0.296073964131614
0.28561901917875104
0.27516510481758555
0.2647203752668158
0.25429315682511383
0.24389193630658568
0.23352534938966282
0.22320216920590608
0.2129312956296365
0.20272174582377903
0.19258264679219658
0.18252323089372952
0.17255283556505782
0.16268090888417688
