201
0.15521106060888967
0.15940985892159493
0.1636148842126656
0.16780629863640095
0.17196772291939813
0.1760857232720394
0.18014937049299667
0.18414986181267917
0.1880801970292597
0.19193490147635855
0.1957097892818591
0.1994017612193002
0.2030086322171471
0.2065289842593087
0.20996204100966986
0.2133075610072689
0.216565746730733
0.2197371672193536
0.22282269227208595
0.22582343653358602
0.22874071202424257
0.23157598787986394
0.23433085624825412
0.23700700344423803
0.23960618559441837
0.24213020811644087
0.2445809084721821
0.2469601417168048
0.2492697684336288
0.2515116447055141
0.2536876138227541
0.25579949947268055
0.2578491001899274
0.2598381848814292
0.2617684892643219
0.26364171307949114
0.2654595179626923
0.267223525872492
0.2689353179878319
0.2705964340018406
0.27220837174769497
0.2737725871022546
0.27529049412122275
0.2767634653654958
0.27819283238497305
0.2795798863303587
0.28092587866841484
0.2822320219791298
0.2834994908173954
0.2847294226224983
0.28592291866433556
0.28708104501353887
0.28820483352734055
0.2892952828428789
0.29035335937173723
0.2913799982898375
0.2923761045185592
0.2933425536933615
0.29428019311663983
0.2951898426924549
0.29607229584157335
0.2969283203948184
0.29775865946392677
0.29856403228900324
0.299345135061992
0.3001026417258579
0.3008372047494491
0.3015494558777728
0.30224000685808977
0.30290945014209325
0.3035583595640808
0.3041872909963263
0.3047967829811673
0.30538735734122735
0.30595951976757013
0.30651376038687794
0.3070505543081116
0.3075703621489531
0.30807363054329573
0.30856079262955866
0.30903226852140636
0.3094884657604161
0.3099297797523502
0.31035659418678085
0.310769281441157
0.3111682029697936
0.31155370967793944
0.3119261422822954
0.3122858316576416
0.31263309917050597
0.31296825700056136
0.3132916084496552
0.3136034482395155
0.3139040627983739
0.3141937305366026
0.31447272211251404
0.3147413006878814
0.31499972217439826
0.31524823547064384
0.31548708269059067
0.31571649938363067
0.31593671474644947
0.3161479518273419
0.31635042772292027
0.3165443537676833
0.31672993571694463
0.316907373922768
0.31707686350407405
0.31723859451017294
0.3173927520787398
0.3175395165881926
0.31767906380445554
0.31781156502275626
0.31793718720436126
0.31805609310844385
0.31816844141948586
0.3182743868701694
0.3183740803600652
0.3184676690701159
0.31855529657334564
0.3186371029416931
0.3187132248492042
0.318783795671745
0.3188489455834345
0.31890880164951313
0.31896348791664775
0.3190131254996549
0.31905783266567017
0.3190977249155647
0.3191329150624276
0.31916351330778253
0.3191896273149368
0.3192113622804803
0.319228821002856
0.3192421039491634
0.3192513093197118
0.3192565331104277
0.31925786917333704
0.3192554092750153
0.3192492431535443
0.3192394585731711
0.3192261413777501
0.3192093755420384
0.31918924322189735
0.3191658248025639
0.3191391989456375
0.31910944263456326
0.3190766312186423
0.3190408384559172
0.31900213655461174
0.31896059621328543
0.31891628666001814
0.3188692756900796
0.31881962970276867
0.31876741373704454
0.3187126915061134
0.31865552543103026
0.31859597667326733
0.3185341051664309
0.31846996964696367
0.31840362768397534
0.3183351357082891
0.31826454904057944
0.3181919219187368
0.3181173075245795
0.31804075800946224
0.31796232451961604
0.3178820572204624
0.31780000532033637
0.3177162170936112
0.31763073990312085
0.3175436202220459
0.31745490365490797
0.31736463495859607
0.31727285806206806
0.31717961608622175
0.31708495136263654
0.31698890545226516
0.31689151916339486
0.31679283256921875
0.31669288502477605
0.31659171518372137
0.31648936101445463
0.3163858598158651
0.3162812482327299
0.3161755622706364
0.31606883731053237
0.31596110812294637
0.31585240888183297
0.3157427731780349
0.31563223403242924
0.3155208239086615
0.31540857472574846
0.3152955178702048
0.31518168420780773
0.31506710409534455
0.3149518073917325
0.3148358234691645
0.31471918122372194
0.31460190908596625
0.31448403503105726
