201
0.6914180221052061
0.6914848820617179
0.6912174448109497
0.6905508426306196
0.6893994205945304
0.6876478325681832
0.6851371981035663
0.6816428511994401
0.6768371688128039
0.6702246168727175
0.6610220616479578
0.6479238239180495
0.6286041119520555
0.5985631499726206
0.5481596450234716
0.45429578007522237
0.2616618868848063
0.0021726951157520907
0.38486367951156186
0.7164633241535765
0.7959608110809194
0.8128805345734536
0.8146930551044773
0.8125842963767327
0.809609194569781
0.8066728359755758
0.8040306916987267
0.8017267010350967
0.799735838117109
0.7980136451387299
0.7965137489082793
0.7951937015742244
0.7940164540630849
0.7929502275632291
0.791967859026615
0.7910460384191674
0.7901645914373246
0.7893058546769037
0.7884541480786901
0.7875953341670268
0.786716449347996
0.7858053926342944
0.7848506587526077
0.7838411044710648
0.7827657386979363
0.7816135282815247
0.7803732124628351
0.7790331196049249
0.7775809801725377
0.7760037299791213
0.7742872974569293
0.7724163681270106
0.7703741185122744
0.7681419103868637
0.7656989343975515
0.7630217895919694
0.7600839820570001
0.7568553214464534
0.7533011882945394
0.7493816371636952
0.7450502901540768
0.7402529611072379
0.7349259315706952
0.7289937732534665
0.7223665754802865
0.7149363860124816
0.7065726038680454
0.6971159654671173
0.6863706296587007
0.6740936788036039
0.659981095771448
0.6436489374726577
0.6246080128786753
0.6022299697580308
0.5757025996821716
0.543973289605828
0.5056844162322162
0.45911995598280864
0.4022266752423515
0.3328908207951305
0.24993993673205991
0.1559303400415425
0.06338907924588008
0.003977733773624295
0.02738998513902278
0.16343854164529137
0.37343735879766676
0.5802591334881603
0.7382450082558831
0.8435748405813132
0.9092560306457657
0.9488396690750727
0.9720932186100895
0.9852792976611924
0.9922610501336582
0.99540456382809
0.9961678716738682
0.9954594447359285
0.993852176919582
0.9917112779982442
0.9892715153553527
0.9866845380852489
0.9840483274427552
0.9814258114337694
0.978856805615065
0.9763657779667851
0.9739669606312824
0.9716677516024408
0.9694709994265004
0.9673765493338214
0.9653822955938154
0.9634849004795341
0.9616802861748533
0.9599639708892783
0.958331297420778
0.9567775871110724
0.9552982418784863
0.9538888100550272
0.952545027000914
0.9512628381913698
0.9500384101929742
0.9488681333561637
0.9477486189304841
0.9466766925176054
0.9456493852158808
0.9446639234080852
0.9437177178598303
0.9428083525894269
0.9419335738242975
0.9410912792533327
0.940279507710338
0.9394964293690746
0.9387403364940939
0.938009634764178
0.9373028351674636
0.9366185464546852
0.9359554681296726
0.9353123839503896
0.9346881559116753
0.9340817186794568
0.9334920744460516
0.9329182881767235
0.9323594832185433
0.9318148372447566
0.9312835785080227
0.9307649823790565
0.9302583681476215
0.9297630960652907
0.9292785646102367
0.928804207956685
0.9283394936322394
0.9278839203478925
0.9274370159873491
0.9269983357423079
0.9265674603825105
0.9261439946496669
0.9257275657654854
0.9253178220447812
0.9249144316056469
0.9245170811688369
0.9241254749398283
0.9237393335668943
0.9233583931697508
0.9229824044329068
0.9226111317596741
0.9222443524813649
0.9218818561185367
0.9215234436896687
0.9211689270643395
0.9208181283575352
0.9204708793620876
0.9201270210165284
0.9197864029060987
0.9194488827942412
0.9191143261826678
0.9187826058981448
0.918453601703848
0.9181271999339453
0.9178032931496991
0.9174817798156172
0.9171625639944654
0.916845555059789
0.9165306674248125
0.9162178202868225
0.9159069373857248
0.915597946776245
0.9152907806126546
0.9149853749453047
0.9146816695283031
0.9143796076375821
0.9140791358987278
0.9137802041240427
0.913482765158146
0.9131867747317862
0.9128921913232543
0.9125989760269518
0.9123070924287828
0.9120165064878802
0.9117271864244029
0.911439102612865
0.9111522274810052
