201
-2.6645352591003757e-15
1.099120794378905e-14
-1.021405182655144e-14
-8.548717289613705e-15
-8.881784197001252e-15
-4.3298697960381105e-15
1.0436096431476471e-14
-2.864375403532904e-14
7.260858581048524e-14
3.352873534367973e-14
-1.270095140171179e-13
-2.475797344914099e-14
-2.289557432533229e-13
-7.975564653150968e-14
2.617905892066119e-13
-5.706546346573305e-14
-3.241851231905457e-14
-6.128431095930864e-14
-3.8413716652030416e-14
-4.218847493575595e-15
-2.55351295663786e-15
6.661338147750939e-16
9.325873406851315e-15
2.3092638912203256e-14
3.3306690738754696e-16
4.107825191113079e-15
1.887379141862766e-15
-3.3306690738754696e-16
7.66053886991358e-15
-1.5543122344752192e-15
3.219646771412954e-15
1.1102230246251565e-16
2.4424906541753444e-15
-2.55351295663786e-15
3.3306690738754696e-15
1.887379141862766e-15
3.6637359812630166e-15
-3.1086244689504383e-15
-2.3314683517128287e-15
3.1086244689504383e-15
1.5543122344752192e-15
5.88418203051333e-15
7.771561172376096e-16
-4.440892098500626e-16
-6.661338147750939e-16
5.10702591327572e-15
1.7763568394002505e-15
-3.6637359812630166e-15
-7.771561172376096e-16
-6.106226635438361e-15
7.771561172376096e-15
2.6645352591003757e-15
-2.886579864025407e-15
3.219646771412954e-15
-9.992007221626409e-16
2.6645352591003757e-15
1.2212453270876722e-15
-6.5503158452884236e-15
3.774758283725532e-15
-1.7763568394002505e-15
3.219646771412954e-15
1.3322676295501878e-15
3.9968028886505635e-15
-1.2212453270876722e-15
6.661338147750939e-16
-2.55351295663786e-15
3.219646771412954e-15
-8.43769498715119e-15
9.992007221626409e-16
-1.1213252548714081e-14
-5.551115123125783e-16
4.884981308350689e-15
2.9976021664879227e-15
1.5543122344752192e-15
-1.5543122344752192e-15
4.440892098500626e-16
-2.9976021664879227e-15
-1.7763568394002505e-15
3.3306690738754696e-16
-2.886579864025407e-15
-2.55351295663786e-15
4.773959005888173e-15
-1.7763568394002505e-15
-6.8833827526759706e-15
-5.329070518200751e-15
-5.88418203051333e-15
-2.1094237467877974e-15
-7.216449660063518e-15
9.992007221626409e-16
-8.326672684688674e-15
5.551115123125783e-16
6.661338147750939e-16
-1.5543122344752192e-15
-5.995204332975845e-15
2.886579864025407e-15
-5.995204332975845e-15
9.547918011776346e-15
4.6629367034256575e-15
1.887379141862766e-15
1.1102230246251565e-16
-5.551115123125783e-16
1.1102230246251565e-15
5.440092820663267e-15
2.6645352591003757e-15
9.992007221626409e-16
6.217248937900877e-15
-5.662137425588298e-15
-3.219646771412954e-15
2.1094237467877974e-15
1.9984014443252818e-15
1.3322676295501878e-15
1.887379141862766e-15
6.8833827526759706e-15
8.881784197001252e-15
-1.1102230246251565e-15
-1.5543122344752192e-15
-1.4988010832439613e-14
3.885780586188048e-15
2.3314683517128287e-15
1.1102230246251565e-15
-7.771561172376096e-15
-7.327471962526033e-15
-7.771561172376096e-16
-3.1086244689504383e-15
-6.994405055138486e-15
-1.6653345369377348e-15
2.9976021664879227e-15
-8.881784197001252e-16
-5.329070518200751e-15
-1.3988810110276972e-14
-2.3314683517128287e-15
3.3306690738754696e-16
-2.220446049250313e-16
7.327471962526033e-15
0.0
-1.7763568394002505e-15
3.3306690738754696e-15
5.662137425588298e-15
-5.551115123125783e-15
-3.774758283725532e-15
-2.1094237467877974e-15
1.5543122344752192e-15
2.7755575615628914e-15
-8.215650382226158e-15
-2.1094237467877974e-15
1.3100631690576847e-14
-3.8413716652030416e-14
-1.1368683772161603e-13
4.551914400963142e-15
-5.329070518200751e-15
-1.84297022087776e-14
-3.9968028886505635e-15
8.104628079763643e-15
-5.662137425588298e-15
-5.773159728050814e-15
-6.439293542825908e-15
-9.2148511043888e-15
6.106226635438361e-15
-3.3306690738754696e-16
-2.220446049250313e-16
8.881784197001252e-16
-8.659739592076221e-15
1.9984014443252818e-15
1.4432899320127035e-15
6.5503158452884236e-15
2.3314683517128287e-15
1.9984014443252818e-15
8.770761894538737e-15
1.0769163338864018e-14
3.9968028886505635e-15
2.1094237467877974e-15
-1.942890293094024e-15
3.885780586188048e-16
-4.6629367034256575e-15
-2.1094237467877974e-15
1.7763568394002505e-15
7.271960811294775e-15
-5.551115123125783e-17
-3.7192471324942744e-15
9.492406860545088e-15
1.7763568394002505e-14
2.886579864025407e-15
-3.219646771412954e-15
-1.887379141862766e-15
3.885780586188048e-15
1.6431300764452317e-14
-9.159339953157541e-15
-2.0539125955565396e-15
1.4432899320127035e-15
-2.1094237467877974e-15
1.2989609388114332e-14
5.9396931817445875e-15
7.771561172376096e-16
-6.161737786669619e-15
6.5503158452884236e-15
-1.7763568394002505e-15
2.220446049250313e-16
3.3306690738754696e-15
-4.440892098500626e-16
-2.4424906541753444e-15
4.996003610813204e-16
