201
0.9984667960569008
0.9981454038129254
0.997793648650769
0.9974115807307347
0.9969992509453529
0.9965567110349609
0.996084013700031
0.9955812127103991
0.9950483630113657
0.9944855208268326
0.9938927437594413
0.9932700908877795
0.9926176228608623
0.9919354019896793
0.9912234923359473
0.9904819597983232
0.9897108721957688
0.9889102993482386
0.9880803131549394
0.9872209876697506
0.9863323991742333
0.9854146262481189
0.984467749837065
0.9834918533182462
0.9824870225630962
0.9814533459978555
0.9803909146616265
0.9792998222617488
0.9781801652271767
0.9770320427590986
0.9758555568792255
0.9746508124759061
0.9734179173475971
0.9721569822440715
0.9708681209052805
0.9695514500979966
0.9682070896496726
0.9668351624806866
0.9654357946334893
0.9640091152999676
0.9625552568464127
0.9610743548358713
0.9595665480487074
0.9580319785004345
0.9564707914575519
0.9548831354510248
0.9532691622874647
0.9516290270581829
0.9499628881458163
0.9482709072290678
0.9465532492849319
0.9448100825887595
0.9430415787123511
0.9412479125195752
0.9394292621601882
0.9375858090612618
0.9357177379165212
0.9338252366736396
0.9319084965195514
0.9299677118634766
0.928003080318027
0.9260148026783919
0.9240030828993413
0.9219681280703858
0.9199101483888197
0.9178293571311713
0.9157259706224538
0.9136002082036419
0.9114522921973003
0.9092824478715652
0.9070909034019417
0.9048778898319205
0.9026436410314325
0.9003883936537566
0.8981123870909123
0.8958158634272049
0.8934990673914829
0.8911622463076121
0.8888056500437729
0.8864295309595689
0.8840341438529787
0.8816197459045798
0.8791865966214937
0.8767349577793819
0.8742650933634588
0.8717772695084997
0.8692717544371571
0.8667488183978662
0.8642087336008692
0.8616517741542007
0.859078215997756
0.856488336837095
0.8538824160762071
0.8512607347489862
0.8486235754511281
0.8459712222695865
0.8433039607131568
0.8406220776410058
0.8379258611914797
0.8352156007100554
0.8324915866768858
0.8297541106341226
0.8270034651121347
0.8242399435564884
0.8214638402541993
0.8186754502590581
0.8158750693181076
0.8130629937968461
0.8102395206053148
0.8074049471230877
0.8045595711256107
0.801703690709249
0.7988376042178084
0.7959616101679442
0.7930760071758411
0.7901810938834964
0.7872771688858667
0.7843645306578948
0.7814434774818575
0.7785143073763346
0.7755773180239908
0.7726328067005285
0.769681070205696
0.7667224047923218
0.763757106097831
0.7607854690761767
0.7578077879301056
0.7548243560443311
0.7518354659199343
0.7488414091090871
0.7458424761510735
0.7428389565088329
0.7398311385069545
0.7368193092702409
0.7338037546637295
0.730784759233301
0.7277626061477183
0.7247375771414586
0.7217099524591151
0.7186800108008158
0.7156480292685089
0.7126142833138323
0.7095790466870977
0.7065425913877744
0.7035051876154642
0.7004671037233687
0.697428606172424
0.6943899594860881
0.6913514262081288
0.6883132668602302
0.685275739902067
0.6822391016917584
0.6792036064488467
0.6761695062179764
0.6731370508340488
0.6701064878889996
0.6670780627002632
0.6640520182799231
0.6610285953061346
0.6580080320958366
0.6549905645785937
0.6519764262720606
0.6489658482590337
0.6459590591664682
0.642956285144757
0.6399577498498725
0.6369636744258016
0.6339742774894106
0.6309897751164615
0.6280103808289209
0.6250363055839261
0.6220677577645095
0.6191049431713735
0.6161480650162949
0.6131973239172194
0.6102529178948554
0.6073150423699305
0.6043838901632504
0.6014596514964168
0.5985425139939491
0.595632662687382
0.5927302800201527
0.5898355458548844
0.5869486374811559
0.5840697296251932
0.5811989944614724
0.5783366016245446
0.5754827182237852
0.5726375088585628
0.5698011356353525
0.5669737581856455
0.5641555336867217
0.5613466168822808
0.5585471601057006
0.5557573133037559
0.552977224063416
0.5502070376377893
0.5474468969761311
0.5446969427533157
0.5419573134018443
0.5392281451456784
