201
0.04392599466912642
0.04514565466391327
0.046395465880081435
0.04767599158950665
0.04898779866748411
0.0503314581701371
0.05170754577549073
0.05311664211860374
0.05455933304311098
0.05603620978554736
0.05754786910541705
0.059094913369969304
0.0606779506011763
0.0622975944904306
0.06395446438479829
0.06564918524874216
0.06738238760292309
0.06915470744263524
0.07096678613673808
0.07281927030874698
0.07471281170007112
0.07664806701667869
0.07862569775846584
0.08064637003313883
0.0827107543526274
0.08481952541377466
0.0869733618618749
0.08917294603770845
0.09141896370730168
0.09371210377430886
0.09605305797434058
0.09844252055167468
0.10088118791659688
0.10336975828446515
0.10590893129463663
0.10849940760979443
0.1111418884947066
0.11383707537389276
0.11658566936795471
0.11938837080795364
0.12224587872743864
0.1251588903309157
0.12812810043987083
0.13115420091382896
0.13423788004780093
0.13737982194432027
0.14058070586052773
0.14384120552926866
0.14716198845436548
0.15054371517869305
0.1539870385266889
0.1574926028180394
0.1610610430553392
0.1646929840831481
0.16838903971961922
0.1721498118599366
0.1759758895514625
0.17986784804090736
0.18382624779279266
0.18785163348061634
0.191944532949245
0.19610545614960373
0.20033489404599744
0.20463331749638328
0.2090011761052723
0.21343889705105057
0.21794688388720637
0.22252551531878662
0.22717514395461214
0.2318960950368577
0.23668866514705705
0.2415531208929653
0.24648969757398947
0.2514985978290078
0.2565799902671085
0.2617340080830649
0.2669607476591084
0.2722602671553491
0.27763258509072286
0.283077678915974
0.28859548358201675
0.29418589010593194
0.29984874413633417
0.3055838445223813
0.3113909418875141
0.31726973721282303
0.32321988043212213
0.3292409690420751
0.3353325467318292
0.34149410203447406
0.34772506700477446
0.35402481592786883
0.3603926640609906
0.36682786641447307
0.37332961657436853
0.37989704557296883
0.3865292208096915
0.39322514502866684
0.3999837553561257
0.4068039224030428
0.4136844494376273
0.4206240716319573
0.4276214553883804
0.4346751977487863
0.44178382589354825
0.44894579673233936
0.4561594965937529
0.4634232410168946
0.47073527464843046
0.4780937712525185
0.4854968338331742
0.49294249487763653
0.500428716720704
0.5079533920359112
0.5155143444555925
0.5231093293229893
0.5307360345797781
0.5383920817903123
0.5460750273051902
0.5537823635664173
0.5615115205534511
0.5692598673736802
0.5770247139951852
0.5848033131241609
0.5925928622239884
0.6003905056779751
0.6081933370908998
0.6159984017313577
0.6238026991087069
0.6316031856842573
0.6393967777124183
0.6471803542072909
0.6549507600310779
0.6627048090995974
0.6704392876972016
0.6781509578980179
0.6858365610861175
0.6934928215651428
0.701116450254129
0.7087041484594458
0.7162526117138367
0.723758533676002
0.7312186100802827
0.7386295427289453
0.7459880435141353
0.7532908384640664
0.760534671800643
0.7677163099991484
0.7748325458392418
0.7818802024386237
0.7888561372571831
0.7957572460619543
0.802580466842898
0.8093227836696084
0.8159812304772216
0.8225528947739968
0.8290349212602949
0.8354245153481283
0.8417189465744018
0.8479155518982593
0.8540117388742954
0.8600049886943881
0.865892859090362
0.8716729870905862
0.877343091625439
0.8829009759740664
0.8883445300490356
0.8936717325137391
0.8988806527280541
0.9039694525202642
0.9089363877814098
0.9137798098806836
0.9184981669005846
0.9230900046910226
0.92755396774193
0.9318887998756755
0.9360933447601099
0.9401665462434468
0.9441074485149928
0.9479151960927091
0.9515890336428846
0.955128305634664
0.9585324558352919
0.9618010266495972
0.9649336583109889
0.9679300879284736
0.9707901483971549
0.9735137671782074
0.9761009649561943
0.9785518541805424
0.9808666374994635
0.9830456060941402
0.9850891379218745
0.9869976958763007
0.9887718258740166
0.9904121548765653
0.991919388857077
0.9932943107211136
0.9945377781916025
0.9956507216680308
0.9966341420698995
