901
4.996003610813204e-16
0.0
5.551115123125783e-17
4.440892098500626e-16
2.7755575615628914e-16
1.6653345369377348e-16
3.3306690738754696e-16
2.7755575615628914e-16
-5.551115123125783e-17
-1.6653345369377348e-16
1.6653345369377348e-16
-2.220446049250313e-16
3.3306690738754696e-16
6.661338147750939e-16
3.3306690738754696e-16
5.551115123125783e-16
-1.1102230246251565e-16
-3.0531133177191805e-16
1.6653345369377348e-16
3.3306690738754696e-16
3.3306690738754696e-16
2.220446049250313e-16
-1.1102230246251565e-16
6.38378239159465e-16
4.440892098500626e-16
-3.608224830031759e-16
2.636779683484747e-16
4.85722573273506e-16
-3.191891195797325e-16
1.942890293094024e-16
3.5388358909926865e-16
3.3306690738754696e-16
3.122502256758253e-16
-9.71445146547012e-17
-1.8041124150158794e-16
-4.579669976578771e-16
6.938893903907228e-17
8.049116928532385e-16
3.122502256758253e-16
-3.469446951953614e-17
1.1796119636642288e-16
-2.0816681711721685e-16
6.938893903907228e-17
-1.1102230246251565e-16
-1.3877787807814457e-16
-2.220446049250313e-16
1.5265566588595902e-16
4.163336342344337e-16
0.0
-5.551115123125783e-17
8.326672684688674e-17
2.498001805406602e-16
3.3306690738754696e-16
-1.1102230246251565e-16
2.7755575615628914e-17
4.163336342344337e-16
6.106226635438361e-16
5.551115123125783e-17
0.0
1.6653345369377348e-16
2.7755575615628914e-16
1.1102230246251565e-16
1.1102230246251565e-16
0.0
-5.551115123125783e-17
-1.1102230246251565e-16
1.1102230246251565e-16
-1.1102230246251565e-16
-1.1102230246251565e-16
-1.1102230246251565e-16
2.220446049250313e-16
1.1102230246251565e-16
2.220446049250313e-16
2.220446049250313e-16
4.440892098500626e-16
-2.220446049250313e-16
0.0
1.1102230246251565e-16
-2.220446049250313e-16
1.1102230246251565e-16
5.551115123125783e-16
4.440892098500626e-16
2.220446049250313e-16
1.1102230246251565e-16
-1.1102230246251565e-16
2.220446049250313e-16
1.1102230246251565e-16
4.440892098500626e-16
3.3306690738754696e-16
-1.1102230246251565e-16
-1.1102230246251565e-16
0.0
3.3306690738754696e-16
2.220446049250313e-16
1.1102230246251565e-16
0.0
2.220446049250313e-16
0.0
4.440892098500626e-16
0.0
0.0
1.1102230246251565e-16
1.1102230246251565e-16
-2.220446049250313e-16
2.220446049250313e-16
-2.220446049250313e-16
1.1102230246251565e-16
2.220446049250313e-16
1.1102230246251565e-16
0.0
0.0
2.220446049250313e-16
-1.1102230246251565e-16
2.220446049250313e-16
2.220446049250313e-16
-1.1102230246251565e-16
1.1102230246251565e-16
3.3306690738754696e-16
3.3306690738754696e-16
2.220446049250313e-16
2.220446049250313e-16
-2.220446049250313e-16
-1.1102230246251565e-16
2.220446049250313e-16
1.1102230246251565e-16
3.3306690738754696e-16
-2.220446049250313e-16
2.220446049250313e-16
1.1102230246251565e-16
6.661338147750939e-16
1.1102230246251565e-16
0.0
1.1102230246251565e-16
4.996003610813204e-16
5.551115123125783e-17
2.220446049250313e-16
3.3306690738754696e-16
0.0
1.6653345369377348e-16
-5.551115123125783e-17
1.6653345369377348e-16
-5.551115123125783e-17
1.1102230246251565e-16
2.220446049250313e-16
2.220446049250313e-16
-5.551115123125783e-17
1.6653345369377348e-16
2.220446049250313e-16
2.7755575615628914e-16
2.7755575615628914e-16
1.1102230246251565e-16
5.551115123125783e-17
-1.3877787807814457e-16
1.942890293094024e-16
4.163336342344337e-16
-5.551115123125783e-17
3.0531133177191805e-16
-1.3877787807814457e-16
3.608224830031759e-16
1.6653345369377348e-16
2.498001805406602e-16
3.608224830031759e-16
6.245004513516506e-16
4.718447854656915e-16
-2.7755575615628914e-17
-6.938893903907228e-17
4.163336342344337e-17
1.0408340855860843e-16
1.6653345369377348e-16
2.0816681711721685e-16
6.245004513516506e-17
7.632783294297951e-17
-1.734723475976807e-16
1.3877787807814457e-16
-1.1102230246251565e-16
4.0245584642661925e-16
3.7470027081099033e-16
2.914335439641036e-16
6.938893903907228e-17
4.163336342344337e-16
6.938893903907228e-17
-3.0531133177191805e-16
2.498001805406602e-16
5.551115123125783e-17
2.498001805406602e-16
5.273559366969494e-16
-5.551115123125783e-17
-1.6653345369377348e-16
1.3877787807814457e-16
2.7755575615628914e-16
5.551115123125783e-17
1.6653345369377348e-16
1.1102230246251565e-16
5.551115123125783e-16
3.3306690738754696e-16
0.0
3.3306690738754696e-16
5.551115123125783e-17
2.7755575615628914e-16
2.220446049250313e-16
5.551115123125783e-17
1.1102230246251565e-16
-2.220446049250313e-16
-1.6653345369377348e-16
1.1102230246251565e-16
-1.6653345369377348e-16
-1.1102230246251565e-16
3.3306690738754696e-16
1.1102230246251565e-16
5.551115123125783e-17
-1.1102230246251565e-16
-2.220446049250313e-16
3.3306690738754696e-16
0.0
-1.1102230246251565e-16
4.440892098500626e-16
-1.1102230246251565e-16
2.220446049250313e-16
0.0
1.1102230246251565e-16
0.0
0.0
2.220446049250313e-16
-1.1102230246251565e-16
-2.220446049250313e-16
2.220446049250313e-16
1.1102230246251565e-16
0.0
3.3306690738754696e-16
2.220446049250313e-16
0.0
1.1102230246251565e-16
3.3306690738754696e-16
2.220446049250313e-16
1.1102230246251565e-16
3.3306690738754696e-16
2.220446049250313e-16
-1.1102230246251565e-16
3.3306690738754696e-16
1.1102230246251565e-16
1.1102230246251565e-16
-1.1102230246251565e-16
-2.220446049250313e-16
-1.1102230246251565e-16
1.1102230246251565e-16
0.0
2.220446049250313e-16
2.220446049250313e-16
0.0
-1.1102230246251565e-16
0.0
2.220446049250313e-16
-2.220446049250313e-16
2.220446049250313e-16
-1.1102230246251565e-16
1.1102230246251565e-16
-3.3306690738754696e-16
-2.220446049250313e-16
0.0
-1.1102230246251565e-16
-2.220446049250313e-16
-1.1102230246251565e-16
0.0
0.0
-1.1102230246251565e-16
0.0
1.1102230246251565e-16
2.220446049250313e-16
3.3306690738754696e-16
5.551115123125783e-17
2.7755575615628914e-16
0.0
2.7755575615628914e-16
5.551115123125783e-17
-1.6653345369377348e-16
0.0
1.1102230246251565e-16
3.885780586188048e-16
2.7755575615628914e-16
3.885780586188048e-16
5.551115123125783e-17
3.885780586188048e-16
-5.551115123125783e-17
2.7755575615628914e-16
0.0
1.1102230246251565e-16
1.6653345369377348e-16
3.885780586188048e-16
-2.7755575615628914e-17
3.608224830031759e-16
5.551115123125783e-17
0.0
5.551115123125783e-17
3.3306690738754696e-16
2.7755575615628914e-16
4.440892098500626e-16
4.163336342344337e-16
-1.249000902703301e-16
-5.551115123125783e-17
6.661338147750939e-16
1.6653345369377348e-16
-1.734723475976807e-16
-1.942890293094024e-16
-1.5265566588595902e-16
2.983724378680108e-16
4.163336342344337e-16
1.3183898417423734e-16
3.2612801348363973e-16
-2.7755575615628914e-16
1.942890293094024e-16
-2.636779683484747e-16
-4.163336342344337e-17
-2.7755575615628914e-17
6.245004513516506e-17
3.3306690738754696e-16
1.8041124150158794e-16
-1.942890293094024e-16
1.6653345369377348e-16
-1.3877787807814457e-16
2.7755575615628914e-17
4.163336342344337e-16
-1.1102230246251565e-16
8.326672684688674e-17
5.551115123125783e-17
-5.551115123125783e-17
3.0531133177191805e-16
1.6653345369377348e-16
3.3306690738754696e-16
1.1102230246251565e-16
2.220446049250313e-16
2.220446049250313e-16
0.0
1.1102230246251565e-16
1.1102230246251565e-16
3.3306690738754696e-16
2.220446049250313e-16
-1.1102230246251565e-16
1.1102230246251565e-16
5.551115123125783e-17
4.440892098500626e-16
-1.6653345369377348e-16
2.220446049250313e-16
4.440892098500626e-16
3.3306690738754696e-16
5.551115123125783e-17
3.3306690738754696e-16
1.1102230246251565e-16
0.0
0.0
2.220446049250313e-16
2.220446049250313e-16
5.551115123125783e-16
-3.3306690738754696e-16
-1.1102230246251565e-16
-2.220446049250313e-16
-2.220446049250313e-16
4.440892098500626e-16
2.220446049250313e-16
0.0
3.3306690738754696e-16
-1.1102230246251565e-16
1.1102230246251565e-16
2.220446049250313e-16
1.1102230246251565e-16
3.3306690738754696e-16
1.1102230246251565e-16
3.3306690738754696e-16
0.0
1.1102230246251565e-16
3.3306690738754696e-16
0.0
-1.1102230246251565e-16
3.3306690738754696e-16
-2.220446049250313e-16
0.0
1.1102230246251565e-16
1.1102230246251565e-16
2.220446049250313e-16
0.0
2.220446049250313e-16
6.661338147750939e-16
-1.1102230246251565e-16
-1.1102230246251565e-16
2.220446049250313e-16
-1.1102230246251565e-16
-3.3306690738754696e-16
0.0
2.220446049250313e-16
3.3306690738754696e-16
0.0
2.220446049250313e-16
3.3306690738754696e-16
0.0
4.440892098500626e-16
-2.220446049250313e-16
-1.1102230246251565e-16
2.220446049250313e-16
3.3306690738754696e-16
1.1102230246251565e-16
-1.1102230246251565e-16
3.3306690738754696e-16
4.440892098500626e-16
1.1102230246251565e-16
1.1102230246251565e-16
2.7755575615628914e-16
-5.551115123125783e-17
1.6653345369377348e-16
3.3306690738754696e-16
-1.6653345369377348e-16
3.3306690738754696e-16
-5.551115123125783e-17
5.551115123125783e-17
-2.220446049250313e-16
3.3306690738754696e-16
1.1102230246251565e-16
1.6653345369377348e-16
0.0
1.6653345369377348e-16
-5.551115123125783e-17
1.6653345369377348e-16
1.6653345369377348e-16
3.3306690738754696e-16
2.7755575615628914e-16
0.0
0.0
0.0
2.7755575615628914e-16
5.551115123125783e-17
3.3306690738754696e-16
3.608224830031759e-16
8.326672684688674e-17
2.636779683484747e-16
-2.220446049250313e-16
3.469446951953614e-16
1.5265566588595902e-16
9.71445146547012e-17
4.440892098500626e-16
1.3877787807814457e-17
4.371503159461554e-16
2.1510571102112408e-16
5.412337245047638e-16
2.42861286636753e-16
3.191891195797325e-16
2.3592239273284576e-16
-1.3183898417423734e-16
-1.8041124150158794e-16
4.718447854656915e-16
-2.636779683484747e-16
1.942890293094024e-16
3.3306690738754696e-16
3.469446951953614e-16
-2.498001805406602e-16
2.3592239273284576e-16
4.3021142204224816e-16
-2.498001805406602e-16
-2.220446049250313e-16
5.551115123125783e-17
2.498001805406602e-16
2.498001805406602e-16
0.0
0.0
-1.6653345369377348e-16
1.1102230246251565e-16
-5.551115123125783e-17
0.0
-2.220446049250313e-16
1.1102230246251565e-16
2.7755575615628914e-16
3.885780586188048e-16
1.1102230246251565e-16
-5.551115123125783e-17
2.220446049250313e-16
0.0
-2.220446049250313e-16
3.3306690738754696e-16
-2.220446049250313e-16
0.0
2.7755575615628914e-16
-1.1102230246251565e-16
-2.220446049250313e-16
0.0
0.0
2.220446049250313e-16
-3.3306690738754696e-16
0.0
2.220446049250313e-16
3.3306690738754696e-16
4.440892098500626e-16
1.1102230246251565e-16
-1.1102230246251565e-16
0.0
2.220446049250313e-16
0.0
1.1102230246251565e-16
2.220446049250313e-16
0.0
2.220446049250313e-16
1.1102230246251565e-16
4.440892098500626e-16
1.1102230246251565e-16
1.1102230246251565e-16
2.220446049250313e-16
3.3306690738754696e-16
-1.1102230246251565e-16
-1.1102230246251565e-16
4.440892098500626e-16
2.220446049250313e-16
-1.1102230246251565e-16
5.551115123125783e-16
0.0
2.220446049250313e-16
1.1102230246251565e-16
0.0
-2.220446049250313e-16
-3.3306690738754696e-16
0.0
2.220446049250313e-16
2.220446049250313e-16
2.220446049250313e-16
-1.1102230246251565e-16
0.0
1.1102230246251565e-16
1.1102230246251565e-16
0.0
6.661338147750939e-16
2.220446049250313e-16
5.551115123125783e-16
0.0
1.1102230246251565e-16
1.1102230246251565e-16
2.220446049250313e-16
3.3306690738754696e-16
0.0
2.220446049250313e-16
1.1102230246251565e-16
0.0
2.220446049250313e-16
2.220446049250313e-16
2.220446049250313e-16
1.1102230246251565e-16
0.0
1.6653345369377348e-16
0.0
1.6653345369377348e-16
5.551115123125783e-17
2.7755575615628914e-16
3.3306690738754696e-16
1.6653345369377348e-16
1.1102230246251565e-16
5.551115123125783e-16
0.0
-2.220446049250313e-16
0.0
1.6653345369377348e-16
-2.7755575615628914e-16
5.551115123125783e-17
2.7755575615628914e-16
4.440892098500626e-16
3.885780586188048e-16
4.163336342344337e-16
2.498001805406602e-16
1.942890293094024e-16
-3.0531133177191805e-16
-2.7755575615628914e-17
-5.551115123125783e-17
3.3306690738754696e-16
-3.3306690738754696e-16
-8.326672684688674e-17
2.0816681711721685e-16
-1.249000902703301e-16
2.7755575615628914e-17
-1.6653345369377348e-16
-9.020562075079397e-17
-2.2898349882893854e-16
3.0531133177191805e-16
3.3306690738754696e-16
3.885780586188048e-16
1.1796119636642288e-16
2.498001805406602e-16
2.0816681711721685e-16
3.5388358909926865e-16
-2.7755575615628914e-17
2.5673907444456745e-16
9.71445146547012e-17
-1.3877787807814457e-16
2.7755575615628914e-16
3.469446951953614e-16
-1.6653345369377348e-16
9.71445146547012e-17
-4.163336342344337e-17
1.3877787807814457e-16
4.440892098500626e-16
3.0531133177191805e-16
-2.7755575615628914e-17
-5.551115123125783e-17
-2.220446049250313e-16
2.7755575615628914e-17
3.0531133177191805e-16
2.220446049250313e-16
0.0
1.1102230246251565e-16
1.1102230246251565e-16
5.551115123125783e-17
1.6653345369377348e-16
2.220446049250313e-16
0.0
-5.551115123125783e-17
1.6653345369377348e-16
1.1102230246251565e-16
-5.551115123125783e-17
5.551115123125783e-17
3.3306690738754696e-16
-1.1102230246251565e-16
2.220446049250313e-16
-2.220446049250313e-16
-4.440892098500626e-16
-2.220446049250313e-16
5.551115123125783e-17
0.0
2.220446049250313e-16
2.220446049250313e-16
3.3306690738754696e-16
-1.1102230246251565e-16
2.220446049250313e-16
2.220446049250313e-16
0.0
2.220446049250313e-16
2.220446049250313e-16
3.3306690738754696e-16
6.661338147750939e-16
-3.3306690738754696e-16
-2.220446049250313e-16
-2.220446049250313e-16
-1.1102230246251565e-16
0.0
3.3306690738754696e-16
-1.1102230246251565e-16
-1.1102230246251565e-16
-1.1102230246251565e-16
3.3306690738754696e-16
3.3306690738754696e-16
2.220446049250313e-16
-1.1102230246251565e-16
-1.1102230246251565e-16
1.1102230246251565e-16
2.220446049250313e-16
2.220446049250313e-16
0.0
-1.1102230246251565e-16
-3.3306690738754696e-16
3.3306690738754696e-16
0.0
2.220446049250313e-16
-2.220446049250313e-16
2.220446049250313e-16
0.0
-1.1102230246251565e-16
0.0
1.1102230246251565e-16
3.3306690738754696e-16
0.0
-1.1102230246251565e-16
1.1102230246251565e-16
1.1102230246251565e-16
3.3306690738754696e-16
3.3306690738754696e-16
1.1102230246251565e-16
-2.220446049250313e-16
0.0
5.551115123125783e-16
-1.1102230246251565e-16
0.0
0.0
0.0
-2.220446049250313e-16
2.220446049250313e-16
3.885780586188048e-16
-5.551115123125783e-17
1.6653345369377348e-16
1.6653345369377348e-16
5.551115123125783e-17
2.220446049250313e-16
-2.220446049250313e-16
2.7755575615628914e-16
-5.551115123125783e-17
3.3306690738754696e-16
-5.551115123125783e-17
2.7755575615628914e-16
1.6653345369377348e-16
2.220446049250313e-16
1.6653345369377348e-16
3.3306690738754696e-16
-5.551115123125783e-17
-5.551115123125783e-17
2.220446049250313e-16
2.7755575615628914e-17
1.1102230246251565e-16
3.0531133177191805e-16
0.0
1.1102230246251565e-16
1.6653345369377348e-16
-8.326672684688674e-17
4.996003610813204e-16
-3.0531133177191805e-16
-2.7755575615628914e-17
6.938893903907228e-17
3.191891195797325e-16
1.6653345369377348e-16
1.734723475976807e-16
-6.245004513516506e-17
2.2898349882893854e-16
2.0816681711721685e-16
-7.632783294297951e-17
2.0816681711721685e-16
6.245004513516506e-17
1.942890293094024e-16
9.020562075079397e-17
-1.6653345369377348e-16
9.71445146547012e-17
2.636779683484747e-16
-2.914335439641036e-16
1.3877787807814457e-17
2.0816681711721685e-16
1.3877787807814457e-16
-1.6653345369377348e-16
4.996003610813204e-16
0.0
4.440892098500626e-16
0.0
5.551115123125783e-17
3.885780586188048e-16
-1.1102230246251565e-16
8.326672684688674e-17
8.326672684688674e-17
-2.220446049250313e-16
-2.220446049250313e-16
4.440892098500626e-16
1.6653345369377348e-16
1.6653345369377348e-16
2.220446049250313e-16
5.551115123125783e-17
0.0
6.106226635438361e-16
1.1102230246251565e-16
-1.1102230246251565e-16
5.551115123125783e-17
2.7755575615628914e-16
3.3306690738754696e-16
5.551115123125783e-17
2.220446049250313e-16
4.440892098500626e-16
-1.6653345369377348e-16
3.3306690738754696e-16
-2.220446049250313e-16
2.220446049250313e-16
3.3306690738754696e-16
3.3306690738754696e-16
0.0
0.0
1.1102230246251565e-16
1.1102230246251565e-16
6.661338147750939e-16
0.0
1.1102230246251565e-16
3.3306690738754696e-16
2.220446049250313e-16
-2.220446049250313e-16
1.1102230246251565e-16
2.220446049250313e-16
2.220446049250313e-16
0.0
0.0
-1.1102230246251565e-16
0.0
-4.440892098500626e-16
2.220446049250313e-16
0.0
-1.1102230246251565e-16
1.1102230246251565e-16
2.220446049250313e-16
2.220446049250313e-16
-2.220446049250313e-16
2.220446049250313e-16
0.0
-2.220446049250313e-16
2.220446049250313e-16
1.1102230246251565e-16
3.3306690738754696e-16
0.0
0.0
1.1102230246251565e-16
-1.1102230246251565e-16
-1.1102230246251565e-16
0.0
3.3306690738754696e-16
-1.1102230246251565e-16
-1.1102230246251565e-16
0.0
-1.1102230246251565e-16
3.3306690738754696e-16
1.1102230246251565e-16
0.0
1.1102230246251565e-16
0.0
1.1102230246251565e-16
0.0
1.1102230246251565e-16
2.220446049250313e-16
4.440892098500626e-16
2.220446049250313e-16
3.3306690738754696e-16
-1.1102230246251565e-16
2.7755575615628914e-16
0.0
5.551115123125783e-17
6.661338147750939e-16
2.7755575615628914e-16
5.551115123125783e-17
3.3306690738754696e-16
1.6653345369377348e-16
1.1102230246251565e-16
0.0
-1.6653345369377348e-16
1.1102230246251565e-16
-1.1102230246251565e-16
3.885780586188048e-16
0.0
1.1102230246251565e-16
-5.551115123125783e-17
1.6653345369377348e-16
3.608224830031759e-16
1.1102230246251565e-16
1.1102230246251565e-16
5.273559366969494e-16
-1.3877787807814457e-16
5.828670879282072e-16
5.551115123125783e-17
4.718447854656915e-16
1.942890293094024e-16
-1.249000902703301e-16
-2.7755575615628914e-16
-4.163336342344337e-17
2.220446049250313e-16
2.7755575615628914e-17
-5.204170427930421e-16
1.0408340855860843e-16
6.661338147750939e-16
5.134781488891349e-16
2.0816681711721685e-16
4.3021142204224816e-16
2.636779683484747e-16
-3.469446951953614e-16
2.914335439641036e-16
2.3592239273284576e-16
-2.8449465006019636e-16
-4.85722573273506e-17
2.3592239273284576e-16
6.245004513516506e-16
-1.3877787807814457e-16
6.938893903907228e-16
8.326672684688674e-17
5.551115123125783e-17
3.608224830031759e-16
-2.7755575615628914e-16
0.0
0.0
5.273559366969494e-16
2.7755575615628914e-16
-1.1102230246251565e-16
5.551115123125783e-17
5.551115123125783e-17
0.0
3.3306690738754696e-16
1.1102230246251565e-16
-5.551115123125783e-16
3.885780586188048e-16
5.551115123125783e-17
1.1102230246251565e-16
2.220446049250313e-16
-3.3306690738754696e-16
2.220446049250313e-16
0.0
3.885780586188048e-16
0.0
3.3306690738754696e-16
-1.1102230246251565e-16
5.551115123125783e-16
5.551115123125783e-17
1.1102230246251565e-16
0.0
0.0
3.3306690738754696e-16
3.3306690738754696e-16
1.1102230246251565e-16
1.1102230246251565e-16
0.0
2.220446049250313e-16
2.220446049250313e-16
0.0
1.1102230246251565e-16
-4.440892098500626e-16
