201
-9.020562075079397e-16
2.55351295663786e-15
1.790234627208065e-15
-4.9682480351975755e-15
5.662137425588298e-15
-1.6375789613221059e-15
1.970645868709653e-15
-3.941291737419306e-15
3.3861802251067274e-15
2.067790383364354e-15
-3.1363800445660672e-15
-5.662137425588298e-15
-7.632783294297951e-15
-7.729927808952652e-15
-7.216449660063518e-16
1.9984014443252818e-15
4.163336342344337e-15
-6.966649479522857e-15
-1.0824674490095276e-15
2.6367796834847468e-15
4.773959005888173e-15
1.6653345369377348e-16
4.107825191113079e-15
3.552713678800501e-15
-6.938893903907228e-16
2.3592239273284576e-15
1.3322676295501878e-15
-1.3600232051658168e-15
4.163336342344337e-15
5.717648576819556e-15
-5.190292640122607e-15
3.4139358007223564e-15
2.220446049250313e-16
-3.3029134982598407e-15
-6.716849298982197e-15
3.885780586188048e-16
4.163336342344337e-16
-6.189493362285248e-15
-3.247402347028583e-15
1.2212453270876722e-15
1.4432899320127035e-15
1.304512053934559e-15
2.1094237467877974e-15
-3.1086244689504383e-15
-2.7755575615628914e-15
-9.43689570931383e-16
1.887379141862766e-15
9.43689570931383e-16
5.218048215738236e-15
-2.4702462297909733e-15
3.885780586188048e-16
2.0539125955565396e-15
-3.3306690738754696e-15
-2.220446049250313e-15
1.4155343563970746e-15
1.8596235662471372e-15
7.93809462606987e-15
3.608224830031759e-16
-6.63358257213531e-15
4.579669976578771e-15
1.812439087700568e-14
9.71445146547012e-16
2.1649348980190553e-15
4.884981308350689e-15
-2.248201624865942e-15
-3.2751579226442118e-15
-4.440892098500626e-16
-2.4424906541753444e-15
2.55351295663786e-15
-2.275957200481571e-15
2.7755575615628914e-15
5.329070518200751e-15
-2.886579864025407e-15
1.9984014443252818e-15
8.326672684688674e-16
2.0539125955565396e-15
1.2212453270876722e-15
9.492406860545088e-15
-8.271161533457416e-15
-5.329070518200751e-15
5.88418203051333e-15
-2.55351295663786e-15
-5.329070518200751e-15
-3.3861802251067274e-15
2.7755575615628914e-15
-2.220446049250313e-16
-8.881784197001252e-16
-4.163336342344337e-15
-3.4416913763379853e-15
-2.6645352591003757e-15
-5.995204332975845e-15
2.3314683517128287e-15
2.220446049250313e-16
5.88418203051333e-15
-1.1102230246251565e-15
-1.6042722705833512e-14
2.9976021664879227e-15
2.3869795029440866e-15
1.1601830607332886e-14
-2.275957200481571e-15
6.161737786669619e-15
-2.9976021664879227e-15
-4.218847493575595e-15
-5.10702591327572e-15
5.551115123125783e-17
2.275957200481571e-15
1.0547118733938987e-15
-4.9960036108132044e-15
-8.049116928532385e-15
-4.3298697960381105e-15
-7.16093850883226e-15
-7.66053886991358e-15
-6.38378239159465e-15
3.3306690738754696e-16
1.9984014443252818e-15
2.220446049250313e-16
-7.882583474838611e-15
-2.1094237467877974e-15
-2.831068712794149e-15
-2.220446049250313e-16
-7.827072323607354e-15
-1.8318679906315083e-15
1.1657341758564144e-15
-6.328271240363392e-15
-3.4416913763379853e-15
1.1102230246251565e-15
-9.270362255620057e-15
6.8833827526759706e-15
4.107825191113079e-15
6.106226635438361e-16
-1.4988010832439613e-15
5.6066262743570405e-15
-5.551115123125783e-17
8.881784197001252e-16
-2.9976021664879227e-15
-4.218847493575595e-15
-4.440892098500626e-16
4.107825191113079e-15
2.6645352591003757e-15
-8.770761894538737e-15
-1.1102230246251565e-14
-6.439293542825908e-15
-1.6986412276764895e-14
4.440892098500626e-16
-1.7763568394002505e-15
-1.6209256159527285e-14
5.218048215738236e-15
8.881784197001252e-16
4.884981308350689e-15
-1.1324274851176597e-14
2.220446049250313e-16
6.5503158452884236e-15
6.772360450213455e-15
-2.9976021664879227e-15
2.220446049250313e-16
-2.55351295663786e-15
-2.220446049250313e-16
-2.9976021664879227e-15
4.551914400963142e-15
-1.3322676295501878e-15
-4.440892098500626e-16
-8.881784197001252e-16
-1.9984014443252818e-15
5.551115123125783e-16
-2.886579864025407e-15
3.552713678800501e-15
-4.440892098500626e-16
7.327471962526033e-15
-5.551115123125783e-16
6.994405055138486e-15
-1.1102230246251565e-16
1.4432899320127035e-15
6.661338147750939e-16
3.6637359812630166e-15
-3.1086244689504383e-15
-4.440892098500626e-16
-4.107825191113079e-15
3.6637359812630166e-15
2.55351295663786e-15
6.661338147750939e-16
-1.4432899320127035e-15
7.216449660063518e-15
4.107825191113079e-15
-4.107825191113079e-15
-2.6645352591003757e-15
-9.992007221626409e-16
5.662137425588298e-15
2.9976021664879227e-15
7.327471962526033e-15
-3.552713678800501e-15
1.1102230246251565e-16
-1.9984014443252818e-15
-5.218048215738236e-15
-8.659739592076221e-15
1.5543122344752192e-15
-4.6629367034256575e-15
-9.992007221626409e-16
3.552713678800501e-15
-2.3314683517128287e-15
1.7763568394002505e-15
-1.3655743202889425e-14
