201
-5.773159728050814e-15
1.099120794378905e-14
-2.2343238370581275e-15
1.1782241848834474e-14
1.04638520070921e-14
-1.0685896612017132e-15
-3.319566843629218e-14
9.658940314238862e-15
-4.386074836659759e-14
8.555656183517613e-15
2.6117996654306808e-14
-4.378442053365461e-14
1.2941037130786981e-14
3.781003288239049e-14
-1.1379786002407855e-15
6.591949208711867e-16
3.768513279212016e-14
-9.200973316580985e-15
8.354428260304303e-15
-1.0241807402167069e-14
-9.610368056911511e-15
3.329975184485079e-14
9.582612481295882e-15
-1.5189238755652923e-14
-1.0429157537572564e-14
-1.5779044737485037e-14
-7.216449660063518e-16
-3.4486302702418925e-15
-9.978129433818594e-15
1.3600232051658168e-14
-1.6139867220488213e-14
4.579669976578771e-15
-3.058664432842306e-14
1.0019762797242038e-14
1.7208456881689926e-15
-2.045585922871851e-14
1.812439087700568e-14
-1.1129985821867194e-14
-7.13318293321663e-15
-3.262667913617179e-14
-1.16157083951407e-14
-1.1379786002407855e-15
4.926614671774132e-15
2.4064084058750268e-14
7.327471962526033e-15
4.1300296516055823e-14
1.0325074129013956e-14
8.72635297355373e-14
1.7053025658242404e-13
3.1541436129600697e-13
1.8762769116165146e-14
4.8183679268731794e-14
-2.0622392682412283e-14
4.241051954068098e-14
1.0755285551056204e-15
1.7473869573514378e-14
-1.2281842209915794e-15
1.573394192710964e-15
-1.2346026978526936e-14
-5.826936155806095e-15
2.3626933742804113e-15
-2.041769531224702e-15
1.88633830777718e-14
-5.351968868083645e-14
-1.666375371023321e-14
1.860317455637528e-14
-4.552955235048728e-14
-3.2231162183649076e-15
1.186550857568136e-14
-3.664082925958212e-14
6.0923488476305465e-15
-1.2198575483068907e-14
-1.755887102383724e-14
1.6247420075998775e-14
4.2327252813834093e-16
-1.4911682999496634e-14
6.904199434387692e-15
1.111610803405938e-14
7.022160630754115e-15
-1.9435841824844147e-14
-4.010680676458378e-15
-1.7628259962876314e-14
1.4765966227514582e-14
2.2669366384064915e-14
3.3306690738754696e-15
1.7555401576885288e-15
-1.0179357357031904e-14
-3.2460145682478014e-14
-3.6914915568786455e-15
-1.912359159916832e-14
2.2072621508328893e-14
3.895495037653518e-14
-1.5605572389887357e-14
-2.6575963651964685e-15
-3.963496197911809e-14
5.717648576819556e-15
-3.8719027983802334e-15
-7.438494264988549e-15
-1.874889132835733e-14
-8.451572774959004e-15
1.6986412276764895e-14
3.5860203695392556e-14
8.971989817752046e-15
-2.2898349882893854e-15
4.191091917959966e-15
3.344546861683284e-15
-4.864164626638967e-15
2.6367796834847468e-15
3.46528361561127e-14
3.479855292809475e-14
-1.2219392164780629e-14
-3.112093915902392e-14
-8.229528170033973e-15
2.2121193765656244e-14
-9.18709552877317e-15
-1.6181500583911657e-14
-5.037636974236648e-14
-1.2753686995381486e-14
2.0372592501871623e-14
7.494005416219807e-16
-5.66352520436908e-14
1.4682699500667695e-14
-5.34711164235091e-14
-1.1879386363489175e-14
-9.865719352575297e-14
-1.6528445279107018e-14
1.9262369477246466e-14
-8.100464743421298e-14
1.892930256985892e-14
5.162537064506978e-15
-1.211530875622202e-14
-1.915134717478395e-15
1.3711254354120683e-14
5.703770789011742e-14
-3.468059173172833e-14
-6.37406794012918e-14
5.77871084317394e-14
2.07930894724484e-13
1.2390088954816747e-13
-2.213507155346406e-14
-4.6601611458640946e-14
6.655787032627813e-14
2.8102520310824275e-14
-1.3550272015550036e-13
7.174816296640074e-14
5.6316062924111066e-14
3.8240244304432736e-13
-3.0184188481996443e-13
-8.788247907176583e-13
-3.9093728254613325e-13
4.764244554422703e-14
2.5632274081033302e-14
2.0386470289679437e-13
2.1399548799649892e-14
-1.6198153929281034e-13
-1.473543509433739e-13
5.964673199798654e-14
1.3825052214144762e-13
-2.248201624865942e-15
-2.6867397195928788e-14
5.384581669432009e-14
-3.444466933899548e-14
6.242228955954943e-14
-4.471423231677818e-14
5.495603971894525e-15
-4.2021941482062175e-14
1.554312234475219e-14
-3.633204848085825e-14
3.1086244689504383e-15
1.790234627208065e-14
1.1296519275560968e-14
4.651834473179406e-14
2.0122792321330962e-14
-1.0602629885170245e-14
-8.992806499463768e-15
1.6292522886374172e-14
5.412337245047638e-15
-2.7533531010703882e-14
2.7783331191244542e-14
1.404432126150823e-14
-1.2906342661267445e-14
2.811639809863209e-14
-2.0122792321330962e-14
-5.012656956182582e-14
2.248201624865942e-14
-1.865174681370263e-14
-1.9234613901630837e-14
-3.6110003875933216e-14
-3.0031532816110484e-14
-9.603429163007604e-15
7.438494264988549e-15
2.4397150966137815e-14
-1.4155343563970746e-15
-1.2545520178264269e-14
1.9789725413943415e-14
-9.492406860545088e-15
2.2148949341271873e-14
1.432187701766452e-14
1.709743457922741e-14
-2.270406085358445e-14
-1.4155343563970746e-14
