901
0.5319142483681663
0.54236332337534
0.5532481042595505
0.5645715668817244
0.5763349246105741
0.5885372985562969
0.6011753542363973
0.6142429046946165
0.6277304811535744
0.6416248736381127
0.6559086456948482
0.6705596293815446
0.6855504091211159
0.7008478058017539
0.716412375619105
0.7321979415214144
0.7481511786069456
0.7642112782487731
0.7803097188337954
0.7963701734814962
0.8123085865730786
0.828033450946601
0.8434463157548562
0.8584425508218824
0.8729123865353234
0.8867422386895979
0.899816315285326
0.9120184874183747
0.9232343897176662
0.9333536983243119
0.9422725174705889
0.949895790865994
0.9561396429579248
0.9609335492214942
0.964222235134161
0.9659672110628632
0.9661478649061312
0.9647620552085441
0.9618261730989135
0.957374669725076
0.9514590744644975
0.9441465556430257
0.9355180976221531
0.9256663842688198
0.9146934880455022
0.9027084660529485
0.8898249598333294
0.8761588856799037
0.8618262880593625
0.8469414121557206
0.8316150340731894
0.8159530702768281
0.8000554724912848
0.7840154012607529
0.7679186610962692
0.7518433726969923
0.7358598529890689
0.7200306713716904
0.704410850190186
0.68904817862837
0.6739836114933327
0.6592517273624403
0.6448812239405372
0.6308954319681033
0.6173128324277888
0.6041475649774216
0.5914099184043573
0.5791067964030577
0.5672421541112552
0.5558174026093993
0.5448317800180097
0.5342826889521813
0.5241660009501871
0.5144763291234326
0.5052072707158998
0.4963516215478551
0.4879015644823237
0.47984883412092744
0.47218485993127896
0.46490088995051343
0.4579880971144202
0.45143767014157254
0.4452408907667859
0.4393891989757096
0.433874247748116
0.4286879486756732
0.4238225096835958
0.41927046595652673
0.4150247050485348
0.41107848704581273
0.40742546054876316
0.4040596751475112
0.40097559098116164
0.3981680858958418
0.39563246064911417
0.39336444254812236
0.39136018785511995
0.389616283246213
0.3881297465665193
0.3868980270869261
0.38591900543353574
0.385190993330234
0.384712733266957
0.3844833981807187
0.3845025912127433
0.3847703455826812
0.38528712459936265
0.3860538218064821
0.38707176124044496
0.3883426977560274
0.389868817352935
0.39165273741238793
0.393697506727015
0.3960066051790876
0.39858394289097343
0.4014338586370242
0.40456111726742733
0.4079709058511618
0.41166882819650386
0.41566089735286593
0.41995352563644683
0.42455351165355343
0.42946802371890275
0.4347045789811504
0.4402710174738216
0.44617547020648296
0.4524263202982476
0.45903215603385716
0.46600171459232453
0.47334381506072953
0.4810672792034013
0.48918083831241305
0.4976930243235598
0.5066120432486511
0.5159456288580608
0.5257008744572452
0.5358840405504399
0.5465003361901826
0.5575536718925783
0.5690463821790457
0.5809789161135891
0.5933494946724386
0.6061537344457608
0.6193842380675296
0.6330301529389528
0.647076701291194
0.661504686457382
0.6762899824149818
0.6914030162237608
0.7068082559038137
0.7224637195206159
0.7383205246746178
0.7543225010826937
0.7704058922771754
0.7864991753576598
0.8025230298674401
0.8183904878295197
0.8340072963294243
0.8492725213336446
0.864079416289731
0.8783165711802051
0.8918693469888834
0.9046215871249592
0.9164575816872258
0.9272642433336045
0.9369334360877426
0.9453643820903466
0.9524660576887658
0.958159480963799
0.9623797892323505
0.9650780082438234
0.9662224251144791
0.9657994942017479
0.9638142280400095
0.9602900523970171
0.9552681332343604
0.9488062114135545
0.940977006011462
0.9318662670976996
0.9215705723854373
0.9101949686299733
0.8978505581013534
0.8846521236485578
0.8707158740553824
0.856157376108692
0.8410897226863897
0.8256219687488856
0.8098578506647629
0.7938947897753693
0.7778231691108355
0.7617258629880345
0.745677992846577
0.7297468788984403
0.7139921556275336
0.6984660194519722
0.6832135785104323
0.6682732771339428
0.6536773707438308
0.6394524303667566
0.625619859437683
0.6121964088948034
0.599194679638234
0.586623604156054
0.5744889014847266
0.5627935016621769
0.551537937466951
0.5407207025449716
0.5303385760426294
0.5203869146305116
0.5108599133550994
0.5017508371333487
0.4930522249408949
0.48475606886855727
0.4768539702594896
0.46933727511236567
0.4621971908622662
0.45542488654487806
0.449011578222742
0.44294860141356956
0.43722747211685997
0.4318399378913542
0.42677802029585327
0.42203404987219245
0.4176006947233001
0.41347098362228935
0.4096383244808488
0.40609651890687626
0.40283977349214894
0.3998627083904111
0.3971603636740654
0.3947282038930606
0.392562121201932
0.39065843736958306
0.3890139049406536
0.3876257077765359
0.38649146116766475
0.38560921167600615
0.3849774368371436
0.3845950448244823
0.3844613741533142
0.3845761934793448
0.3849397015243068
0.3855525271399808
0.38641572950089953
0.3875307983947498
0.388899654557572
0.39052464997781394
0.39240856806867797
0.3945546235814765
0.39696646210342
0.3996481589508146
0.40260421723251755
0.4058395648180628
0.4093595498995261
0.4131699347852865
0.4172768875066886
0.4216869707545916
0.42640712759116217
0.43144466330254083
0.4368072226694938
0.44250276183558607
0.4485395138454159
0.45492594680917864
0.46167071352460426
0.46878259125412913
0.4762704102155655
0.4841429692009709
0.492408936594525
0.5010767349208612
0.5101544069272812
0.5196494610952376
0.5295686943998781
0.5399179901052966
0.5507020884152682
0.5619243279157107
0.5735863559715442
0.5856878066062378
0.5982259449308492
0.6111952779374116
0.6245871324682899
0.6383892024578255
0.6525850691517616
0.6671536999734707
0.682068934040967
0.6972989650433562
0.712805835229478
0.7285449575781706
0.7444646866936484
0.7605059624296636
0.7766020534559285
0.7926784306365616
0.8086528018252899
0.8244353400782076
0.8399291358987472
0.85503090053265
0.8696319411627914
0.8836194198877881
0.8968778965835204
0.9092911413959578
0.92074418627768
0.9311255675893039
0.9403296945991821
0.9482592632393577
0.9548276223393061
0.9599609923213975
0.9636004352852955
0.9657034813275507
0.9662453289769365
0.965219557167535
0.9626383108755463
0.9585319504537447
0.9529481834579564
0.945950724915916
0.937617555281749
0.9280388629608838
0.9173147691553487
0.9055529364950153
0.8928661598425292
0.879370028754302
0.8651807377382263
0.8504131042728621
0.8351788371506235
0.8195850805222809
0.8037332432145524
0.7877181092886145
0.7716272148806009
0.7555404682769764
0.739529984835921
0.7236601054949943
0.7079875668171324
0.6925617913836397
0.6774252694050562
0.6626140052845533
0.6481580061848985
0.6340817931366179
0.6204049186659057
0.6071424781631425
0.5943056051573358
0.5819019432539732
0.5699360897131064
0.5584100074960107
0.5473234041140608
0.5366740768051166
0.5264582244783982
0.5166707275480277
0.5073053972567441
0.4983551964104861
0.4898124336340558
0.4816689333459563
0.47391618366099003
0.46654546438229333
0.45954795715681274
0.4529148397529223
0.4466373662865265
0.44070693508062597
0.4351151456990278
0.42985384655227776
0.4249151743360105
0.42029158643108616
0.41597588727233237
0.4119612495792998
0.40824123123833966
0.4048097885305983
0.4016612863147433
0.39879050569610036
0.3961926496446513
0.393863346962526
0.3917986549464682
0.38999506104162995
0.3884494837392969
0.387159272932098
0.3861222099053335
0.3853365071116375
0.38480080784774784
0.38451418592613984
0.38447614541020425
0.3846866204589928
0.3851459753059048
0.385855004374533
0.38681493251381044
0.3880274153131425
0.38949453943591683
0.3912188228861815
0.39320321509793066
0.3954510967087698
0.3979662788492979
0.4007530017457557
0.4038159323957662
0.40716016103474506
0.4107911960631571
0.41471495705154937
0.418937765380594
0.42346633200647216
0.42830774176729414
0.43346943356316214
0.4389591756505459
0.4447850351904389
0.450955341079187
0.45747863897107394
0.46436363727334706
0.4716191427584514
0.47925398429680177
0.48727692306921705
0.49569654747533076
0.5045211508184049
0.5137585897254449
0.5234161211641338
0.5335002158570896
0.544016345884931
0.5549687443314235
0.5663601349796042
0.5781914303439724
0.590461396751924
0.6031662858021464
0.6162994323668554
0.6298508204076686
0.6438066192804752
0.6581486949471997
0.672854102617638
0.6878945698234032
0.7032359817665994
0.71883788394525
0.7346530204511691
0.7506269298284789
0.7666976237763348
0.7827953770159028
0.7988426589899195
0.8147542393345574
0.8304374988260855
0.8457929753163784
0.8607151696218445
0.8750936291029165
0.8888143166094751
0.9017612596483311
0.9138184594265366
0.9248720225530327
0.93481246070339
0.9435370868348383
0.9509524221550607
0.9569765176226885
0.9615410887689377
0.9645933641962418
0.9660975567902375
0.966035882333548
0.964409071934502
0.9612363508799551
0.9565548850482462
0.9504187244479215
0.9428972993641758
0.9340735458917722
0.924041752759792
0.9129052294700888
0.9007738967936685
0.8877618952066204
0.8739852960536744
0.8595599856007977
0.8445997753058976
0.8292147741604612
0.8135100421809957
0.7975845290928181
0.7815302896369821
0.7654319570930086
0.7493664496013125
0.7334028795186754
0.7176026340205248
0.70201959506152
0.6867004681770612
0.6716851920242711
0.6570074036367004
0.6426949377786241
0.628770342275812
0.6152513945790659
0.6021516079536159
0.5894807185007042
0.5772451466672212
0.565448428975425
0.5540916174196916
0.543173645357723
0.5326916598043461
0.5226413208561407
0.5130170695736715
0.5038123660630169
0.4950198997639264
0.48663177409927694
0.4786396676959187
0.4710349743732754
0.46380892403166596
0.4569526864726092
0.4504574600604304
0.4443145469977779
0.43851541684458173
0.4330517597658576
0.4279155308526657
0.42309898672515645
0.41859471549887983
0.41439566107641945
0.410495142616601
0.4068868699330339
0.4035649554825301
0.4005239235215473
0.3977587169347791
0.3952647021737237
0.3930376726838777
0.39107385114646076
0.3893698908135809
0.38792287617390075
0.3867303231484582
0.38579017898280205
0.3851008219713935
0.38466106112277615
0.38447013584879397
0.38452771573768935
0.3848339004486694
0.38538921974414375
0.38619463365475293
0.3872515327511453
0.3885617384747295
0.39012750345689245
0.3919515117319548
0.39403687872295373
0.3963871508506709
0.39900630458467506
0.4018987447198952
0.4050693016228781
0.4085232271476974
0.41226618887194133
0.41630426224752437
0.4206439201987055
0.42529201962987423
0.4302557842278451
0.43554278285697046
0.44116090274989295
0.44711831659197393
0.4534234424832404
0.4600848956385104
0.46711143055485593
0.474511872237288
0.482295034930611
0.4904696266612007
0.49904413775152845
0.5080267113389231
0.5174249938165247
0.5272459630293813
0.5374957320156311
0.5481793260984651
0.5593004312295767
0.570861111683362
0.5828614955319428
0.5952994268265452
0.6081700841072106
0.621465565798726
0.6351744442656734
0.6492812918309564
0.6637661839419764
0.6786041869173942
0.6937648403283925
0.7092116470387797
0.7249015871903356
0.740784675870758
0.7568035876833042
0.7728933747292881
0.7889813073286225
0.804986868786446
0.820821936257112
0.8363911788205702
0.8515927008338602
0.8663189530708827
0.8804579258526253
0.8938946272231408
0.9065128354278864
0.9181970990026095
0.9288349405324399
0.938319202779667
0.9465504598663864
0.9534394031485863
0.9589091029250778
0.9628970445528644
0.9653568418145309
0.9662595418046342
0.9655944537382993
0.9633694577542609
0.959610777152972
0.9543622262933993
0.9476839741098559
0.9396508875723385
0.9303505384832305
0.9198809694900341
0.9083483205499356
0.8958644155028571
0.8825444007354464
0.8685045154607521
0.8538600574698749
0.8387235909559418
0.8232034256609084
0.8074023803866587
0.7914168297463997
0.7753360214639229
0.7592416427864465
0.7432076086212368
0.7273000405976009
0.7115774050258717
0.6960907782421837
0.6808842096500229
0.6659951554817212
0.6514549595428164
0.6372893606710043
0.6235190101086929
0.6101599852867101
0.5972242895361657
0.5847203299215848
0.5726533676941101
0.5610259377982696
0.5498382354483435
0.5390884690510274
0.5287731797268231
0.5188875284128314
0.5094255520531725
0.5003803907368432
0.4917444878594984
0.4835097654947227
0.4756677771866824
0.4682098403408296
0.4611271503097042
0.454410878160981
0.4480522539856331
0.4420426374641972
0.436373577265075
0.43103686070544445
0.42602455496620595
0.4213290410197457
0.416943041304796
0.4128596420670704
0.4090723111781655
0.40557491214828933
0.402361714960644
0.3994274042761531
0.3967670854862787
0.3943762890281611
0.3922509733197237
0.39038752662190535
0.38878276809025797
0.38743394823807875
0.3863387489974134
0.3854952835321077
0.3849020959279915
0.38455816085876054
0.38446288330163125
0.38461609835391397
0.3850180711797962
0.3856694970954104
0.3865715017791945
0.3877256415732345
0.38913390381920876
0.3907987071493093
0.39272290162759177
0.3949097686101369
0.3973630201626387
0.40008679784108936
0.4030856706044424
0.40636463158700653
0.40992909341215134
0.4137848816770795
0.4179382261802429
0.4223957493978343
0.42716445164294264
0.432251692259909
0.4376651661165236
0.4434128745576853
0.4495030898757054
0.45594431223473675
0.46274521786030476
0.4699145971705782
0.47746128138567073
0.48539405600734026
0.49372155941794305
0.5024521647093574
0.5115938427270672
0.5211540042105789
0.5311393188407881
0.5415555089822828
0.5524071159522386
0.5636972367792874
0.5754272296615824
0.5875963867234121
0.6002015732380371
0.6132368332683836
0.6266929627158998
0.6405570521004553
0.6548120030563679
0.6694360245498119
0.6844021172156977
0.6996775569719719
0.7152233921609766
0.730993971817301
0.7469365261462935
0.7629908237359094
0.779088933170508
0.795155119254487
0.8111059056102075
0.8268503355643807
0.8422904615364821
0.8573220891695922
0.8718357958544138
0.8857182338910264
0.8988537163274705
0.9111260688101813
0.9224207142127494
0.9326269393600969
0.9416402761384512
0.9493649142151355
0.9557160511150546
0.9606220790443196
0.9640265078352367
0.9658895304142987
0.9661891512932524
0.9649218190275561
0.9621025289262954
0.9577643904969841
0.9519576827802904
0.944748447427392
0.9362166918943976
0.9264542917780014
0.9155626910823912
0.9036505018331595
0.8908311003997125
0.877220308198234
0.8629342305607071
0.8480873110874508
0.8327906413437453
0.8171505487211801
0.801267469774211
0.7852351031293964
0.7691398255731667
0.7530603472715582
0.7370675771369886
0.7212246668352037
0.7055872014206463
0.6902035056594238
0.6751150373103109
0.6603568415891402
0.6459580444013066
0.6319423654191236
0.618328635499515
0.605131306139093
0.5923609415562512
0.58002468652511
0.5681267052477971
0.556668588347862
0.5456497265221286
0.5350676505347814
0.5249183381140529
0.5151964889580194
0.5058957695100684
0.4970090294617246
0.4885284921125946
0.4804459207916595
0.4727527635445451
0.4654402782371992
0.45849964013367345
0.4519220338871447
0.4456987317491089
0.43982115965947016
0.43428095273600287
0.42907000153954866
0.42418049035447597
0.41960492859423365
0.4153361763207119
0.41136746475411357
0.4076924125474138
0.4043050385061658
0.4011997713500159
0.398371457036394
0.39581536409882184
0.39352718739153203
0.3915030505779091
0.3897395076520159
0.3882335437394807
0.386982575385652
0.3859844505045874
0.38523744813151367
0.3847402780933714
0.38449208068636376
0.3844924264256064
0.3847413159095127
0.38523917981998496
0.3859868790583911
0.386985704996185
0.3882373797974755
0.38974405674839124
0.39150832050424245
0.393533187139803
0.3958221038599827
0.3983789481972403
0.4012080264877254
0.40431407137976666
0.4077022380853089
0.41137809903664824
0.4153476365566158
0.41961723308958593
0.42419365847264345
0.4290840536503221
0.4342959101519084
0.43983704455697314
0.44571556707210447
0.4519398432298327
0.45851844759953914
0.46546010827046724
0.47277364073008576
0.48046786961891375
0.4885515366986902
0.49703319322856576
0.5059210748098382
0.5152229566412135
0.5249459870339699
0.5350964969822919
0.545679783584678
0.5566998651869528
0.5681592062898434
0.5800584105616186
0.592395880750755
0.6051674449403983
0.6183659494636063
0.6319808199456615
0.6459975933951903
0.6603974260630986
0.675156583951015
0.6902459253871815
0.7056303879812592
0.7212684954718469
0.7371119033996482
0.7531050060311937
0.7691846303167392
0.7852798456192077
0.8013119201598077
0.817194456193022
0.8328337354138293
0.8481293035718791
0.8629748183217428
0.8772591766781594
0.8908679279456327
0.9036849647717351
0.91559446945766
0.9264830756169221
0.9362421878167737
0.9447703853739187
0.9519758225988805
0.9577785281078885
0.9621125017841687
0.9649275106158395
0.9661904944233508
0.9658865091571661
0.9640191579824204
0.9606104870736849
0.9557003517166772
0.949345286508388
0.9416169387758377
0.9326001447619299
0.9223907422062873
0.9110932199563999
0.8988183052092922
0.8856805826113248
0.871796227954417
0.8572809241328871
0.8422480099951957
0.8268068952762305
0.8110617582312507
0.7951105278947093
0.7790441406893096
0.7629460517123372
0.7468919744442978
0.7309498186585921
0.7151797946161297
0.6996346517830117
0.6843600218692691
0.6693948385281124
0.6547718092023409
0.6405179180434472
0.6266549423135774
0.6131999680297181
0.6001658937002959
0.5875619137633189
0.5753939757269264
0.5636652070323613
0.5523763093206429
0.5415259191159196
0.5311109349763958
0.5211268119469902
0.511567824715712
0.5024273012654003
0.49369782905794785
0.48537143591960397
0.4774397478393639
0.46989412586971074
0.46272578424827726
0.4559258917549264
0.44948565819314706
0.44339640774652184
0.4376496408175008
0.43223708581179077
0.4271507421913384
0.4223829159845627
