201
0.4729205614850239
0.47314779588174805
0.4733742831982566
0.473600019416163
0.4738250005171997
0.4740492224822171
0.4742726812901407
0.47449537291706767
0.47471729333528057
0.4749384385122147
0.4751588044098561
0.475378386983318
0.47559718218034897
0.47581518594035677
0.47603239419334253
0.47624880285932486
0.47646440784725974
0.4766792050542175
0.4768931903647807
0.47710635964982295
0.47731870876600935
0.4775302335548914
0.4777409298420215
0.4779507934362972
0.4781598201290579
0.47836800569333465
0.4785753458831103
0.47878183643249916
0.4789874730549973
0.4791922514427638
0.4793961672657498
0.4795992161710744
0.47980139378220343
0.48000269569820964
0.48020311749304306
0.4804026547148073
0.480601302884959
0.48079905749764945
0.4809959140189304
0.48119186788605584
0.48138691450676163
0.4815810492584785
0.4817742674876593
0.4819665645090296
0.48215793560486025
0.48234837602422553
0.4825378809822977
0.4827264456595935
0.48291406520128644
0.4831007347163942
0.48328644927713066
0.48347120391812465
0.4836549936356849
0.48383781338708143
0.4840196580897859
0.4842005226207307
0.4843804018155565
0.48455929046788404
0.4847371833285557
0.4849140751048529
0.4850899604597503
0.4852648340111608
0.4854386903311678
0.48561152394522383
0.485783329331414
0.4859541009196344
0.48612383309083784
0.48629252017620295
0.4864601564563688
0.48662673616063284
0.486792253466091
0.4869567024968735
0.48712007732331425
0.4872823719610904
0.48744358037040864
0.48760369645515267
0.48776271406204974
0.48792062697977434
0.4880774289381221
0.4882331136071079
0.48838767459609056
0.4885411054528784
0.4886933996628177
0.4888445506479224
0.48899455176589973
0.4891433963092803
0.4892910775044094
0.489437588510557
0.4895829224189471
0.4897270722517665
0.4898700309611883
0.49001179142841716
0.49015234646263806
0.49029168880003754
0.49042981110275696
0.49056670595785606
0.49070236587626165
0.4908367832917445
0.4909699505597732
0.4911018599564752
0.4912325036775317
0.49136187383701446
0.4914899624663247
0.4916167615129979
0.49174226283955363
0.49186645822233616
0.4919893393503078
0.4921108978238547
0.4922311251535408
0.49235001275891815
0.49246755196721437
0.4925837340120955
0.49269855003237545
0.4928119910707006
0.4929240480722211
0.4930347118832644
0.49314397324994114
0.49325182281681634
0.4933582511254398
0.4934632486129844
0.4935668056107802
0.4936689123428419
0.4937695589244083
0.49386873536043
0.49396643154402925
0.4940626372549717
0.4941573421580841
0.49425053580161493
0.49434220761573217
0.4944323469107421
0.49452094287552634
0.49460798457577443
0.4946934609523214
0.4947773608193582
0.4948596728626816
0.49494038563788956
0.4950194875685769
0.4950969669444229
0.4951728119193336
0.495247010509604
0.49531955059180055
0.49539041990097854
0.4954596060285243
0.49552709642020687
0.4955928783740785
0.49565693903835556
0.4957192654093162
0.4957798443290736
0.49583866248343267
0.49589570639957364
0.4959509624438456
0.4960044168194204
0.49605605556390714
0.4961058645469637
0.49615382946792863
0.49619993585327193
0.4962441690540879
0.4962865142435785
0.49632695641440594
0.49636548037608125
0.4964020707522588
0.49643671197798256
0.496469388296956
0.4965000837586495
0.49652878221547697
0.4965554673198287
0.496580122521124
0.4966027310627574
0.4966232759790335
0.4966417400919985
0.49665810600831234
0.4966723561159681
0.49668447258095705
0.49669443734394975
0.49670223211685943
0.4967078383793979
0.4967112373754477
0.4967124101095421
0.4967113373431508
0.49670799959094447
0.49670237711701115
0.496694449930951
0.4966841977839766
0.49667160016484446
0.49665663629582885
0.4966392851285093
0.4966195253395575
0.49659733532640415
0.49657269320287023
0.4965455767946468
0.4965159636348008
0.4964838309590435
0.49644915570105935
0.4964119144877017
0.49637208363398844
0.49632963913822115
0.49628455667678006
0.49623681159900146
0.4961863789218681
0.49613323332457127
0.4960773491430631
