201
0.6946926995567531
0.6689843447068646
0.6407794399617515
0.6097739729401024
0.5756182695542781
0.5379111966244775
0.4961967097822941
0.44996750612449865
0.3986867203062316
0.34185264455828607
0.2791637460340306
0.21091602790797384
0.1389356435482925
0.0687129560481357
0.013985864592847888
0.004799562047846785
0.09290579596796175
0.3223036720174015
0.6383713333225418
0.8838906498480451
0.9757360674729137
0.9513784274002038
0.8710607886610666
0.7716780794481843
0.6700956837554408
0.5730549956287724
0.48300001682493116
0.4007108507816257
0.3263807478107738
0.26002314460336123
0.2016031081501851
0.151060263564778
0.10829386570370968
0.073140179364341
0.04535481482409151
0.024604607104377764
0.010469624030418028
0.00245381269983263
1.8021760256270924e-06
0.002519096662349726
0.009393091625002466
0.02001284085860926
0.033786133125219754
0.05015307156395464
0.06859589747751321
0.0886452152835442
0.10988304659966522
0.13194328304337494
0.1545101470378434
0.17731523915418068
0.20013367795417228
0.2227797468369541
0.2451023681488366
0.2669806378451199
0.2883195795233367
0.3090462164672345
0.32910601405113427
0.34845971096328504
0.3670805340359553
0.3849517759829634
0.4020647059829828
0.4184167781553541
0.4340101011993699
0.44885013268901747
0.4629445629595259
0.4763023555789911
0.48893291361118246
0.5008453429477685
0.5120477856778431
0.5225467975508176
0.5323467439330496
0.5414491880645738
0.5498522436262026
0.5575498603952177
0.5645310066155179
0.5707787040966248
0.5762688611236377
0.580968832817815
0.5848356168943829
0.5878135623440546
0.5898314257782209
0.5907985497802521
0.5905998520111332
0.5890891921134049
0.5860805103105995
0.5813358863934793
0.5745493253404536
0.5653246131461455
0.5531450072778938
0.5373319361980436
0.5169897050786613
0.4909347806211001
0.45761544603018317
0.4150512395717927
0.36089000916538344
0.2928620364786602
0.21033366375482923
0.11836311272980854
0.03547908910372818
0.00010153742541376128
0.05475421116312216
0.19995922941860994
0.38152543010486567
0.5437267566136758
0.6652884855580543
0.7492637292419375
0.8055996828086256
0.8432775880792677
0.8686995441980436
0.8860790477820367
0.8981205704298879
0.9065557007293904
0.9125002899995575
0.9166794243757156
0.9195668355739489
0.9214712498054434
0.9225901212985459
0.9230431571003876
0.9228930727463468
0.9221580181452019
0.9208182935494194
0.9188188444831497
0.9160682850557414
0.9124346716892484
0.9077378218745655
0.9017375716111724
0.8941169421608592
0.8844587189491138
0.8722134585520404
0.8566565731951175
0.836832307892598
0.8114841630733646
0.7789770425042161
0.7372313356511017
0.6837233913736858
0.6156762848958859
0.5306810720721996
0.42810921087722986
0.3115699157572371
0.1917818180689887
0.08724963913649969
0.01906520862222558
0.0004798323055217788
0.02963024430924571
0.09246612973395224
0.17183450428623767
0.2543139668049776
0.33202162824212716
0.40146953208543457
0.46181953637593715
0.5135492521560254
0.5576577794691998
0.5952588405073864
0.6273987910502762
0.6549905800998819
0.6788021510566392
0.6994676418298064
0.7175061771929633
0.7333414579591553
0.7473194435047862
0.7597233184824175
0.7707857526621664
0.7806987718833761
0.7896216370511551
0.7976871105927523
0.8050064381624913
0.8116733150896978
0.8177670533891674
0.8233551196532186
0.8284951772474703
0.8332367369405387
0.8376224972110087
0.8416894376659186
0.8454697152199615
0.8489914020162005
0.8522790957942437
0.8553544269976582
0.8582364819093773
0.860942157203048
0.8634864582334962
0.8658827509798311
0.8681429756528046
0.8702778284621525
0.8722969168383697
0.8742088924384005
0.8760215654902725
0.8777420034071857
0.879376616096357
0.8809312299756049
0.8824111523762291
0.883821227735026
0.8851658867529093
0.886449189510994
0.8876748633807579
0.8888463364371688
0.8899667669762201
0.8910390696499377
0.8920659386567781
0.8930498683621276
0.8939931716717935
0.8948979964347334
