201
1.9984014443252818e-15
-7.771561172376096e-15
4.884981308350689e-15
-3.3306690738754696e-16
2.9976021664879227e-15
-3.885780586188048e-15
-8.881784197001252e-16
1.354472090042691e-14
-5.329070518200751e-15
1.3322676295501878e-15
1.1102230246251565e-16
-4.440892098500626e-16
6.661338147750939e-16
8.992806499463768e-15
-8.326672684688674e-15
-1.3322676295501878e-14
-2.1094237467877974e-15
5.10702591327572e-15
4.884981308350689e-15
4.107825191113079e-15
2.1094237467877974e-15
9.658940314238862e-15
4.9960036108132044e-15
-4.218847493575595e-15
-6.772360450213455e-15
2.7755575615628914e-15
4.440892098500626e-16
1.199040866595169e-14
3.1086244689504383e-15
-5.773159728050814e-15
-1.5543122344752192e-15
9.992007221626409e-16
-4.440892098500626e-16
7.771561172376096e-16
1.6653345369377348e-15
-5.551115123125783e-16
-1.2212453270876722e-15
8.881784197001252e-16
6.661338147750939e-16
2.4424906541753444e-15
-7.882583474838611e-15
-8.104628079763643e-15
1.1102230246251565e-14
1.7541523789077473e-14
2.3092638912203256e-14
-7.993605777301127e-15
2.7755575615628914e-14
-3.3306690738754696e-14
-3.3306690738754696e-16
-1.2545520178264269e-14
-1.709743457922741e-14
2.3314683517128287e-15
-3.9968028886505635e-15
9.769962616701378e-15
-5.10702591327572e-15
5.218048215738236e-15
8.881784197001252e-15
4.107825191113079e-15
1.2323475573339238e-14
1.2212453270876722e-15
7.882583474838611e-15
1.2989609388114332e-14
1.7319479184152442e-14
-1.0436096431476471e-14
-3.4416913763379853e-15
-7.549516567451064e-15
2.2315482794965646e-14
7.105427357601002e-15
-1.865174681370263e-14
2.220446049250313e-16
1.6431300764452317e-14
-5.440092820663267e-15
-8.548717289613705e-15
-1.6653345369377348e-14
-6.772360450213455e-15
3.8746783559417963e-14
2.0317081350640365e-14
1.021405182655144e-14
7.216449660063518e-15
7.771561172376096e-16
9.658940314238862e-15
2.2315482794965646e-14
1.687538997430238e-14
5.88418203051333e-15
-4.1744385725905886e-14
-1.2434497875801753e-14
4.707345624410664e-14
-2.0211610163300975e-13
-1.3777867735598193e-13
2.8388402739665253e-13
1.192379528447418e-13
-7.049916206369744e-15
7.494005416219807e-15
1.1129985821867194e-14
-4.6129766673175254e-14
1.7014167852380524e-14
4.0523140398818214e-14
2.1094237467877974e-15
2.3203661214665772e-14
-2.1191381982532675e-14
-1.7069679003611782e-14
-1.799949078673535e-14
-7.91033905045424e-15
6.161737786669619e-15
-8.28503932126523e-15
7.077671781985373e-16
-2.1940782524154656e-14
-1.5529244556944377e-14
1.1657341758564144e-14
-3.788636071533347e-15
8.049116928532385e-16
-1.7930101847696278e-14
-1.8457457784393227e-14
2.4868995751603507e-14
7.729927808952652e-15
-4.3298697960381105e-15
-2.4841240175987878e-15
9.409140133698202e-15
8.798517470154366e-15
-7.41073868937292e-15
3.941291737419306e-15
5.051514762044462e-15
8.423817199343375e-15
6.50868248186498e-15
3.802513859341161e-15
5.412337245047638e-16
9.71445146547012e-16
2.5951463200613034e-15
9.534040223968532e-15
-6.716849298982197e-15
-3.0531133177191805e-16
-8.326672684688674e-15
-2.275957200481571e-15
8.326672684688674e-16
-1.3961054534661343e-14
-3.4416913763379853e-15
-5.35682609381638e-15
-4.9404924595819466e-15
1.1379786002407855e-14
4.746203430272544e-15
1.6264767310758543e-14
5.578870698741412e-15
-2.1510571102112408e-14
-2.761679773755077e-14
2.6645352591003757e-15
-1.0824674490095276e-15
3.0558888752807434e-14
2.858824288409778e-15
-1.9595436384634013e-14
5.828670879282072e-16
-1.4432899320127035e-15
-7.91033905045424e-15
-2.942091015256665e-15
4.829470157119431e-15
-9.575673587391975e-15
-2.3869795029440866e-15
-4.679590048795035e-14
3.608224830031759e-16
-6.772360450213455e-15
7.077671781985373e-15
-1.2073675392798577e-14
-1.1102230246251565e-15
9.908740494779522e-15
-1.2795320358804929e-14
3.469446951953614e-15
-9.825473767932635e-15
1.1629586182948515e-14
-1.1129985821867194e-14
-9.18709552877317e-15
3.0808688933348094e-15
-9.769962616701378e-15
-1.6653345369377348e-15
6.6058269965196814e-15
6.328271240363392e-15
1.8318679906315083e-15
9.742207041085749e-15
-2.886579864025407e-15
2.1094237467877974e-15
4.163336342344337e-16
-5.467848396278896e-15
9.492406860545088e-15
2.275957200481571e-15
2.3314683517128287e-15
-1.582067810090848e-15
-2.220446049250313e-16
4.163336342344337e-16
-4.746203430272544e-15
-1.4155343563970746e-15
-8.049116928532385e-16
-1.1102230246251565e-16
-3.552713678800501e-15
2.55351295663786e-15
-2.942091015256665e-15
-1.2212453270876722e-15
-2.275957200481571e-15
7.549516567451064e-15
-1.3322676295501878e-15
-4.6629367034256575e-15
8.326672684688674e-17
-6.938893903907228e-16
-1.27675647831893e-15
