201
-1.5543122344752192e-15
-3.3306690738754696e-16
5.662137425588298e-15
-2.220446049250313e-16
-1.9984014443252818e-15
-3.1086244689504383e-15
1.021405182655144e-14
4.440892098500626e-15
3.219646771412954e-15
-1.7541523789077473e-14
1.7763568394002505e-15
6.661338147750939e-15
5.329070518200751e-15
2.220446049250313e-16
-5.662137425588298e-15
3.6637359812630166e-15
-9.103828801926284e-15
-2.220446049250313e-15
-1.2878587085651816e-14
3.1086244689504383e-15
-2.886579864025407e-15
-7.327471962526033e-15
-9.43689570931383e-15
5.662137425588298e-15
5.995204332975845e-15
5.662137425588298e-15
1.2101430968414206e-14
8.881784197001252e-16
-6.439293542825908e-15
4.218847493575595e-15
1.509903313490213e-14
9.880984919163893e-15
-2.7200464103316335e-14
2.1538326677728037e-14
5.10702591327572e-15
-5.551115123125783e-15
4.574118861455645e-14
1.9984014443252818e-15
-1.3322676295501878e-14
-6.611378111642807e-14
-8.337774914934926e-14
9.103828801926284e-15
4.7684078907650473e-14
5.467848396278896e-14
-5.190292640122607e-14
6.494804694057166e-15
-1.2984058272991206e-13
7.016609515630989e-14
1.326716514427062e-14
8.659739592076221e-15
1.0380585280245214e-14
4.196643033083092e-14
-9.992007221626409e-15
-9.142686607788164e-14
-9.71445146547012e-15
7.205347429817266e-14
4.884981308350689e-15
1.354472090042691e-14
-4.8405723873656825e-14
6.106226635438361e-15
-4.107825191113079e-15
-5.240252676230739e-14
1.1102230246251565e-15
-8.992806499463768e-15
-4.107825191113079e-15
9.880984919163893e-15
6.661338147750939e-16
2.3314683517128287e-15
4.6629367034256575e-15
5.551115123125783e-16
-1.0436096431476471e-14
7.66053886991358e-15
-9.992007221626409e-16
9.880984919163893e-15
-3.552713678800501e-15
-3.552713678800501e-15
8.215650382226158e-15
1.887379141862766e-15
-3.885780586188048e-15
3.774758283725532e-15
4.107825191113079e-15
0.0
1.9984014443252818e-15
1.3322676295501878e-15
-1.1102230246251565e-15
5.662137425588298e-15
5.551115123125783e-16
-7.66053886991358e-15
5.662137425588298e-15
-5.10702591327572e-15
-3.1086244689504383e-15
-1.3322676295501878e-15
3.219646771412954e-15
-5.551115123125783e-16
-4.884981308350689e-15
-3.3306690738754696e-16
3.1086244689504383e-15
-1.6653345369377348e-15
-4.884981308350689e-15
3.6637359812630166e-15
-4.440892098500626e-16
7.771561172376096e-16
-8.215650382226158e-15
-2.55351295663786e-15
6.328271240363392e-15
9.992007221626409e-16
9.103828801926284e-15
-1.2212453270876722e-15
-4.440892098500626e-15
2.220446049250313e-15
-1.0547118733938987e-14
2.9976021664879227e-15
-1.1102230246251565e-15
-3.219646771412954e-15
-9.43689570931383e-15
1.1102230246251565e-15
-4.3298697960381105e-15
-6.328271240363392e-15
-6.5503158452884236e-15
7.438494264988549e-15
1.1102230246251565e-15
5.551115123125783e-15
-1.3433698597964394e-14
-7.771561172376096e-16
-8.548717289613705e-15
6.661338147750939e-16
1.3100631690576847e-14
2.7755575615628914e-15
-4.440892098500626e-15
-1.587618925213974e-14
1.9984014443252818e-15
4.107825191113079e-15
6.661338147750939e-15
3.219646771412954e-15
5.662137425588298e-15
-3.3306690738754696e-16
6.772360450213455e-15
8.881784197001252e-16
7.882583474838611e-15
3.186340080674199e-14
2.886579864025407e-15
-2.398081733190338e-14
-4.6629367034256575e-15
1.1435297153639112e-14
1.0436096431476471e-14
9.880984919163893e-15
5.773159728050814e-15
9.2148511043888e-15
1.3877787807814457e-14
-5.10702591327572e-15
-2.2648549702353193e-14
6.217248937900877e-15
-2.708944180085382e-14
5.88418203051333e-15
6.661338147750939e-15
-1.84297022087776e-14
-1.887379141862766e-15
1.5543122344752192e-15
6.328271240363392e-15
1.021405182655144e-14
-2.4980018054066022e-14
1.7541523789077473e-14
-6.217248937900877e-15
2.4424906541753444e-14
-2.3092638912203256e-14
-2.398081733190338e-14
1.3877787807814457e-15
1.1102230246251565e-15
2.9254376698872875e-14
-5.10702591327572e-15
7.827072323607354e-15
-4.163336342344337e-15
1.5376588891058418e-14
-4.218847493575595e-15
-5.162537064506978e-15
-5.551115123125783e-16
-3.808064974464287e-14
-3.552713678800501e-15
-4.274358644806853e-15
-1.1657341758564144e-14
3.319566843629218e-14
6.439293542825908e-15
4.107825191113079e-15
1.659783421814609e-14
-1.1934897514720433e-14
3.880229471064922e-14
0.0
9.769962616701378e-15
-8.271161533457416e-15
-5.839773109528323e-14
-1.0436096431476471e-14
0.0
4.496403249731884e-15
4.707345624410664e-14
-2.1538326677728037e-14
2.220446049250313e-15
1.2323475573339238e-14
-1.199040866595169e-14
-9.2148511043888e-15
-2.7144952952085077e-14
-3.7470027081099033e-14
