201
4.340972026284362e-14
-4.063416270128073e-14
-4.107825191113079e-15
-3.1086244689504383e-15
-6.328271240363392e-15
2.55351295663786e-14
-1.7041923427996153e-14
3.552713678800501e-15
-3.469446951953614e-15
3.6914915568786455e-15
2.8282931552325863e-14
5.551115123125783e-16
1.61259894326804e-14
-1.3600232051658168e-15
-1.2212453270876722e-15
-3.2890357104520263e-15
1.749989042565403e-14
-7.202571872255703e-15
-1.5404344466674047e-15
-2.3037127760972e-15
1.9984014443252818e-15
-6.716849298982197e-15
8.1601392309949e-15
-1.0921819004749977e-14
-9.242606680004428e-15
-2.248201624865942e-15
-1.176836406102666e-14
5.967448757360216e-16
1.1254885912137524e-14
4.829470157119431e-15
4.08006961549745e-15
-9.71445146547012e-15
-8.770761894538737e-15
-6.453171330633722e-15
-5.273559366969494e-16
8.257283745649602e-15
-5.551115123125783e-17
-2.1371793224034263e-15
-1.2906342661267445e-15
3.191891195797325e-15
3.2890357104520263e-15
9.853229343548264e-16
2.7755575615628914e-17
-6.800116025829084e-16
-1.0685896612017132e-15
-4.3298697960381105e-15
2.858824288409778e-15
-5.35682609381638e-15
-5.079270337660091e-15
2.636779683484747e-16
-1.8596235662471372e-15
-2.42861286636753e-15
-8.298917109073045e-15
-4.260480856999038e-15
6.38378239159465e-16
8.118505867571457e-15
-2.67841304690819e-15
-5.218048215738236e-15
-1.7486012637846216e-15
-1.6514567491299204e-15
-1.4710455076283324e-15
3.677613769070831e-15
5.870304242705515e-15
4.5102810375396984e-15
-2.7755575615628914e-15
-1.8596235662471372e-15
2.2620794126737565e-15
4.0245584642661925e-15
-2.067790383364354e-15
-2.2065682614424986e-15
2.400857290751901e-15
6.0645932720149176e-15
1.1379786002407855e-15
3.1780134079895106e-15
5.245803791353865e-15
4.2049697057677804e-15
-6.675215935558754e-15
-5.176414852314792e-15
1.124100812432971e-15
-5.273559366969494e-16
9.020562075079397e-16
-6.827871601444713e-15
-6.744604874597826e-15
1.8041124150158794e-15
2.5118795932144167e-15
-9.409140133698202e-15
1.2490009027033011e-15
5.620504062164855e-15
-4.440892098500626e-15
-9.853229343548264e-16
1.8735013540549517e-15
9.18709552877317e-15
-6.522560269672795e-16
8.049116928532385e-16
-5.828670879282072e-16
1.0949574580365606e-14
-2.8033131371785203e-15
-8.548717289613705e-15
-5.9119376061289586e-15
-3.9968028886505635e-15
-1.6653345369377348e-15
-2.2620794126737565e-15
-1.1379786002407855e-15
-2.123301534595612e-15
1.2906342661267445e-15
-8.965050923848139e-15
-1.1102230246251565e-16
4.3298697960381105e-15
2.2093438190040615e-14
3.0808688933348094e-15
1.1657341758564144e-15
-8.326672684688674e-17
3.6914915568786455e-15
-1.887379141862766e-15
2.831068712794149e-15
-1.3933298959045715e-14
-2.8033131371785203e-15
4.718447854656915e-15
1.1102230246251565e-15
2.6645352591003757e-15
4.440892098500626e-15
-1.0130785099704553e-14
5.218048215738236e-15
1.582067810090848e-15
0.0
2.275957200481571e-15
-4.3298697960381105e-15
-3.747002708109903e-15
4.08006961549745e-15
-1.4432899320127035e-15
-3.3861802251067274e-15
-5.023759186428833e-15
4.996003610813204e-16
-7.91033905045424e-15
-3.747002708109903e-15
-8.326672684688674e-16
-9.43689570931383e-15
-1.1102230246251565e-15
4.163336342344337e-16
-9.353628982466944e-15
-3.774758283725532e-15
5.440092820663267e-15
-1.3322676295501878e-15
-2.220446049250313e-16
-1.1185496973098452e-14
-1.5265566588595902e-15
-5.495603971894525e-15
-4.996003610813204e-16
5.3013149425851225e-15
-3.6914915568786455e-15
-2.3037127760972e-15
-7.965850201685498e-15
4.440892098500626e-16
2.55351295663786e-15
-7.216449660063518e-16
1.2212453270876722e-15
4.9682480351975755e-15
-1.1518563880485999e-14
3.164135620181696e-15
2.192690473634684e-15
-1.3322676295501878e-15
-4.6629367034256575e-15
-2.7755575615628914e-16
3.913536161803677e-15
-9.159339953157541e-15
-4.9682480351975755e-15
9.159339953157541e-16
6.855627177060342e-15
-9.159339953157541e-16
6.966649479522857e-15
5.551115123125783e-15
3.6914915568786455e-15
3.885780586188048e-16
-1.0547118733938987e-15
2.831068712794149e-15
-1.4432899320127035e-15
1.8318679906315083e-15
3.219646771412954e-15
-6.661338147750939e-16
-1.2212453270876722e-15
-2.3314683517128287e-15
3.497202527569243e-15
2.0539125955565396e-15
-4.218847493575595e-15
-1.2712053631958042e-14
2.220446049250313e-16
3.9968028886505635e-15
3.774758283725532e-15
2.7755575615628914e-16
-7.327471962526033e-15
-1.3100631690576847e-14
-1.454392162258955e-14
2.220446049250313e-15
7.216449660063518e-15
9.547918011776346e-15
-1.1657341758564144e-15
3.1086244689504383e-15
2.942091015256665e-15
-4.996003610813204e-16
-5.218048215738236e-15
-5.88418203051333e-15
