201
3.9968028886505635e-15
-4.107825191113079e-15
8.43769498715119e-15
-4.884981308350689e-15
-7.66053886991358e-15
7.771561172376096e-16
-1.709743457922741e-14
5.329070518200751e-15
-1.5432100042289676e-14
-2.7533531010703882e-14
-3.785860513971784e-14
-1.1213252548714081e-14
2.6645352591003757e-15
-1.6431300764452317e-14
-8.659739592076221e-15
1.554312234475219e-14
1.3322676295501878e-14
-5.440092820663267e-15
1.1102230246251565e-16
1.1102230246251565e-16
1.7319479184152442e-14
-2.1094237467877974e-15
-5.551115123125783e-16
-8.326672684688674e-15
-5.551115123125783e-15
-1.0658141036401503e-14
-1.7319479184152442e-14
-5.773159728050814e-15
3.4861002973229915e-14
6.772360450213455e-15
5.88418203051333e-15
9.992007221626409e-16
7.327471962526033e-15
2.609024107869118e-14
-4.0190073491430667e-14
5.10702591327572e-15
-5.218048215738236e-15
1.4988010832439613e-14
-3.4416913763379853e-15
2.2648549702353193e-14
2.653433028854124e-14
2.9976021664879227e-15
-1.865174681370263e-14
-1.3100631690576847e-14
6.59472476627343e-14
-1.021405182655144e-14
1.1879386363489175e-14
-3.5083047578154947e-14
1.9206858326015208e-14
-7.993605777301127e-15
-4.551914400963142e-15
1.4765966227514582e-14
1.5543122344752192e-15
2.5202062658991053e-14
-2.55351295663786e-15
-4.5630166312093934e-14
8.104628079763643e-15
-2.6645352591003757e-15
1.2434497875801753e-14
-3.2751579226442118e-15
-2.942091015256665e-15
-6.716849298982197e-15
-2.980948821118545e-14
1.3655743202889425e-14
1.84297022087776e-14
1.6653345369377348e-16
2.3869795029440866e-15
-2.0761170560490427e-14
1.8318679906315083e-15
-7.216449660063518e-16
-2.5091040356528538e-14
-1.73749903353837e-14
-2.8033131371785203e-14
-4.884981308350689e-15
7.882583474838611e-15
-6.439293542825908e-15
1.0658141036401503e-14
-2.6645352591003757e-15
1.687538997430238e-14
1.887379141862766e-15
5.717648576819556e-15
1.0325074129013956e-14
2.4091839634365897e-14
5.88418203051333e-15
3.1086244689504383e-15
1.1379786002407855e-14
-4.6906922790412864e-14
5.4067861299245124e-14
3.907985046680551e-14
-5.051514762044462e-15
-1.8735013540549517e-14
4.107825191113079e-15
-9.71445146547012e-16
-1.432187701766452e-14
-6.217248937900877e-14
1.2295719997723609e-14
2.423061751244404e-14
-7.41073868937292e-15
-2.578492974691926e-14
1.3933298959045715e-14
-6.855627177060342e-15
1.8041124150158794e-14
-3.3556490919295356e-14
-3.4833247397614286e-14
1.2490009027033011e-14
1.2212453270876722e-15
1.1934897514720433e-15
8.604228440844963e-15
-2.6229018956769323e-14
-6.356026815979021e-15
-3.907985046680551e-14
3.860800568133982e-14
-1.301736496372996e-14
5.9396931817445875e-15
-6.517009154549669e-14
-3.9968028886505635e-15
-4.9682480351975755e-15
-1.3988810110276972e-14
-2.892130979148533e-14
1.6930901125533637e-14
-1.9984014443252818e-15
1.1157741397482823e-14
-2.628453010800058e-14
-4.052314039881821e-15
-3.530509218307998e-14
-5.995204332975845e-15
2.2398749521812533e-14
4.135580766728708e-15
-6.439293542825908e-15
-3.2279734440976426e-14
-2.7755575615628914e-16
2.944866572818228e-14
1.251776460264864e-14
4.579669976578771e-15
1.329492071988625e-14
1.1046719095020308e-14
9.103828801926284e-15
6.6058269965196814e-15
7.41073868937292e-15
4.451994328746878e-14
-3.58046925441613e-15
-4.135580766728708e-14
-1.199040866595169e-14
1.8596235662471372e-15
1.9845236565174673e-14
1.3600232051658168e-14
7.13318293321663e-15
4.385380947269368e-15
2.7783331191244542e-14
-1.3433698597964394e-14
-2.1788126858268697e-14
-4.163336342344337e-16
-1.404432126150823e-14
1.942890293094024e-15
1.9984014443252818e-14
-1.9040324872321435e-14
9.71445146547012e-15
8.770761894538737e-15
2.2093438190040615e-14
-2.1649348980190553e-15
-1.759703494030873e-14
1.582067810090848e-14
6.106226635438361e-16
3.036459972349803e-14
-1.6431300764452317e-14
-3.347322419244847e-14
-1.1546319456101628e-14
1.559863349598345e-14
1.1657341758564144e-14
2.1760371282653068e-14
1.7263968032921184e-14
-6.994405055138486e-15
2.5091040356528538e-14
1.9095836023552692e-14
-4.6629367034256575e-14
2.1316282072803006e-14
-2.55351295663786e-14
-1.7985612998927536e-14
8.548717289613705e-15
2.55351295663786e-15
2.7422508708241367e-14
-2.220446049250313e-16
8.182343691487404e-14
-2.3314683517128287e-15
1.8762769116165146e-14
4.551914400963142e-14
3.552713678800501e-15
2.398081733190338e-14
-5.895284260759581e-14
4.957145804951324e-14
2.6367796834847468e-15
5.190292640122607e-14
-9.381384558082573e-15
3.2557290197132716e-14
-6.453171330633722e-16
1.136590821460004e-14
-3.720981855970251e-14
-3.9898639947466563e-16
2.5439719775199876e-15
-6.776697258903397e-15
-1.939594318489668e-14
