201
0.4872920419299453
0.4923366810113167
0.49726702657537497
0.5020892763510844
0.5068089568785243
0.5114310220830164
0.5159599341854448
0.5203997306589027
0.5247540800549658
0.5290263288720568
0.5332195411545736
0.537336532148072
0.5413798970592165
0.545352035758355
0.5492551740971713
0.5530913823875493
0.5568625914852008
0.5605706068440326
0.5642171208406795
0.5678037236205337
0.5713319126719568
0.5748031013048065
0.5782186261789451
0.5815797540083153
0.5848876875451307
0.5881435709353079
0.5913484945213567
0.5945034991596708
0.5976095801091129
0.6006676905402214
0.6036787447081223
0.60664362082633
0.6095631636740498
0.6124381869655584
0.6152694755067445
0.6180577871604545
0.6208038546406525
0.623508387152137
0.6261720718910102
0.6287955754197326
0.6313795449284806
0.6339246093936719
0.6364313806430799
0.6389004543362353
0.6413324108679346
0.643727816201272
0.6460872226368634
0.6484111695236984
0.6507001839164571
0.652954781184383
0.6551754655750193
0.6573627307373674
0.6595170602073163
0.6616389278586192
0.6637287983222236
0.6657871273764522
0.667814362310245
0.6698109422620551
0.6717772985355571
0.6737138548946972
0.6756210278392228
0.6774992268623692
0.6793488546920624
0.681170307516758
0.6829639751973912
0.6847302414658899
0.6864694841119334
0.6881820751582813
0.6898683810259083
0.6915287626893095
0.6931635758230683
0.6947731709400119
0.6963578935217025
0.6979180841418579
0.6994540785831048
0.7009662079475223
0.7024547987615097
0.7039201730754069
0.7053626485579252
0.7067825385862793
0.708180152331828
0.7095557948417387
0.7109097671170026
0.7122423661870094
0.7135538851807686
0.7148446133952304
0.7161148363607703
0.7173648359040294
0.7185948902084042
0.7198052738721533
0.7209962579643616
0.7221681100790782
0.7233210943874411
0.7244554716880307
0.7255714994558826
0.7266694318894675
0.7277495199569048
0.7288120114401948
0.729857150978649
0.7308851801109449
0.7318963373161916
0.7328908580537599
0.7338689748024448
0.7348309170983482
0.7357769115722965
0.7367071819861395
0.7376219492683461
0.7385214315490554
0.7394058441941727
0.7402753998390279
0.7411303084213838
0.7419707772137507
0.7427970108552729
0.7436092113830859
0.7444075782630932
0.7451923084203156
0.7459635962688272
0.7467216337411936
0.7474666103175167
0.7481987130541451
0.7489181266118634
0.7496250332838577
0.7503196130232768
0.7510020434704154
0.7516724999796349
0.7523311556459049
0.7529781813311109
0.7536137456899739
0.7542380151957903
0.7548511541657653
0.7554533247861391
0.7560446871371392
0.7566253992174553
0.7571956169686318
0.7577554942991959
0.7583051831084102
0.758844833309987
0.7593745928553773
0.7598946077569219
0.76040502211079
0.7609059781196352
0.7613976161150912
0.7618800745799147
0.7623534901701022
0.7628179977367743
0.7632737303475113
0.7637208193080213
0.7641593941831482
0.7645895828179263
0.7650115113583155
0.7654253042717583
0.7658310843675633
0.7662289728171108
0.7666190891737271
0.7670015513925705
0.7673764758501197
0.7677439773635362
0.7681041692099676
0.7684571631454752
0.7688030694238386
0.769141996815169
0.7694740526243157
0.7697993427092917
0.7701179714989761
0.770430042011364
0.7707356558709357
0.7710349133264573
0.7713279132680025
0.7716147532442944
0.7718955294796442
0.7721703368906474
0.7724392691028275
0.7727024184670801
0.7729598760759094
0.7732117317794764
0.7734580742015424
0.7736989907551595
0.773934567658209
0.7741648899488421
0.7743900415006654
0.7746101050377171
0.7748251621494978
0.7750352933055229
0.7752405778698648
0.7754410941157439
0.7756369192394778
0.7758281293746965
0.7760147996061462
0.7761970039835293
0.7763748155349195
0.7765483062803389
0.7767175472448842
0.7768826084719762
0.7770435590360975
0.7772004670558503
0.7773533997063191
0.7775024232318006
0.7776476029580386
0.7777890033044037
0.7779266877960137
0.7780607190755605
