201
0.006862337523619215
0.005523195835143839
0.004326369492765017
0.0032730698097302633
0.0023644638026130487
0.0016016723963858074
0.000985768649108275
0.0005177759995868916
0.00019866654127598222
2.9359325865111853e-05
1.0718699928684567e-05
0.00014355267802801055
0.0004286113557366396
0.0008665853660016159
0.0014581043822531465
0.0022037356717200217
0.0031039827021955312
0.004159283805799073
0.005370010902678715
0.006736468288359401
0.008258891487312844
0.009937446176251422
0.011772227179893133
0.013763257542103618
0.015910487675206492
0.01821379458987469
0.020672981208343242
0.02328777576314457
0.026057831283341243
0.02898272517057117
0.03206195886657456
0.03529495761358409
0.03868107030958498
0.04221956945915188
0.045909651220850806
0.04975043555259296
0.05374096645490803
0.057880212312700324
0.062167066335967865
0.06660034709836876
0.07117879917460061
0.07590109387526546
0.08076583007803181
0.0857715351550456
0.09091666599440978
0.09619961011476759
0.10161868687059623
0.10717214874704244
0.11285818274114127
0.11867491182809452
0.12462039650830412
0.13069263643438658
0.13688957211322303
0.1432090866806858
0.14964900774576947
0.15620710929956763
0.16288111368692576
0.16966869363427192
0.17656747433288295
0.18357503556991298
0.19068891390569528
0.19790660489091486
0.20522556532037575
0.21264321551750454
0.22015694164644992
0.22776409804533923
0.2354620095772923
0.24324797399297052
0.25111926430148235
0.2590731311424937
0.267106805157617
0.2752174993524448
0.2834024114483649
0.29165872621552363
0.2999836177852725
0.30837425193555734
0.3168277883438443
0.32534138280591335
0.3339121894119524
0.3425373626785592
0.3512140596306045
0.3599394418286614
0.3687106773383239
0.3775249426357683
0.38637942444747336
0.39527132151723604
0.4041978462991061
0.4131562265698751
0.42214370695849934
0.4311575503885901
0.44019503942824095
0.4492534775465522
0.4583301902688915
0.4674225262301899
0.4765278581215071
0.48564358352372067
0.4947671256282026
0.5038959338362009
0.513027484235931
0.5221592799501534
0.531288851351788
0.5404137561414852
0.5495315792822265
0.558639932785103
0.5677364553425508
0.5768188117985654
0.5858846924552457
0.5949318122014218
0.6039579094630428
0.612960744961301
0.6219381002709303
0.6308877761713675
0.6398075907760913
0.6486953774308784
0.6575489823677922
0.6663662620993408
0.6751450805402289
0.6838833058360528
0.692578806884129
0.7012294495240844
0.709833092375184
0.7183875822984722
0.7268907494545354
0.735340401927976
0.7437343198877117
0.7520702492439144
0.7603458947673329
0.7685589126233676
0.7767069022769821
0.7847873977147801
0.7927978579285084
0.8007356565975364
0.8085980708991313
0.8163822693763517
0.8240852987759109
0.8317040697675123
0.8392353414462426
0.8466757045065118
0.854021562971268
0.8612691143412213
0.868414328026046
0.8754529218962144
0.8823803367877063
0.8891917087692713
0.8958818389713721
0.9024451607525599
0.908875703962092
0.9151670560383284
0.9213123196558592
0.9273040666176542
0.9331342876622273
0.9387943378290002
0.9442748770094672
0.9495658052785827
0.9546561925873347
0.9595342023723614
0.9641870086280727
0.9686007059733525
0.9727602122457021
0.9766491631658758
0.9802497986394116
0.9835428403071808
0.9865073600282388
0.9891206390794027
0.9913580180050416
0.9931927372482477
0.9945957689608437
0.9955356407427782
0.9959782525138373
0.9958866883028133
0.995221025476518
0.9939381448532733
0.9919915462924012
0.9893311757614489
0.9859032715949497
0.9816502397306451
0.9765105701621458
0.9704188097388918
0.9633056097822004
0.9550978707725752
0.9457190105607268
0.9350893870652879
0.9231269110609207
0.9097478891563661
0.8948681409720589
0.878404437250219
0.8602763063305116
0.8404082540561779
0.8187324354132975
0.7951918035394185
0.7697437415662292
0.7423641534748472
0.7130519505750933
0.6818338199208133
0.6487691007710136
0.613954527845281
0.5775285307646871
0.5396747156935525
0.5006241084930622
0.46065572148792283
0.42009503121828046
