201
-5.773159728050814e-15
-6.661338147750939e-15
5.440092820663267e-15
-9.325873406851315e-15
6.439293542825908e-15
9.992007221626409e-16
-5.773159728050814e-15
4.440892098500626e-15
8.681944052568724e-14
8.43769498715119e-15
6.661338147750939e-16
4.218847493575595e-15
2.3314683517128287e-15
4.9960036108132044e-15
-1.27675647831893e-14
1.1435297153639112e-14
-1.099120794378905e-14
-2.0872192862952943e-14
2.6756374893466273e-14
1.8540724511240114e-14
1.4432899320127035e-14
6.8833827526759706e-15
1.6986412276764895e-14
-1.554312234475219e-14
2.9976021664879227e-15
1.0769163338864018e-14
-2.4868995751603507e-14
1.9984014443252818e-15
6.217248937900877e-15
0.0
5.329070518200751e-15
-3.9968028886505635e-15
1.8207657603852567e-14
-3.774758283725532e-15
8.215650382226158e-15
5.551115123125783e-16
-1.3211653993039363e-14
3.9968028886505635e-15
4.9960036108132044e-15
6.439293542825908e-15
-1.3322676295501878e-15
-1.4988010832439613e-14
-1.1546319456101628e-14
-8.215650382226158e-15
1.1102230246251565e-15
-1.021405182655144e-14
3.6637359812630166e-15
1.765254609153999e-14
5.662137425588298e-15
-5.551115123125783e-15
-2.6645352591003757e-15
-1.6209256159527285e-14
4.440892098500626e-15
1.3433698597964394e-14
-2.6645352591003757e-15
-1.4432899320127035e-15
-1.4432899320127035e-15
-2.9976021664879227e-15
2.886579864025407e-15
-1.3322676295501878e-15
3.774758283725532e-15
7.438494264988549e-15
-1.3100631690576847e-14
-1.1102230246251565e-16
4.6629367034256575e-15
2.886579864025407e-15
4.884981308350689e-15
-1.587618925213974e-14
-1.965094753586527e-14
-1.7763568394002505e-15
-1.2212453270876722e-15
1.4988010832439613e-14
5.551115123125783e-15
-6.8833827526759706e-15
-2.7755575615628914e-15
2.9976021664879227e-15
-1.0436096431476471e-14
2.6645352591003757e-15
-8.992806499463768e-15
-5.551115123125783e-15
3.774758283725532e-15
5.218048215738236e-15
-1.1657341758564144e-14
-6.217248937900877e-15
-1.3322676295501878e-15
-1.099120794378905e-14
2.220446049250313e-16
-8.215650382226158e-15
4.773959005888173e-15
1.1102230246251565e-15
-6.5503158452884236e-15
-2.886579864025407e-15
3.9968028886505635e-15
3.219646771412954e-15
7.771561172376096e-16
2.9976021664879227e-15
1.5543122344752192e-15
-3.552713678800501e-15
-7.993605777301127e-15
-6.6058269965196814e-15
3.497202527569243e-15
2.4424906541753444e-15
8.881784197001252e-16
7.494005416219807e-15
-5.88418203051333e-15
5.495603971894525e-15
5.329070518200751e-15
-1.0547118733938987e-15
1.6653345369377348e-15
6.161737786669619e-15
-8.215650382226158e-15
-1.099120794378905e-14
1.3322676295501878e-15
-1.2434497875801753e-14
-1.63202784619898e-14
1.6653345369377348e-15
1.942890293094024e-15
6.5503158452884236e-15
4.829470157119431e-15
-8.548717289613705e-15
8.049116928532385e-15
8.659739592076221e-15
9.71445146547012e-15
7.049916206369744e-15
1.9984014443252818e-15
-8.520961713998076e-15
-3.747002708109903e-15
-4.08006961549745e-15
-8.076872504148014e-15
-3.497202527569243e-15
-8.298917109073045e-15
-7.688294445529209e-15
3.0531133177191805e-16
-1.1268763699945339e-14
-1.6764367671839864e-14
-1.8846035843012032e-14
-6.689093723366568e-15
4.579669976578771e-15
-5.717648576819556e-15
-1.0186296250935811e-14
8.604228440844963e-15
-1.97758476261356e-14
6.245004513516506e-16
-4.2049697057677804e-15
-4.954370247389761e-15
-3.247402347028583e-15
-5.828670879282072e-16
-9.58955137519979e-15
1.5265566588595902e-15
9.631184738623233e-15
-3.760880495917718e-15
-3.066991105526995e-15
1.2927159342979166e-14
-1.8735013540549517e-15
-7.473188734508085e-15
2.8380076066980564e-15
-5.4539706084710815e-15
-6.356026815979021e-15
-1.1227130336521896e-14
-1.177877240188252e-14
1.4155343563970746e-15
5.3186621773448906e-15
2.8570895649338013e-15
-2.041769531224702e-15
4.427014310692812e-15
1.0905339131728198e-14
-7.779367428017991e-15
4.883246584874712e-16
5.7827007071686864e-15
1.9611048895917804e-14
3.9109340765897116e-15
-8.53570686354388e-15
-2.8449465006019636e-16
-3.3965885659625883e-15
-7.695233339433116e-15
6.463579671489583e-15
2.1725676813133532e-14
1.860317455637528e-14
5.620504062164855e-16
-3.7470027081099033e-16
-4.773959005888173e-15
-2.0122792321330962e-15
3.469446951953614e-16
1.8207657603852567e-14
-2.7297608617971036e-14
-1.5557000132560006e-14
1.7486012637846216e-15
3.0309088572266774e-14
-2.861599845971341e-14
3.469446951953614e-15
1.4432899320127035e-14
-8.715250743307479e-15
-2.481348460037225e-14
-4.163336342344337e-15
-1.199040866595169e-14
-5.329070518200751e-15
1.8318679906315083e-14
-4.6629367034256575e-15
-4.335420911161236e-14
2.731148640577885e-14
-1.4432899320127035e-14
