201
-9.769962616701378e-15
1.582067810090848e-15
-1.0547118733938987e-15
-3.608224830031759e-16
4.385380947269368e-15
2.0816681711721685e-15
-5.079270337660091e-15
-1.6653345369377348e-16
1.4738210651898953e-14
7.382983113757291e-15
-1.6653345369377348e-16
-1.3322676295501878e-15
3.9968028886505635e-15
7.882583474838611e-15
-1.3766765505351941e-14
5.9396931817445875e-15
-4.829470157119431e-15
1.5432100042289676e-14
-1.5265566588595902e-15
-1.5654144647214707e-14
5.800915303666443e-15
-4.3021142204224816e-15
2.2148949341271873e-14
-6.439293542825908e-15
-2.7478019859472624e-15
3.608224830031759e-15
3.608224830031759e-15
-6.966649479522857e-15
3.774758283725532e-15
1.3877787807814457e-16
9.131584377541913e-15
8.493206138382448e-15
-9.43689570931383e-16
8.1601392309949e-15
6.827871601444713e-15
1.1102230246251565e-15
-1.0547118733938987e-15
-1.0325074129013956e-14
-5.828670879282072e-15
1.6014967130217883e-14
-9.992007221626409e-16
8.326672684688674e-17
8.520961713998076e-15
-2.2176704916887502e-14
-8.548717289613705e-15
-5.662137425588298e-15
-9.103828801926284e-15
1.201816424156732e-14
4.6351811278100286e-15
8.520961713998076e-15
1.84297022087776e-14
-4.884981308350689e-15
1.354472090042691e-14
2.7200464103316335e-14
3.0531133177191805e-15
-3.6637359812630166e-15
3.9968028886505635e-15
2.0372592501871623e-14
1.1157741397482823e-14
8.049116928532385e-15
-2.7200464103316335e-15
4.107825191113079e-15
-5.6066262743570405e-15
3.6637359812630166e-15
1.7985612998927536e-14
2.1649348980190553e-15
1.7763568394002505e-15
-2.275957200481571e-15
-1.9984014443252818e-15
-7.16093850883226e-15
6.661338147750939e-16
-9.43689570931383e-16
-3.885780586188048e-15
8.548717289613705e-15
-2.886579864025407e-15
1.049160758270773e-14
-5.1458837191376006e-14
1.0824674490095276e-14
1.7208456881689926e-15
-4.163336342344337e-15
6.106226635438361e-15
5.551115123125783e-17
-4.218847493575595e-15
1.1213252548714081e-14
-9.547918011776346e-15
1.0658141036401503e-14
-5.440092820663267e-15
-3.708144902248023e-14
5.828670879282072e-15
-1.2212453270876722e-15
9.992007221626409e-16
2.015054789694659e-14
-5.717648576819556e-15
-1.426636586643326e-14
-4.163336342344337e-15
-3.608224830031759e-15
1.2212453270876722e-15
4.9404924595819466e-15
-1.1657341758564144e-15
-8.992806499463768e-15
1.199040866595169e-14
1.887379141862766e-15
7.216449660063518e-15
-4.218847493575595e-15
-3.6637359812630166e-15
5.551115123125783e-16
-1.3877787807814457e-15
3.6637359812630166e-15
1.3433698597964394e-14
-4.496403249731884e-15
1.5543122344752192e-15
-2.9976021664879227e-15
9.825473767932635e-15
5.384581669432009e-15
-2.275957200481571e-14
7.771561172376096e-16
8.548717289613705e-15
-7.216449660063518e-16
-7.771561172376096e-16
1.3211653993039363e-14
4.3298697960381105e-15
5.218048215738236e-15
2.220446049250313e-16
1.5376588891058418e-14
1.2712053631958042e-14
2.886579864025407e-15
-6.994405055138486e-15
6.827871601444713e-15
-5.995204332975845e-15
-9.992007221626409e-16
-6.6058269965196814e-15
1.4432899320127035e-15
-5.662137425588298e-15
-5.551115123125783e-16
1.1712852909795402e-14
-6.772360450213455e-15
-1.1102230246251565e-15
-5.551115123125783e-16
8.93729534823251e-15
-1.3433698597964394e-14
-1.3322676295501878e-15
-4.385380947269368e-15
9.825473767932635e-15
8.326672684688674e-16
1.0325074129013956e-14
8.43769498715119e-15
6.439293542825908e-15
-9.992007221626409e-15
-9.43689570931383e-15
-1.3322676295501878e-15
-1.2323475573339238e-14
1.4765966227514582e-14
1.6653345369377348e-15
1.432187701766452e-14
-2.1538326677728037e-14
1.887379141862766e-15
-1.1102230246251565e-15
-3.3306690738754696e-15
1.2212453270876722e-14
5.662137425588298e-15
-1.5543122344752192e-15
1.587618925213974e-14
-1.0103029524088925e-14
-4.6629367034256575e-15
-6.106226635438361e-15
-4.440892098500626e-16
-4.773959005888173e-14
0.0
4.440892098500626e-16
-1.9984014443252818e-15
-1.3211653993039363e-14
1.4432899320127035e-15
-3.219646771412954e-15
-1.3322676295501878e-15
3.3306690738754696e-15
-6.8833827526759706e-15
4.107825191113079e-15
-1.9984014443252818e-15
2.1094237467877974e-15
2.9976021664879227e-15
9.325873406851315e-15
-1.709743457922741e-14
2.886579864025407e-15
6.217248937900877e-15
7.327471962526033e-15
-8.43769498715119e-15
1.2212453270876722e-15
2.220446049250313e-15
-3.3306690738754696e-15
2.55351295663786e-15
1.84297022087776e-14
6.772360450213455e-15
5.773159728050814e-15
-1.9984014443252818e-15
5.551115123125783e-15
2.220446049250313e-15
-4.440892098500626e-16
1.2656542480726785e-14
3.552713678800501e-15
1.5765166949677223e-14
-9.880984919163893e-15
