201
0.2684179402421781
0.2586221543706121
0.2492817825176983
0.2403625812606604
0.2318339773597906
0.22366856695706674
0.21584169809527315
0.20833112021499095
0.20111668797032306
0.1941801094482599
0.18750473095723702
0.1810753521350885
0.17487806635485706
0.16890012235999663
0.1631298038116602
0.15755632402655476
0.15216973365559605
0.1469608394385709
0.14192113247552715
0.13704272470923304
0.1323182925165981
0.12774102647699476
0.12330458652607883
0.11900306181838792
0.11483093472062839
0.11078304843746702
0.10685457784215222
0.10304100313896611
0.0993380860383091
0.09574184816213187
0.09224855143605387
0.08885468025508454
0.0855569252342137
0.08235216838016524
0.07923746953809245
0.07621005398549631
0.07326730105996646
0.07040673371905778
0.06762600894375857
0.06492290890539588
0.06229533282523994
0.059741289462174246
0.057258890173118776
0.05484634249388356
0.052501944195471176
0.050224077773540515
0.04801120533537221
0.04586186384957964
0.04377466072875273
0.04174826971739383
0.039781427061140746
0.03787292793317443
0.03602162309908816
0.03422641580020261
0.0324862588394629
0.030800151853381242
0.0291671387570947
0.027586305348524704
0.026056777060717587
0.024577716851059514
0.023148323217736046
0.021767828334160095
0.020435496293082726
0.019150621453019732
0.01791252687935624
0.016720562874174037
0.015574105588558979
0.01447255571192627
0.013415337233086985
0.012401896268855923
0.011431699955024114
0.010504235396571075
0.009619008672704354
0.008775543893481895
0.007973382304931827
0.00721208143960184
0.006491214309571498
0.005810368639689462
0.005169146138501031
0.004567161804503182
0.004004043265822866
0.0034794301514025888
0.002992973491694113
0.0025443351474575015
0.0021331872648050047
0.0017592117552802104
0.0014220997994236334
0.001121551372643916
0.0008572747921299647
0.0006289862837679383
0.00043640956792436565
0.00027927546317930985
0.00015732150701454556
7.029159271258224e-05
1.7935621506489675e-05
9.169357574885886e-09
1.6273167545925076e-05
6.649359646347197e-05
0.00015044119195643552
0.00026789116361758414
0.00041862292449967604
0.0006024198316883786
0.0008190689372788934
0.0010683607492485568
0.0013500890018514674
0.0016640504350452447
0.0020100445826377353
0.0023878735686929846
0.002797341912000807
0.0032382563380984612
0.003710425598698385
0.00421366029811681
0.004747772726500917
0.005312576699563085
0.005907887404589462
0.0065335212524679845
0.007189295735548946
0.007875029291097995
0.008590541170195424
0.00933565131182815
0.01011018022203659
0.010913948857925194
0.01174677851647753
0.012608490727836541
0.013498907153031951
0.01441784948615603
0.01536513936039353
0.016340598258420998
0.0173440474264926
0.018375307792508688
0.019434199887531298
0.02052054377130838
0.021634158960918415
0.022774864362963113
0.02394247820916129
0.025136817995141055
0.026357700422235255
0.027604941342731167
0.02887835570749448
0.03017775751734004
0.031502959776575246
0.032853774449608804
0.03423001242036324
0.03563148345430118
0.03705799616297529
0.038509357971073147
0.03998537508632726
0.041485852471465016
0.043010593818628776
0.04455940152640926
0.046132076678687316
0.047728419026104515
0.04934822696965427
0.05099129754620059
0.05265742641629496
0.05434640785411159
0.05605803473902873
0.05779209854945736
0.05954838935876726
0.06132669583255667
0.06312680522822987
0.06494850339610653
0.06679157478239131
0.06865580243396487
0.07054096800438867
0.07244685176230321
0.0743732326005576
0.07631988804776167
0.07828659428048539
0.08027312613765394
0.08227925713606382
0.08430475948720197
0.08634940411564841
0.08841296067880151
0.0904951975875291
0.09259588202882042
0.09471477998862113
0.09685165627685897
0.09900627455291346
0.10117839735243722
0.1033677861154559
0.10557420121487118
0.10779740198678277
0.1100371467610824
0.11229319289333044
0.11456529679733851
0.11685321397877062
0.119156699069257
0.12147550586178968
0.12380938734620456
0.12615809574590053
0.12852138255498224
0.13089899857601617
0.13329069395852586
0.13569621823780115
0.13811532037458107
0.140547748794868
0.1429932514303249
0.1454515757593656
0.1479224688479257
0.15040567739144528
