201
0.27738651359590083
0.2774912776852955
0.27759734902287575
0.27770467649039743
0.2778132101201864
0.2779229010681182
0.27803370158723667
0.2781455650021077
0.2782584456839082
0.278372299026003
0.2784870814203164
0.2786027502342111
0.2787192637879264
0.278836581332831
0.2789546630298768
0.27907346992884763
0.2791929639481563
0.2793131078548228
0.2794338652455545
0.2795552005275781
0.2796770789005335
0.2797994663386183
0.2799223295728752
0.2800456360746507
0.28016935403864046
0.280293452366862
0.2804179006529114
0.28054266916650117
0.28066772883849633
0.2807930512462796
0.2809186085994131
0.28104437372569
0.2811703200576985
0.2812964216191962
0.28142265301247715
0.2815489894055341
0.28167540651978734
0.28180188061800177
0.28192838849241
0.28205490745342826
0.2821814153183092
0.2823078904001189
0.2824343114971576
0.2825606578824593
0.2826869092935979
0.2828130459226137
0.2829390484064517
0.28306489781724575
0.28319057565326744
0.28331606382961266
0.2834413446694493
0.28356640089531937
0.2836912156207034
0.28381577234163247
0.2839400549287823
0.28406404761940807
0.28418773500966055
0.28431110204708754
0.2844341340231894
0.28455681656623133
0.28467913563417707
0.2848010775078302
0.2849226287840279
0.28504377636911626
0.2851645074724277
0.2852848096000715
0.2854046705486916
0.28552407839949834
0.2856430215123177
0.28576148851989713
0.2858794683222027
0.2859969500809237
0.28611392321409906
0.2862303773908657
0.2863463025261996
0.28646168877596756
0.2865765265319367
0.28669080641693073
0.28680451928020617
0.2869176561926551
0.28703020844238564
0.28714216753033905
0.28725352516579894
0.28736427326231695
0.28747440393344914
0.2875839094887276
0.2876927824297355
0.2878010154460693
0.2879086014117084
0.28801553338116825
0.28812180458588155
0.288227408430654
0.2883323384900984
0.28843658850529
0.28854015238035174
0.2886430241791838
0.2887451981222715
0.288846668583524
0.288947430087217
0.28904747730489844
0.28914680505253143
0.2892454082875178
0.2893432821059328
0.2894404217397077
0.28953682255391433
0.28963248004409814
0.2897273898336943
0.28982154767146573
0.28991494942901275
0.29000759109824503
0.29009946878909537
0.29019057872708803
0.2902809172510674
0.2903704808109399
0.29045926596543
0.2905472693799889
0.29063448782452767
0.29072091817156104
0.29080655739393224
0.2908914025629878
0.2909754508465098
0.29105869950688956
0.29114114589916185
0.29122278746926644
0.29130362175211705
0.2913836463699499
0.2914628590305155
0.2915412575254019
0.29161883972839026
0.29169560359380364
0.29177154715491693
0.29184666852234525
0.2919209658825967
0.2919944374964893
0.2920670816976925
0.29213889689128775
0.2922098815523735
0.29228003422463905
0.29234935351898805
0.2924178381122622
0.29248548674587216
0.29255229822455026
0.2926182714150768
0.2926834052450082
0.2927476987015433
0.29281115083026943
0.29287376073407084
0.2929355275718827
0.2929964505576468
0.2930565289592103
0.2931157620971968
0.2931741493440543
0.29323169012290523
0.29328838390660145
0.2933442302167125
0.2933992286225168
0.29345337874010224
0.29350668023138404
0.29355913280323465
0.2936107362064938
0.29366149023516896
0.2937113947255229
0.29376044955518205
0.29380865464242956
0.29385600994528616
0.2939025154606718
0.29394817122372924
0.2939929773069603
0.29403693381949103
0.2940800409063694
0.2941222987477764
0.2941637075583506
0.29420426758641843
0.29424397911343725
0.2942828424531586
0.2943208579511022
0.29435802598380983
0.2943943469582478
0.29442982131119133
0.29446444950862816
0.29449823204502157
0.29453116944292623
0.2945632622522425
0.2945945110497233
0.29462491643839056
0.29465447904704645
0.29468319952962124
0.29471107856471135
0.2947381168551195
0.2947643151272372
0.2947896741306158
0.2948141946374462
0.29483787744212103
0.2948607233607217
0.2948827332305458
0.29490390790973664
0.2949242482766973
0.2949437552298324
0.29496242968693864
0.29498027258495463
0.29499728487941096
