201
0.7701454726297999
0.7704586798582692
0.7707708079334074
0.771081768002838
0.7713914854513615
0.7716998976793856
0.7720069522885279
0.7723126055877582
0.7726168213540618
0.7729195697975759
0.7732208266916263
0.773520572637409
0.7738187924390106
0.7741154745695771
0.7744106107131455
0.7747041953698195
0.774996225514011
0.7752867002976922
0.7755756207915436
0.7758629897586995
0.7761488114561323
0.7764330914599057
0.7767158365109693
0.7769970543788016
0.7772767537403918
0.7775549440727051
0.7778316355569139
0.778106838992845
0.7783805657225664
0.7786528275617847
0.7789236367384031
0.7791930058371809
0.7794609477499754
0.779727475630825
0.7799926028554326
0.7802563429844948
0.7805187097305056
0.780779716927741
0.7810393785049222
0.7812977084604511
0.7815547208398428
0.7818104297152886
0.7820648491669749
0.7823179932659239
0.7825698760586478
0.7828205115528333
0.783069913704415
0.7833180964057134
0.7835650734745683
0.7838108586444659
0.7840554655553498
0.7842989077452998
0.7845411986428502
0.7847823515599973
0.7850223796856832
0.7852612960798417
0.7854991136678747
0.785735845235747
0.7859715034251419
0.7862061007293075
0.7864396494889635
0.7866721618887278
0.7869036499536343
0.7871341255459857
0.7873636003624604
0.787592085931273
0.7878195936097541
0.7880461345818455
0.7882717198559425
0.7884963602627059
0.7887200664532382
0.7889428488970486
0.7891647178803546
0.7893856835044322
0.7896057556839643
0.7898249441455083
0.7900432584260155
0.7902607078714331
0.7904773016353093
0.7906930486773958
0.790907957762419
0.7911220374587311
0.7913352961370211
0.7915477419691308
0.7917593829267402
0.7919702267801194
0.792180281096903
0.7923895532408409
0.7925980503704788
0.792805779437989
0.7930127471877565
0.793218960155133
0.7934244246651043
0.7936291468308386
0.793833132552471
0.7940363875154818
0.7942389171893578
0.794440726826012
0.7946418214583629
0.7948422058986186
0.795041884736716
0.7952408623386422
0.7954391428447403
0.7956367301678037
0.7958336279914088
0.7960298397679033
0.7962253687165397
0.7964202178213843
0.7966143898292857
0.7968078872477807
0.7970007123427626
0.797192867136331
0.7973843534043579
0.7975751726741129
0.7977653262217471
0.7979548150696761
0.7981436399839793
0.7983318014716418
0.7985192997776528
0.798706134882228
0.7988923064976836
0.7990778140653905
0.7992626567525827
0.7994468334490402
0.799630342763695
0.7998131830212161
0.7999953522583203
0.8001768482201241
0.8003576683562953
0.800537809817177
0.8007172694496816
0.8008960437931733
0.8010741290752135
0.8012515212070422
0.8014282157791781
0.8016042080566834
0.8017794929743878
0.8019540651318872
0.8021279187886109
0.8023010478584289
0.8024734459043543
0.8026451061331084
0.8028160213892493
0.8029861841495465
0.8031555865167518
0.8033242202136227
0.8034920765764437
0.8036591465485967
0.8038254206737474
0.8039908890890441
0.8041555415180222
0.8043193672631672
0.804482355198642
0.8046444937624998
0.8048057709487079
0.8049661742990929
0.8051256908948847
0.8052843073482966
0.8054420097934976
0.8055987838777035
0.8057546147516319
0.8059094870601775
0.8060633849323083
0.8062162919710557
0.806368191243127
0.8065190652680188
0.8066688960072053
0.8068176648527007
0.8069653526154423
0.8071119395133249
0.807257405158887
0.8074017285466527
0.8075448880401815
0.8076868613585252
0.8078276255627004
0.8079671570413027
0.808105431496098
0.8082424239269738
0.8083781086166187
0.8085124591145044
0.8086454482208103
0.8087770479693832
0.8089072296107704
0.8090359635941747
0.8091632195493166
0.80928896626768
0.8094131716829176
0.8095358028511486
0.8096568259302801
0.809776206158898
0.8098939078345692
0.8100098942913678
0.8101241278767485
0.8102365699278575
0.8103471807470112
0.8104559195763862
0.8105627445721687
0.8106676127775995
0.8107704800954577
0.8108713012596109
0.8109700298056034
