201
0.405404391835022
0.40567258425329333
0.4059398811559235
0.40620628196786024
0.4064717861010748
0.4067363929541414
0.4070001019119428
0.4072629123453189
0.40752482361075665
0.40778583505007754
0.4080459459900924
0.40830515574229587
0.4085634636025774
0.40882086885093816
0.40907737075112965
0.40933296855041235
0.409587661479245
0.4098414487509861
0.4100943295616302
0.4103463030895207
0.41059736849505074
0.4108475249204052
0.4110967714892917
0.41134510730664364
0.41159253145836566
0.4118390430110764
0.4120846410117915
0.41232932448775794
0.4125730924460688
0.41281594387347814
0.41305787773613106
0.41329889297927863
0.413538988527068
0.4137781632821783
0.414016416125723
0.4142537459168336
0.4144901514925144
0.41472563166732734
0.41496018523315054
0.41519381095895597
0.41542650759047833
0.41565827385005977
0.41588910843628013
0.4161190100238108
0.41634797726307304
0.4165760087800458
0.41680310317594793
0.4170292590270352
0.4172544748842886
0.41747874927322437
0.41770208069354464
0.41792446761896246
0.4181459084968769
0.4183664017481585
0.41858594576683
0.41880453891985553
0.4190221795468193
0.4192388659597139
0.41945459644264665
0.41966936925151976
0.41988318261384233
0.4200960347284052
0.42030792376498904
0.4205188478641509
0.42072880513683714
0.4209377936642226
0.42114581149735614
0.42135285665686295
0.4215589271326922
0.42176402088380255
0.42196813583787623
0.4221712698910303
0.4223734209075066
0.4225745867193675
0.4227747651261975
0.4229739538948053
0.4231721507588853
0.4233693534187281
0.4235655595409279
0.42376076675798247
0.4239549726680807
0.424148174834703
0.42434037078627795
0.424531558015921
0.4247217339810763
0.4249108961031091
0.42509904176708313
0.425286168321285
0.42547227307698937
0.4256573533080569
0.4258414062505561
0.4260244291024443
0.42620641902316203
0.42638737313328323
0.4265672885141967
0.4267461622075843
0.4269239912152089
0.4271007724984378
0.42727650297782893
0.42745117953278766
0.42762479900119954
0.4277973581789108
0.4279688538194278
0.4281392826334294
0.4283086412883992
0.42847692640821294
0.4286441345726335
0.42881026231693603
0.4289753061314642
0.42913926246118733
0.42930212770519627
0.4294638982163065
0.42962457030060774
0.42978414021694866
0.4299426041764522
0.43009995834210124
0.430256198828231
0.4304113216999658
0.43056532297283745
0.43071819861219524
0.430869944532697
0.4310205565978746
0.4311700306195269
0.4313183623571651
0.4314655475175936
0.4316115817542135
0.431756460666651
0.43190017980001183
0.4320427346444108
0.4321841206344589
0.43232433314850244
0.43246336750815334
0.43260121897777976
0.4327378827636837
0.4328733540136333
0.4330076278162146
0.4331406992001032
0.43327256313367346
0.43340321452414304
0.4335326482168785
0.4336608589948385
0.4337878415778813
0.4339135906221072
0.43403810071905075
0.43416136639523184
0.43428338211099343
0.4344041422598746
0.4345236411691934
0.43464187309703445
0.43475883223238515
0.4348745126954896
0.4349889085360197
0.435102013731822
0.43521382218967397
0.43532432774278096
0.43543352415110625
0.43554140510003636
0.4356479641998569
0.4357531949844381
0.43585709091075897
0.43595964535785287
0.4360608516260674
0.43616070293586673
0.4362591924272236
0.4363563131585046
0.43645205810558935
0.43654642016083517
0.4366393921322133
0.4367309667422249
0.4368211366269397
0.43690989433501914
0.4369972323265447
0.43708314297213746
0.4371676185517315
0.4372506512536827
0.4373322331734316
0.43741235631263237
0.43749101257785744
0.43756819377946293
0.43764389163058043
0.4377180977457186
0.4377908036396763
0.43786200072634507
0.43793168031743357
0.43799983362116324
0.43806645174113934
0.4381315256748682
0.4381950463126081
0.43825700443591903
0.43831739071638426
0.4383761957142096
0.438433409876775
0.43848902353732516
0.43854302691340236
0.4385954101054647
0.43864616309541016
0.43869527574501394
0.4387427377944238
0.4387885388605832
0.43883266843566343
0.43887511588547723
