201
0.06167001419604236
0.061273332161239404
0.060875780360292994
0.06047747769532657
0.060078533852382134
0.05967905073182511
0.05927912362739292
0.058878842206391335
0.058478291330937494
0.05807755175124066
0.0576767006949755
0.05727581237138628
0.056874958405341916
0.05647420821308043
0.05607362932938834
0.05567328769399765
0.055273247903513546
0.05487357343414977
0.05447432683963345
0.054075569927728086
0.05367736391857622
0.05327976958719623
0.05288284739236454
0.052486657593663284
0.052091260358196466
0.051696715858259266
0.05130308436117796
0.05091042631219285
0.050518802411273045
0.05012827368447141
0.049738901550656044
0.049350747883936605
0.048963875072430496
0.04857834607370635
0.048194224467262264
0.04781157450446534
0.04743046115606062
0.04705095015770916
0.04667310805365148
0.04629700223868052
0.04592270099870331
0.0455502735499817
0.045179790077232405
0.04481132177064893
0.0444449408620399
0.044080720660151534
0.04371873558525988
0.04335906120318397
0.04300177425863018
0.04264695270816354
0.042294675752688964
0.041945023869612415
0.04159807884466157
0.041253923803388805
0.040912643242574175
0.040574323061371695
0.04023905059226025
0.03990691463198887
0.03957800547236525
0.03925241493101952
0.03893023638210991
0.03861156478703871
0.038296496725227835
0.03798513042479634
0.03767756579345918
0.03737390444936742
0.037074249752052486
0.03677870683351153
0.03648738262938875
0.036200385910189814
0.035917827312751734
0.03563981937175829
0.03536647655142181
0.03509791527735007
0.03483425396849067
0.034575613069307995
0.03432211508211812
0.03407388459954093
0.033831048337164445
0.03359373516639269
0.03336207614740591
0.03313620456238216
0.03291625594878865
0.03270236813296974
0.032494681263746765
0.03229333784637626
0.032098482776507654
0.03191026337437499
0.03172882941888911
0.03155433318338215
0.031386929467797704
0.03122677563583092
0.031074031648774363
0.030928860100673635
0.03079142625348554
0.030661898072452606
0.03054044626130937
0.030427244297860482
0.03032246846945074
0.03022629790854529
0.0301389146284301
0.030060503558858236
0.029991252581771193
0.029931352567050706
0.029880997408201444
0.029840384058121863
0.029809712564716276
0.029789186106555968
0.02977901102842748
0.02977939687676847
0.029790556435064796
0.029812705759049162
0.0298460642117988
0.029890854498630826
0.029947302701825836
0.03001563831514255
0.030096094278033524
0.0301889070096912
0.030294316442721504
0.030412566056547068
0.030543902910448343
0.030688577676234195
0.030846844670529856
0.03101896188660719
0.031205191025801084
0.03140579752837753
0.03162105060396356
0.03185122326133113
0.03209659233767563
0.03235743852726125
0.032634046409372994
0.032926704475650645
0.033235705156671035
0.03356134484778073
0.033903923934140164
0.03426374681496372
0.034641121926899984
0.03503636176648148
0.03544978291170543
0.03588170604262485
0.03633245596092339
0.03680236160843079
0.037291756084683846
0.03780097666325742
0.03833036480698651
0.03888026618204297
0.03945103067083035
0.04004301238344902
0.040656569668226325
0.04129206512061891
0.04194986559096108
0.04263034219076303
0.04333387029770516
0.04406082955919694
0.044811603894385
0.04558658149488577
0.04638615482390019
0.0472107206139467
0.0480606798630078
0.048936437829150616
0.0498384040237462
0.05076699220305517
0.05172262035832384
0.0527057107043462
0.05371668966653371
0.05475598786654974
0.05582404010637993
0.05692128535090074
0.05804816670937274
0.05920513141493211
0.060392630803519025
0.06161112029071915
0.06286105934818416
0.06414291147806173
0.06545714418712364
0.06680422895936998
0.06818464122795877
0.06959886034611912
0.07104736955772621
0.07253065596702693
0.07404921050785379
0.07560352791303177
0.07719410668310817
0.07882144905535605
0.08048606097325339
0.08218845205588138
0.08392913556850294
0.08570862839364726
0.08752745100353344
0.0893861274336663
0.0912851852584586
0.09322515556840931
0.09520657294982901
0.09722997546699247
0.09929590464751183
0.10140490547050994
0.10355752635927896
0.10575431917721455
0.10799583922897803
0.11028264526603657
0.11261529949829636
