201
0.5270794385149815
0.5268522041182493
0.5266257168017436
0.5263999805838346
0.5261749994828
0.5259507775177845
0.5257273187098591
0.5255046270829249
0.5252827066647258
0.5250615614877663
0.5248411955901467
0.5246216130166802
0.5244028178196478
0.5241848140596546
0.5239676058066537
0.5237511971406767
0.5235355921527446
0.5233207949457573
0.5231068096352163
0.5228936403501778
0.5226812912339881
0.5224697664451066
0.5222590701579714
0.5220492065637043
0.5218401798709487
0.5216319943066657
0.521424654116889
0.521218163567503
0.5210125269449993
0.5208077485572392
0.5206038327342496
0.520400783828926
0.520198606217797
0.5199973043017899
0.5197968825069521
0.5195973452851916
0.5193986971150428
0.5192009425023492
0.5190040859810688
0.5188081321139386
0.5186130854932355
0.51841895074152
0.518225732512342
0.5180334354909684
0.5178420643951391
0.5176516239757756
0.5174621190177023
0.5172735543404069
0.5170859347987151
0.5168992652836062
0.516713550722866
0.5165287960818791
0.5163450063643147
0.5161621866129187
0.5159803419102134
0.5157994773792697
0.515619598184442
0.5154407095321152
0.5152628166714407
0.5150859248951478
0.5149100395402502
0.5147351659888413
0.5145613096688344
0.5143884760547742
0.5142166706685869
0.5140458990803658
0.5138761669091622
0.5137074798237968
0.5135398435436304
0.5133732638393689
0.5132077465339081
0.5130432975031257
0.5128799226766855
0.5127176280389102
0.5125564196295916
0.5123963035448492
0.5122372859379503
0.5120793730202254
0.5119225710618742
0.5117668863928913
0.5116123254039078
0.5114588945471213
0.5113066003371819
0.5111554493520785
0.5110054482341018
0.5108566036907185
0.5107089224955917
0.5105624114894433
0.5104170775810524
0.5102729277482331
0.5101299690388114
0.50998820857158
0.5098476535373619
0.5097083111999658
0.5095701888972448
0.5094332940421467
0.5092976341237396
0.5091632167082566
0.5090300494402276
0.5088981400435243
0.5087674963224682
0.5086381261629858
0.5085100375336741
0.5083832384870026
0.5082577371604449
0.5081335417776615
0.5080106606496907
0.5078891021761448
0.5077688748464568
0.5076499872410831
0.5075324480327863
0.5074162659879095
0.5073014499676279
0.5071880089292982
0.5070759519277795
0.5069652881167362
0.5068560267500617
0.5067481771831804
0.50664174887456
0.5065367513870114
0.5064331943892235
0.5063310876571556
0.506230441075595
0.5061312646395683
0.5060335684559695
0.5059373627450281
0.50584265784192
0.5057494641983868
0.5056577923842696
0.5055676530892566
0.5054790571244747
0.5053920154242281
0.5053065390476777
0.5052226391806426
0.5051403271373192
0.5050596143621124
0.5049805124314238
0.5049030330555782
0.5048271880806617
0.5047529894904015
0.5046804494082022
0.5046095800990251
0.5045403939714782
0.5044729035797937
0.5044071216259228
0.504343060961641
0.5042807345906823
0.504220155670923
0.5041613375165679
0.5041042936004236
0.5040490375561526
0.5039955831805798
0.5039439444360967
0.5038941354530386
0.5038461705320707
0.5038000641467281
0.5037558309459117
0.5037134857564214
0.5036730435855932
0.5036345196239176
0.5035979292477419
0.5035632880220158
0.503530611703042
0.5034999162413504
0.5034712177845235
0.5034445326801699
0.5034198774788721
0.5033972689372448
0.5033767240209721
0.5033582599080034
0.5033418939916907
0.5033276438840325
0.5033155274190457
0.5033055626560519
0.5032977678831404
0.5032921616205989
0.5032887626245506
0.5032875898904553
0.5032886626568475
0.5032920004090535
0.503297622882988
0.5033055500690478
0.503315802216027
0.5033283998351548
0.5033433637041695
0.5033607148714931
0.5033804746604447
0.5034026646735961
0.5034273067971321
0.5034544232053512
0.5034840363651976
0.5035161690409571
0.5035508442989387
0.5035880855122963
0.503627916366011
0.5036703608617783
0.5037154433232196
0.5037631884009965
0.5038136210781327
0.5038667666754294
0.5039226508569389
