201
0.8322125376566886
0.832448034853142
0.8326832127771981
0.8329180777032452
0.8331526356925008
0.8333868925920443
0.8336208540339217
0.8338545254340677
0.8340879119911735
0.8343210186855579
0.8345538502778284
0.834786411307513
0.8350187060916767
0.835250738723337
0.8354825130698823
0.8357140327714194
0.8359453012388915
0.8361763216522898
0.8364070969586901
0.8366376298701608
0.8368679228616531
0.8370979781687664
0.8373277977854268
0.8375573834614022
0.8377867366998508
0.8380158587546739
0.8382447506277264
0.8384734130660909
0.8387018465590149
0.8389300513350004
0.8391580273585059
0.8393857743267907
0.8396132916664124
0.8398405785298688
0.8400676337918009
0.8402944560454024
0.8405210435984437
0.8407473944692838
0.8409735063827599
0.8411993767659428
0.8414250027436283
0.8416503811339315
0.8418755084434584
0.84210038086256
0.8423249942602489
0.8425493441792105
0.842773425830261
0.8429972340871287
0.8432207634805804
0.8434440081928278
0.8436669620513519
0.8438896185228597
0.844111970706854
0.8443340113291645
0.8445557327351203
0.8447771268826287
0.8449981853350975
0.8452188992539515
0.8454392593911453
0.8456592560812796
0.8458788792335785
0.8460981183236541
0.846316962384942
0.8465353999998833
0.8467534192909423
0.8469710079112776
0.847188153035148
0.8474048413480091
0.8476210590364536
0.8478367917775784
0.8480520247283658
0.8482667425144949
0.8484809292189099
0.848694568370061
0.8489076429297865
0.8491201352807727
0.8493320272137469
0.8495432999141491
0.8497539339485027
0.8499639092504083
0.8501732051059128
0.8503818001386116
0.8505896722943042
0.8507967988250095
0.8510031562727679
0.8512087204525498
0.8514134664350462
0.8516173685286582
0.8518204002610025
0.8520225343598351
0.8522237427334453
0.852423996450305
0.852623265718055
0.8528215198621476
0.8530187273032533
0.8532148555344804
0.8534098710975759
0.8536037395583697
0.8537964254814572
0.8539878924041326
0.8541781028093935
0.85436701809796
0.8545545985596462
0.8547408033434715
0.8549255904269321
0.855108916584291
0.8552907373536808
0.8554710070031266
0.8556496784954412
0.85582670345198
0.8560020321149651
0.8561756133087247
0.8563473943994044
0.8565173212534256
0.8566853381943512
0.85685138795837
0.8570154116480425
0.8571773486845661
0.8573371367582263
0.8574947117770072
0.8576500078136231
0.8578029570501717
0.85795348972122
0.8581015340544444
0.8582470162092991
0.8583898602132696
0.8585299878958568
0.8586673188199078
0.8588017702105821
0.8589332568812994
0.859061691157259
0.8591869827955428
0.8593090389026167
0.8594277638481456
0.8595430591758199
0.8596548235104061
0.859762952461217
0.8598673385218216
0.8599678709655781
0.8600644357368729
0.8601569153382715
0.8602451887127982
0.8603291311215074
0.8604086140157414
0.8604835049044597
0.8605536672158688
0.860618960153037
0.8606792385434489
0.8607343526827356
0.8607841481706405
0.8608284657408029
0.8608671410829236
0.8609000046568944
0.8609268814989447
0.8609475910194107
0.8609619467912971
0.8609697563292872
0.8609708208590734
0.8609649350761496
0.860951886893348
0.8609314571772705
0.8609034194721066
0.860867539711027
0.8608235759136856
0.8607712778698907
0.8607103868080513
0.8606406350479356
0.8605617456367242
0.8604734319678483
0.8603753973807744
0.8602673347418106
0.860148926003948
0.8600198417453067
0.8598797406842789
0.8597282691706257
0.8595650606510463
0.8593897351076147
0.8592018984672943
0.8590011419818009
0.858787041574945
0.8585591571565393
0.8583170318999755
0.8580601914824371
0.8577881432845126
0.8575003755476371
0.8571963564859794
0.8568755333512011
0.8565373314459825
0.8561811530843232
0.8558063764945887
0.8554123546623178
0.8549984141089159
0.8545638536022234
0.8541079427949052
0.853629920786042
0.8531289946013814
0.8526043375867809
0.8520550877098563
0.8514803457635677
0.850879173466066
0.8502505914497058
