201
0.6644955318170848
0.657652164900676
0.6507291903424767
0.6437276418482437
0.6366486369005322
0.6294933781385362
0.6222631546391156
0.6149593430958261
0.6075834088857273
0.6001369070182601
0.5926214829571608
0.5850388733100208
0.5773909063762154
0.5696795025491349
0.5619066745613259
0.5540745275705361
0.5461852590775323
0.5382411586696179
0.5302446075858486
0.5221980780965996
0.5141041326933509
0.5059654230844295
0.4977846889931673
0.489564756752367
0.4813085376962783
0.4730190263456587
0.46469929838255325
0.45635250841868935
0.4479818875531325
0.4395907407206402
0.4311824438360086
0.42276044072932034
0.4143282398826575
0.4058894109675951
0.397447581190018
0.38900643144682767
0.3805696923019057
0.3721411397893963
0.3637245910493606
0.35532389980843654
0.3469429517131504
0.33858565952709213
0.33025595820285436
0.32195779984070405
0.3136951485480268
0.30547197521019503
0.29729225218914046
0.28915994796231576
0.2810790217182397
0.273053417921518
0.2650870608662417
0.25718384922918247
0.24934765064266032
0.2415822963008112
0.23389157561406596
0.2262792309320628
0.2187489523453078
0.21130437258589735
0.20394906203889307
0.196686523881376
0.18952018936404963
0.1824534132456077
0.17548946940011442
0.16863154660162852
0.16188274450642878
0.15524606983790165
0.14872443278900027
0.1423206436489349
0.13603740966579778
0.12987733215133315
0.12384290383604732
0.11793650648100441
0.11216040875189535
0.10651676435985434
0.1010076104732569
0.09563486640371974
0.09040033256856393
0.08530568973098175
0.08035249852068956
0.0755421992334822
0.07087611191176647
0.06635543670591938
0.06198125451473237
0.05775452790748539
0.05367610232562541
0.04974670756699554
0.04596695955219297
0.04233736237799053
0.038858310661826934
0.035530092183630596
0.03235289083595464
0.029326789895903215
0.026451775636512798
0.0237277413034932
0.021154491489508175
0.018731746947975483
0.016459149903053936
0.014336269926567287
0.012362610476489054
0.010537616216732736
0.008860681276327402
0.0073311586531412355
0.005948371030191243
0.0047116233594859756
0.0036202176827551213
0.0026734708178759005
0.0018707357594655964
0.0012114279508046526
0.0006950580232871748
0.00032127323294707326
8.991075205088718e-05
1.0673573000294834e-06
5.5192157426474766e-05
0.0002532122586378367
0.0005967064250432703
0.0010881501692991628
0.0017312696929902623
0.002531566166081736
0.003497114712718299
0.004639821892364376
0.005977479246064409
0.007537263756795156
0.009362012674255602
0.011522162841551817
0.014140137609267285
0.01744445959225848
0.02190065616674659
0.028534554627538837
0.03910743857975229
0.03890179804912751
0.0018610512969306197
0.0024256203877232488
0.008019803004706819
0.012761328185422655
0.016781030319410938
0.020377946001183506
0.02373575545843656
0.026961366151309486
0.030118825938428535
0.033247994004193634
0.036374529809395505
0.03951540108438763
0.04268204725143782
0.04588227072647931
0.0491214100064969
0.0524030916030593
0.055729726312264555
0.05910284536288085
0.06252333343369455
0.06599159355560905
0.06950766599629923
0.07307131541496101
0.07668209572674625
0.0803393990450817
0.08404249307030362
0.0877905499763163
0.09158266895840095
0.09541789399694663
0.09929522796922352
0.1032136439455292
0.10717209429130814
0.11116951804520837
0.11520484692987285
0.11927701026998364
0.12338493902955389
0.12752756913602117
0.13170384421990525
0.1359127178755019
0.14015315552482402
0.14442413595096673
0.14872465255652972
0.15305371438884058
0.15741034697041537
0.16179359296215906
0.16620251268609054
0.17063618452613494
0.1750937052259395
0.17957419009691877
0.18407677314909643
0.18860060715623117
0.19314486366218794
0.19770873293798746
0.20229142389480595
0.2068921639594863
0.21151019891723385
0.2161447927248276
0.2207952273001948
0.22546080228922222
0.23014083481450362
0.23483465920758942
0.2395416267275295
0.24426110526669512
0.2489924790475257
0.25373514830944266
0.25848852898970265
0.26325205239648225
0.2680251648791937
0.2728073274930272
0.2775980156612994
0.2823967188357403
0.2872029401538834
