201
0.4323707776925258
0.43217014634064704
0.4319702832677133
0.4317711967622009
0.43157289512440383
0.4313753866681835
0.43117867972284885
0.43098278263487744
0.43078770376970704
0.4305934515134763
0.4304000342747588
0.430207460486292
0.4300157386066822
0.4298248771221145
0.4296348845480056
0.4294457694307079
0.42925754034918856
0.42907020591666833
0.4288837747822858
0.4286982556327201
0.42851365719387724
0.42832998823250656
0.4281472575578018
0.4279654740231018
0.42778464652745934
0.4276047840172765
0.427425895487975
0.42724798998556424
0.42707107660829763
0.42689516450832304
0.4267202628932429
0.4265463810278231
0.42637352823559904
0.42620171390050915
0.42603094746852654
0.4258612384493742
0.4256925964180922
0.4255250310167764
0.425358551956208
0.4251931690175408
0.4250288920540052
0.4248657309925771
0.4247036958357134
0.42454279666304934
0.42438304363313745
0.42422444698518097
0.4240670170407967
0.4239107642057736
0.42375569897183657
0.42360183191847744
0.4234491737147521
0.4232977351210859
0.4231475269911348
0.4229985602736069
0.42285084601420764
0.42270439535747584
0.42255921954871684
0.42241532993592273
0.4222727379717507
0.42213145521547135
0.42199149333496505
0.4218528641087664
0.4217155794280712
0.42157965129882774
0.42144509184378826
0.42131191330467616
0.421180128044281
0.4210497485486331
0.42092078742921996
0.42079325742517826
0.42066717140556353
0.4205425423716064
0.4204193834590669
0.4202977079405277
0.4201775292277905
0.4200588608742908
0.41994171657750695
0.41982611018147026
0.41971205567926523
0.4195995672155248
0.41948865908912747
0.4193793457556826
0.4192716418302987
0.4191655620902309
0.4190611214776172
0.41895833510229563
0.41885721824460287
0.41875778635827454
0.4186600550732955
0.41856404019894117
0.4184697577267472
0.41837722383353715
0.4182864548846043
0.41819746743676783
0.4181102782416872
0.41802490424902644
0.4179413626098428
0.41785967067990765
0.4177798460231697
0.4177019064152009
0.41762586984678757
0.41755175452749377
0.41747957888934273
0.4174093615905309
0.4173411215192911
0.4172748777976528
0.4172106497854552
0.4171484570842735
0.4170883195415737
0.41703025725475673
0.4169742905754784
0.41692044011384966
0.4168687267428888
0.4168191716028953
0.41677179610603293
0.41672662194093096
0.41668367107738075
0.41664296577113613
0.41660452856875574
0.41656838231263166
0.41653455014599855
0.4165030555180593
0.4164739221893634
0.4164471742370632
0.41642283606034847
0.4164009323860979
0.41638148827451676
0.41636452912483723
0.41635008068132484
0.4163381690392307
0.41632882065089416
0.416322062332025
0.41631792126807315
0.41631642502063787
0.41631760153424496
0.41632147914293727
0.41632808657732706
0.41633745297139724
0.41634960786989733
0.4163645812356216
0.4163824034567604
0.41640310535455904
0.4164267181910718
0.4164532736776766
0.41648280398126114
0.4165153417354489
0.4165509200464912
0.41658957250305806
0.41663133318480877
0.4166762366714332
0.41672431805149346
0.4167756129322672
0.41683015744892077
0.4168879882744789
0.4169491426297309
0.41701365829333803
0.41708157361237114
0.41715292751285354
0.417227759510593
0.41730610972237103
0.4173880188772018
0.4174735283279042
0.41756268006298897
0.4176555167187428
0.4177520815915421
0.41785241865058254
0.41795657255071117
0.41806458864566826
0.4181765130016063
0.41829239241089916
0.41841227440619166
0.4185362072749457
0.41866424007414943
0.4187964226453773
0.4189328056303201
0.4190734404865548
0.41921837950365337
0.4193676758198264
0.41952138343877377
0.419679557247001
0.4198422530315577
0.420009527498163
0.4201814382897692
0.4203580440055402
0.420539404220319
0.4207255795045153
0.42091663144446795
0.42111262266335214
0.4213136168425072
0.4215196787433509
0.42173087422970673
0.4219472702908164
0.42216893506483416
0.42239593786289575
0.4226283491937084
0.42286624078897794
0.42310968562907814
0.4233587579697901
0.42361353336930513
0.4238740887161877
0.42414050225787536
