201
0.8668328669893778
0.9356771386884974
0.9806764657648002
0.9992983935758699
0.9937198334406734
0.9693755440380895
0.9327939632560467
0.8898915165009613
0.8451637004862551
0.8015945693521135
0.7609262794958254
0.7240180376309463
0.6911615074941145
0.6623137677236952
0.637252963030676
0.6156753155863302
0.5972521462342127
0.5816613427146142
0.5686032417636375
0.5578073758619554
0.5490340891730395
0.542073432757371
0.5367427501779758
0.5328837552558096
0.5303595396331959
0.5290517343892834
0.5288579274973912
0.5296893706505713
0.5314689725594627
0.5341295578115282
0.5376123628175671
0.5418657385213381
0.546844030708473
0.5525066112976209
0.5588170371153807
0.5657423158006073
0.5732522614812952
0.5813189255579588
0.5899160903308306
0.5990188152809548
0.6086030276343597
0.6186451504030186
0.6291217624562567
0.6400092863683222
0.6512837008311034
0.6629202753470548
0.6748933257497592
0.6871759898384052
0.6997400230943736
0.7125556150485093
0.7255912274163959
0.7388134556071957
0.7521869156176986
0.7656741586710912
0.779235616217943
0.7928295780710835
0.8064122065119179
0.8199375891210263
0.8333578329013271
0.8466232018958262
0.859682300012915
0.8724823001060691
0.8849692195439118
0.8970882415417627
0.9087840804441527
0.9200013879444766
0.9306851959739504
0.940781390698446
0.9502372107995892
0.9590017620280779
0.9670265389766782
0.9742659441621939
0.9806777939220462
0.9862238003252002
0.9908700183491698
0.994587247975318
0.9973513816267257
0.9991436884970919
0.9999510287675869
0.9997659924194378
0.9985869592830781
0.996418079009091
0.9932691717465436
0.9891555523661593
0.9840977829913843
0.9781213603202722
0.9712563456780553
0.9635369468744808
0.955001061734535
0.945689793606403
0.935646949228579
0.9249185290951116
0.9135522199213568
0.9015968980145356
0.8891021513874617
0.8761178273250683
0.8626936109149832
0.8488786388255216
0.8347211513994078
0.8202681849756396
0.8055653052830613
0.7906563818013554
0.7755834021489882
0.7603863248811833
0.7451029685098187
0.7297689341613922
0.7144175589671391
0.6990798971282637
0.6837847254861503
0.6685585704626635
0.6534257532845822
0.6384084505535765
0.6235267673857144
0.6087988205591728
0.5942408293192968
0.5798672117345511
0.565690684726743
0.5517223661337086
0.5379718773877153
0.524447445599766
0.5111560040448153
0.4981032902142679
0.4852939407762881
0.47273158292086026
0.46041892170393117
0.4483578231106192
0.4365493926631744
0.42499404947373975
0.41369159571717706
0.4026412815580389
0.3918418656060133
0.3812916710214161
0.3709886374132644
0.36093036869898926
0.35111417711210846
0.34153712354869314
0.3321960544585516
0.3230876354825859
0.3142083820395536
0.30555468706500477
0.29712284609824974
0.28890907990500336
0.28090955482371927
0.2731204010039015
0.2655377287074799
0.25815764282817294
0.25097625577762445
0.2439896988754225
0.2371941323760734
0.23058575425095923
0.22416080783877548
0.2179155884703006
0.21184644916202117
0.20594980546835112
0.20022213957488932
0.1946600037082034
0.18926002293042304
0.1840188973830729
0.17893340403789632
0.17400039800615813
0.1692168134579351
0.1645796641915364
0.16008604389512282
0.1557331261369826
0.15151816411586205
0.14743849020214753
0.14349151529663975
0.1396747280305201
0.13598569382899647
0.13242205385854883
0.12898152387408296
0.12566189298310818
0.12246102234109107
0.11937684378958054
0.11640735844947957
0.11355063527868522
0.11080480960438535
0.10816808163574712
0.10563871496600319
0.10321503506912748
0.10089542779637307
0.09867833787817162
0.09656226743429322
0.09454577449698827
0.09262747154946817
0.09080602408251916
0.08908014917142665
0.08744861407511412
0.08591023485897588
0.08446387504241551
0.08310844427262512
0.08184289702495841
0.08066623133009757
0.07957748752938375
0.07857574705756963
0.07766013125345443
0.07682980019847203
0.07608395158282828
0.07542181959895936
0.07484267386218693
0.07434581835788422
