201
0.7445886520236527
0.712185356667723
0.6805219418032875
0.6497945191780526
0.6201397501980144
0.5916464092524975
0.564365373563262
0.5383180517455123
0.5135033604307929
0.4899034074944518
0.46748805793356885
0.44621855640680796
0.4260503674433677
0.40693537608134356
0.3888235718064829
0.3716643192668245
0.3554073014664065
0.34000320551416885
0.3254042076187633
0.31156430281342856
0.29843951561818505
0.2859880202948511
0.27417019323144876
0.2629486150812572
0.2522880363734414
0.24215531719841765
0.23251934912376596
0.22335096555992587
0.21462284528946496
0.2063094126870879
0.1983867372432567
0.19083243429169344
0.1836255682947147
0.17674655961824515
0.17017709540984144
0.1639000449502147
0.15789937966764916
0.15216009786992316
0.14666815415082607
0.1414103933587705
0.13637448896574567
0.1315488856439336
0.12692274583654836
0.12248590010031471
0.11822880099260284
0.1141424802777383
0.11021850923364904
0.10644896184548311
0.10282638068379432
0.09934374527436785
0.0959944427786089
0.09277224081271684
0.08967126224724978
0.08668596183727026
0.08381110454555862
0.0810417454294816
0.0783732109735306
0.07580108175664474
0.07332117635307446
0.07092953637263145
0.068622412553828
0.06639625183003028
0.06424768529484086
0.062173516999107246
0.06017071351674328
0.0582363942224041
0.05636782222724764
0.05456239592460216
0.05281764110011912
0.05113120356534774
0.04950084227616505
0.04792442290124078
0.04639991180787592
0.04492537043528718
0.043498950027911695
0.04211888670299958
0.04078349682930376
0.03949117269495441
0.038240378444395436
0.03702964626613115
0.035857572813886164
0.0347228158454858
0.033624091064710454
0.03256016915269766
0.031529872976102824
0.030532074960670234
0.029565694619211064
0.02862969622407765
0.027723086615008535
0.026844913133484978
0.025994261675948236
0.02517025485829301
0.024372050284807406
0.023598838915334257
0.022849843524666767
0.022124317248703514
0.021421542212412038
0.020740828234746676
0.02008151160637356
0.01944295393607466
0.01882454106209364
0.018225682025189368
0.01764580810002537
0.017084371882217838
0.01654084642827016
0.016014724446174303
0.015505517534291122
0.015012755466795261
0.0145359855239303
0.014074771865440835
0.013628694946147863
0.013197350972403056
0.012780351398792515
0.01237732246437356
0.011987904768118812
0.011611752883584304
0.011248535012876655
0.010897932680474141
0.010559640467663669
0.010233365788832625
0.00991882871107544
0.009615761819204063
0.009323910128572144
0.009043031048825652
0.00877289440221934
0.00851328250092943
0.008263990288682856
0.008024825552784795
0.00779560921409269
0.007576175703525248
0.007366373435343933
0.0071660653893033015
0.006975129815909625
0.006793461081432385
0.0066209706726226905
0.006457588384393371
0.006303263718217891
0.006157967524207715
0.00602169392589734
0.005894462574470626
0.005776321288294554
0.005667349144712259
0.0055676601047057565
0.005477407267782295
0.005396787875088096
0.005326049204121692
0.005265495530293977
0.005215496370076628
0.005176496270182972
0.005149026469833045
0.005133718842578275
0.00513132262531554
0.0051427245716967815
0.005168973334371665
0.005211309097243643
0.005271199761903902
0.005350385364752218
0.005450932893831029
0.005575304332033275
0.005726441637434875
0.005907873570678456
0.0061238509205604925
0.006379518945246097
0.006681139009372879
0.0070363758551660865
0.007454673302271499
0.007947750340862895
0.008530262978031828
0.009220697029210226
0.010042586821682657
0.011026200154994392
0.012210900113784612
0.013648504896159623
0.015408143844981974
0.01758339630671632
0.02030297814473362
0.023747046586199406
0.028172570346777358
0.03395357831864614
0.041646136498370435
0.052094498195800705
0.0666041892609809
0.08721415203664439
0.11706945631352092
0.16068053752626446
0.22295328622894292
0.30344737944240796
0.38200559037397175
0.41456958303206154
0.3793346814960568
0.3080525593503883
0.23820462252530822
0.1835465334911471
0.14379793592803344
0.11526842031768905
0.09457718791490217
0.07928818153889025
0.06775615732581278
0.058882802061616175
0.05192875093646602
0.04638817840519178
