201
0.34830174284320486
0.3486561466124257
0.34901210026271856
0.3493694005009397
0.34972786731292493
0.3500873405193332
0.350447676953609
0.35080874813068985
0.3511704383063332
0.35153264285041025
0.35189526687434375
0.3522582240663173
0.3526214356969161
0.35298482976615664
0.3533483402680109
0.35371190655351065
0.35407547277664564
0.3544389874106227
0.3548024028236792
0.3551656749060079
0.35552876274032547
0.3558916283102332
0.3562542362410532
0.3566165535690827
0.3569785495353696
0.3573401954010421
0.35770146428153415
0.358062330997364
0.3584227719394985
0.3587827649477156
0.3591422892003625
0.35950132511429017
0.35985985425389977
0.36021785924820476
0.3605753237152303
0.360932232192786
0.36128857007514464
0.3616443235549876
0.36199947956995737
0.36235402575369013
0.3627079503905001
0.3630612423737014
0.36341389116711864
0.36376588676939725
0.36411721968107624
0.364467880873977
0.364817861762806
0.3651671541788132
0.3655157503452168
0.36586364285445006
0.36621082464676596
0.3665572889904397
0.3669030294631831
0.3672480399348621
0.3675923145512075
0.36793584771867754
0.3682786340901297
0.3686206685516183
0.3689619462096755
0.36930246237969017
0.3696422125747065
0.36998119249506894
0.3703193980186129
0.3706568251913346
0.37099347021878065
0.3713293294577219
0.371664399408421
0.37199867670725983
0.3723321581198479
0.37266484053436144
0.37299672095541286
0.3733277964980842
0.3736580643823644
0.3739875219278492
0.37431616654871436
0.37464399574893076
0.3749710071176937
0.37529719832518493
0.3756225671183925
0.37594711131721614
0.37627082881079665
0.3765937175539088
0.37691577556361866
0.37723700091606405
0.3775573917433517
0.3778769462306627
0.37819566261337234
0.3785135391744958
0.37883057424199873
0.37914676618644777
0.37946211341858216
0.37977661438711807
0.3800902675766085
0.380403071505318
0.3807150247233474
0.38102612581062373
0.3813363733751722
0.3816457660513244
0.38195430249805123
0.38226198139732864
0.3825688014526375
0.3828747613874199
0.38317985994367687
0.38348409588055227
0.3837874679730387
0.38408997501066927
0.3843916157963038
0.38469238914488774
0.3849922938823484
0.38529132884447825
0.3855894928758182
0.3858867848286566
0.38618320356203245
0.3864787479407092
0.38677341683430144
0.3870672091163097
0.3873601236632926
0.38765215935394376
0.3879433150683146
0.3882335896869847
0.38852298209030955
0.3888114911576043
0.3890991157664651
0.38938585479201304
0.3896717071062125
0.38995667157719205
0.3902407470685748
0.3905239324388467
0.39080622654071306
0.3910876282204774
0.39136813631749295
0.3916477496634896
0.3919264670821169
0.392204287388275
0.39248120938762554
0.39275723187607303
0.39303235363921085
0.3933065734517762
0.39357989007725475
0.3938523022672568
0.3941238087611195
0.3943944082854201
0.3946640995534681
0.394932881264913
0.3952007521052075
0.39546771074524373
0.3957337558408637
0.3959988860324501
0.3962630999444873
0.3965263961851719
0.3967887733459452
0.3970502300011313
0.3973107647075008
0.3975703760039269
0.3978290624108857
0.3980868224301934
0.3983436545444793
0.3985995572169476
0.3988545288908702
0.39910856798930017
0.3993616729146119
0.39961384204821865
0.3998650737501224
0.4001153663586004
0.40036471818983826
0.4006131275374946
0.4008605926724221
0.4011071118422949
0.40135268327119417
0.40159730515929265
0.401840975682498
0.40208369299207897
0.4023254552143024
0.402566260450109
0.402806106774725
0.40304499223733414
0.40328291486069184
0.4035198726407731
0.40375586354646986
0.4039908855191499
0.40422493647236835
0.4044580142914601
0.4046901168332324
0.4049212419255639
0.40515138736704415
0.4053805509266413
0.4056087303433293
0.4058359233257042
0.4060621275516198
0.4062873406678566
0.40651156028969526
0.40673478400061647
0.40695700935184875
0.40717823386204827
0.40739845501689953
0.4076176702687464
0.407835877036189
0.40805307270371527
0.40826925462132574
0.4084844201040926
0.408698566431833
