201
0.9234149271063832
0.9242379314362774
0.9250589206708415
0.9258778429376537
0.9266946469504997
0.927509282003883
0.9283216979679183
0.9291318452824082
0.929939674950937
0.9307451385344405
0.9315481881446956
0.9323487764373889
0.9331468566050793
0.9339423823695867
0.9347353079744883
0.9355255881770905
0.936313178240235
0.9370980339238953
0.9378801114763777
0.9386593676254773
0.9394357595691871
0.9402092449664026
0.9409797819269461
0.9417473290020983
0.9425118451740833
0.943273289845722
0.9440316228300857
0.9447868043392692
0.9455387949734931
0.9462875557099197
0.9470330478906676
0.9477752332114381
0.9485140737093254
0.9492495317504435
0.9499815700175487
0.9507101514971997
0.9514352394668162
0.9521567974813314
0.9528747893597358
0.9535891791713346
0.9542999312216279
0.9550070100380338
0.9557103803553747
0.9564100071009192
0.957105855379254
0.9577978904568896
0.9584860777463967
0.9591703827904603
0.9598507712453773
0.9605272088644199
0.9611996614806675
0.9618680949896772
0.9625324753316563
0.963192768473119
0.9638489403886024
0.9645009570414437
0.9651487843644527
0.9657923882400045
0.9664317344797032
0.9670667888036629
0.9676975168190064
0.9683238839982813
0.9689458556567192
0.9695633969296231
0.9701764727485406
0.9707850478172235
0.9713890865866915
0.9719885532297858
0.9725834116148162
0.9731736252786645
0.9737591573988638
0.9743399707651917
0.9749160277499704
0.9754872902777899
0.976053719794132
0.9766152772330926
0.977171922983854
0.9777236168563412
0.9782703180454241
0.9788119850940852
0.9793485758552843
0.9798800474523711
0.9804063562381992
0.9809274577526214
0.9814433066785476
0.9819538567961847
0.9824590609356454
0.9829588709277164
0.9834532375524678
0.9839421104861927
0.9844254382457593
0.9849031681310008
0.9853752461645195
0.9858416170289533
0.9863022240016711
0.9867570088863347
0.987205911941774
0.9876488718075833
0.9880858254261069
0.9885167079611153
0.9889414527126679
0.9893599910278661
0.9897722522073495
0.9901781634074736
0.990577649537427
0.9909706331515722
0.9913570343361735
0.9917367705904911
0.9921097567018773
0.9924759046142844
0.9928351232899936
0.9931873185640266
0.9935323929907453
0.9938702456822031
0.9942007721376864
0.994523864063838
0.9948394091847393
0.9951472910412412
0.9954473887790267
0.9957395769243333
0.996023725146677
0.9962996980075494
0.9965673546944329
0.9968265487385325
0.997077127715572
0.9973189329283154
0.997551799069256
0.9977755538622026
0.9979900176815282
0.9981950031465854
0.9983903146903551
0.9985757480996722
0.9987510900254232
0.9989161174597563
0.9990705971784077
0.9992142851448571
0.9993469258735725
0.9994682517490712
0.9995779822969741
0.9996758234032761
0.9997614664777366
0.9998345875562368
0.9998948463375598
0.9999418851485535
0.9999753278311085
0.9999947785460829
0.999999820483439
0.9999900144739503
0.9999648974909401
0.9999239810333634
0.9998667493787995
0.9997926576945884
0.999701129993285
0.9995915569181464
0.9994632933418361
0.9993156557605924
0.999147919463101
0.9989593154522829
0.9987490270944415
0.9985161864684047
0.9982598703832426
0.9979790960301909
0.9976728162297039
0.9973399142304851
0.996979198011526
0.9965893940326817
0.9961691403722112
0.9957169791818962
0.995231348382076
0.9947105725079486
0.994152852608235
0.9935562550823365
0.9929186993292477
0.9922379440619324
0.9915115721225197
0.9907369736095394
0.989911327103085
0.9890315787415765
0.9880944188699872
0.9870962559369488
0.9860331872712677
0.9849009663127686
0.983694965807631
0.9824101364037399
0.9810409599933009
0.9795813970488476
0.9780248270776786
0.9763639811813318
0.9745908655423476
0.9726966744701526
0.9706716914124944
0.968505176079596
0.9661852355200113
0.9636986766339712
0.9610308371946179
0.9581653919721419
0.9550841300045367
0.9517666984376669
0.9481903076534408
0.9443293916331101
0.9401552166745419
