201
0.6488752462279944
0.5287811908088729
0.43497223815161357
0.3636653524274932
0.3095766286946735
0.2681783605242195
0.236065631203553
0.21078755072836863
0.19059927404991098
0.174254544009634
0.16085451160517797
0.14974271248893245
0.140433180280889
0.13256124955325513
0.12584965511780766
0.12008493046750875
0.11510078093205071
0.11076622440221916
0.10697702709387268
0.10364944355984082
0.10071558740163833
0.09811996965131614
0.0958168828676848
0.09376840451396
0.09194285858905707
0.09031361975455157
0.08885817587826972
0.08755738731548553
0.0863948972524476
0.0853566589805051
0.08443055437677296
0.08360608404460895
0.08287411414458923
0.08222666836876437
0.08165675608610576
0.08115822964239712
0.08072566529128172
0.08035426338227772
0.08003976432174338
0.07977837751592423
0.079566721049168
0.07940177027836483
0.07928081386487504
0.07920141603550725
0.0791613840808157
0.07915874027352077
0.07919169753064328
0.07925863825747695
0.07935809590476103
0.07948873884691206
0.07964935625174205
0.07983884566421227
0.08005620206942318
0.08030050823571115
0.08057092616860975
0.08086668953115826
0.08118709690680527
0.08153150579919466
0.08189932727715907
0.08229002118666827
0.08270309186145444
0.08313808427359658
0.08359458057271675
0.0840721969693045
0.08457058092338277
0.08508940860442124
0.08562838259278967
0.08618722979663981
0.08676569956128584
0.08736356195067528
0.08798060618336949
0.08861663920692213
0.08927148439687824
0.08994498036797764
0.09063697988640515
0.09134734887323127
0.09207596549069631
0.09282271930294635
0.09358751050454316
0.0943702492105861
0.09517085480260222
0.0959892553252642
0.09682538692951256
0.09767919335771366
0.09855062546763164
0.09943964079131515
0.10034620312650419
0.10127028215738713
0.10221185310251302
0.10317089638745379
0.10414739734040114
0.10514134590849025
0.10615273639388433
0.10718156720706115
0.10822784063704508
0.1092915626363065
0.11037274261996291
0.11147139327769728
0.1125875303977241
0.11372117270164339
0.11487234168982785
0.11604106149598396
0.11722735875067838
0.1184312624530547
0.11965280385007863
0.12089201632286214
0.12214893527956039
0.12342359805434788
0.12471604381213208
0.1260263134584835
0.12735444955465386
0.12870049623701427
0.13006449914093351
0.13144650532853597
0.1328465632203883
0.13426472253054483
0.13570103420484872
0.13715555036234556
0.13862832423964755
0.14011941013770723
0.14162886337139957
0.14315674022111693
0.14470309788692437
0.14626799444436453
0.1478514888023965
0.14945364066325856
0.15107451048355136
0.15271415943733532
0.15437264938045606
0.15605004281630752
0.15774640286266955
0.1594617932201792
0.16119627814131415
0.16294992240088205
0.16472279126715614
0.1665149504740881
0.16832646619419211
0.1701574050122755
0.1720078338996858
0.1738778201895377
0.17576743155216423
0.17767673597120026
0.17960580172016716
0.18155469733970753
0.1835234916146958
0.1855122535519886
0.1875210523586927
0.1895499574201736
0.19159903827858785
0.1936683646117098
0.19575800621139158
0.19786803296264407
0.19999851482254227
0.20214952179912649
0.20432112393028307
0.2065133912626862
0.2087263938305627
0.2109602016343006
0.21321488461907506
0.2154905126531255
0.21778715550575622
0.2201048828253539
0.22244376411683192
0.22480386871900213
0.22718526578123716
0.22958802424033506
0.23201221279622472
0.23445789988800328
0.23692515366871605
0.23941404198027574
0.24192463232753947
0.24445699185158007
0.2470111873028606
0.24958728501338062
0.2521853508680523
0.2548054502759276
0.2574476481399131
0.26011200882607544
0.26279859613227396
0.2655074732556201
0.2682387027591544
0.27099234653736054
0.2737684657813963
0.27656712094224856
0.27938837169375935
0.28223227689385344
0.28509889454516235
0.28798828175402447
0.29090049468861284
0.2938355885353613
0.29679361745450616
0.2997746345339355
0.3027786917417036
0.30580583987721777
0.30885612852069677
0.3119296059810736
0.31502631924261026
0.31814631390927023
0.32128963414788286
0.32445632262928514
0.3276464204676124
