201
0.12862337404756216
0.1276285131519801
0.1266503304886279
0.12568748984535374
0.1247388084181075
0.12380323440251303
0.12287982860252923
0.12196774920985048
0.12106623911163016
0.1201746152320914
0.11929225952305018
0.11841861130343376
0.11755316070805535
0.11669544305612009
0.11584503398669876
0.11500154523684973
0.11416462096239251
0.113333934518058
0.11250918562886596
0.1116900978966523
0.11087641659387983
0.11006790670587299
0.1092643511881955
0.10846554941015553
0.10767131576205673
0.1068814784044973
0.106095878143173
0.10531436741379524
0.10453680936441631
0.10376307702386318
0.10299305254714575
0.10222662652825741
0.10146369737470262
0.10070417073563645
0.09994795897929037
0.0991949807139878
0.09844516034851804
0.09769842768837532
0.09695471756395153
0.09621396948793297
0.09547612733883906
0.09474113906927681
0.09400895643519384
0.09327953474572803
0.09255283263074039
0.09182881182554914
0.09110743697041732
0.09038867542427624
0.08967249709119103
0.08895887425903272
0.0882477814481212
0.08753919527114465
0.08683309430125546
0.08612945894949409
0.08542827134958479
0.08472951525060773
0.08403317591599503
0.08333924002924936
0.08264769560541985
0.08195853190792653
0.08127173937058907
0.08058730952452686
0.07990523492940195
0.07922550910859703
0.07854812648875543
0.07787308234245165
0.07720037273457282
0.07652999447172135
0.07586194505485151
0.07519622263411686
0.07453282596734108
0.07387175437984367
0.073213007727386
0.07255658636105948
0.07190249109414329
0.07125072317099394
0.07060128423788824
0.06995417631534936
0.06930940177219326
0.0686669633012883
0.06802686389663505
0.0673891068316763
0.06675369563927758
0.06612063409249633
0.06548992618701023
0.06486157612421263
0.06423558829561304
0.06361196726821935
0.06299071777071069
0.062371844680702476
0.06175535301278854
0.06114124790722015
0.0605295346197716
0.0599202185117993
0.05931330504155519
0.05870879975565228
0.05810670828156225
0.05750703632042966
0.056909789640658494
0.05631497407188604
0.055722595499652375
0.05513265986038264
0.05454517313691688
0.05396014135456863
0.053377570577474456
0.05279746690548338
0.05221983647136455
0.05164468543834056
0.05107201999821175
0.050501846369446685
0.049934170796049275
0.04936899954634114
0.04880633891230295
0.048246195209063085
0.047688574774765104
0.047133483970699996
0.04658092918155631
0.04603091681608723
0.045483453307993534
0.04493854511683499
0.044396198729533785
0.04385642066164771
0.04331921745929261
0.04278459570087144
0.04225256199928974
0.04172312300420134
0.04119628540449279
0.04067205593087159
0.040150441358770605
0.039631448511274134
0.03911508426222093
0.03860135553963315
0.03809026932906817
0.037581832677217535
0.037076052695757755
0.03657293656521599
0.03607249153891975
0.035574724947366514
0.03507964420242756
0.03458725680184175
0.03409757033386522
0.03361059248195868
0.03312633102972864
0.03264479386587781
0.032165988989435484
0.03168992451497218
0.031216608678098695
0.030746049840931836
0.030278256497900013
0.02981323728154619
0.02935100096843767
0.028891556485388842
0.028434912915684306
0.02798107950545338
0.02753006567029711
0.02708188100200374
0.026636535275306114
0.026194038455010178
0.025754400703150306
0.02531763238634904
0.024883744083296896
0.02445274659247628
0.024024650940000166
0.0235994683877247
0.02317721044137917
0.02275788885912525
0.022341515660099134
0.021928103133295813
0.02151766384659052
0.021110210656012394
0.020705756715275823
0.020304315485462403
0.019905900745047517
0.019510526600081506
0.019118207494696962
0.01872895822190397
0.018342793934541142
0.01795973015670119
0.01757978279528276
0.017202968152005036
0.016829302935638574
0.016458804274609145
0.016091489729984986
0.015727377308804563
0.01536648547777442
0.015008833177372082
0.014654439836389647
0.014303325386862558
0.013955510279473846
0.013611015499413305
0.013269862582733761
0.012932073633232677
0.012597671339778014
0.012266678994324029
0.011939120510372953
0.011615020442106471
0.011294404004125638
0.01097729709185064
0.01066372630263071
0.010353718957484612
0.010047303123683142
