201
-3.469446951953614e-16
1.3530843112619095e-15
-2.8171909249863347e-15
3.95516952522712e-16
-2.0886070650760757e-15
6.106226635438361e-15
-7.355227538141662e-16
4.496403249731884e-15
1.908195823574488e-15
-3.802513859341161e-15
2.2690183065776637e-15
-1.1518563880486e-15
-2.914335439641036e-16
-3.073929999430902e-15
-6.918077222195507e-15
2.942091015256665e-15
4.0939474033052647e-16
3.566591466608315e-15
-3.733124920302089e-15
-4.864164626638967e-15
5.134781488891349e-15
-4.0245584642661925e-16
4.6074255521944e-15
-6.168676680573526e-15
-4.350686477749832e-15
-2.7408630920433552e-15
-1.2628786905111156e-15
-2.2898349882893854e-15
3.552713678800501e-15
1.8457457784393227e-15
1.4779844015322396e-15
5.065392549852277e-15
1.9984014443252818e-15
2.9073965457371287e-15
1.2490009027033011e-15
4.85722573273506e-16
3.0184188481996443e-15
-1.5265566588595902e-14
5.134781488891349e-16
-3.9065972678997696e-15
-2.2065682614424986e-15
2.7755575615628914e-16
1.0859368959614812e-14
3.795574965437254e-15
1.1934897514720433e-15
3.608224830031759e-16
1.304512053934559e-15
3.25434124093249e-15
1.5404344466674047e-15
1.0061396160665481e-15
-1.0408340855860843e-16
1.4363510381087963e-15
-4.524158825347513e-15
5.294376048681215e-15
4.2327252813834093e-16
1.9567680809018384e-15
7.077671781985373e-16
-2.3939183968479938e-15
2.5326962749261384e-15
-2.9073965457371287e-15
-4.669875597329565e-15
-7.174816296640074e-15
7.438494264988549e-15
-2.220446049250313e-15
-4.468647674116255e-15
-1.4710455076283324e-15
-6.245004513516506e-17
-7.382983113757291e-15
6.467049118441537e-15
-2.220446049250313e-16
6.654399253847032e-15
1.5751289161869408e-15
5.5164206536062466e-15
-4.6629367034256575e-15
-6.619704784327496e-15
5.4539706084710815e-15
1.8110513089197866e-14
-6.245004513516506e-16
-1.2885525979555723e-14
6.494804694057166e-15
3.1363800445660672e-15
-7.28583859910259e-15
-9.853229343548264e-16
-1.6833756610878936e-14
5.6690763194922056e-15
1.7416623698807143e-15
3.882311139236094e-14
-1.1703832347720322e-13
1.1706122182708611e-12
-1.0398626404395372e-13
-6.101369409705626e-14
2.5153490401663703e-14
-6.4878658001532585e-15
-3.327199626923516e-15
3.784125790495807e-14
-1.669497873280079e-14
-2.8206603719382883e-14
5.658667978636345e-15
-2.2863655413374318e-14
2.1822821327788233e-15
5.776629175002768e-15
1.2836953722228372e-16
6.845218836204481e-15
-3.4416913763379853e-15
-2.8449465006019636e-16
8.857498068337577e-15
-2.914335439641036e-16
3.927413949611491e-15
1.0571404862602662e-14
1.2004286453759505e-15
-1.2666950821582645e-14
-5.117434254131581e-15
8.666678485980128e-15
-5.88418203051333e-15
-1.1726730697603216e-15
3.757411048965764e-15
-1.3530843112619095e-15
9.13852327144582e-15
-5.447031714567174e-16
8.555656183517613e-15
-1.502270530195915e-15
4.586608870482678e-15
3.0357660829594124e-15
2.4945323584546486e-15
-1.8665624601510444e-15
5.377642775528102e-15
3.58046925441613e-15
6.807054919732991e-15
-2.8171909249863347e-15
-3.1086244689504383e-15
8.465450562766819e-16
5.842548667089886e-15
7.029099524658022e-15
-5.440092820663267e-15
-5.065392549852277e-16
-2.581268532253489e-15
1.2503886814840826e-14
5.9119376061289586e-15
-3.899658373995862e-15
2.123301534595612e-15
-2.2273849431542203e-15
-6.3629657098829284e-15
-3.3514857555871913e-15
-2.9837243786801082e-15
8.604228440844963e-16
4.128641872824801e-15
1.3086753902769033e-14
1.0179357357031904e-14
9.575673587391975e-16
-1.3447576385772209e-14
9.832412661836543e-15
2.3037127760972e-15
-8.604228440844963e-16
-6.245004513516506e-17
4.3021142204224816e-16
1.1921019726912618e-14
-4.441585987891017e-14
-1.6514567491299204e-15
-3.0253577421035516e-15
6.737665980693919e-15
-5.9119376061289586e-15
1.5182299861749016e-14
-8.18789480661053e-15
-7.376044219853384e-15
-9.943434964299058e-15
-1.2947976024690888e-14
1.824929096727601e-15
5.717648576819556e-15
-3.1086244689504383e-15
-2.1094237467877974e-15
-2.6020852139652106e-15
5.648259637780484e-15
7.0360384185619296e-15
1.9984014443252818e-15
6.938893903907228e-16
2.3592239273284576e-16
5.537237335317968e-15
-2.7755575615628914e-16
9.617306950815419e-15
8.965050923848139e-15
-1.3877787807814457e-15
-2.1649348980190553e-15
7.16093850883226e-15
-9.894862706971708e-15
4.218847493575595e-15
-6.106226635438361e-16
3.400058012914542e-15
-4.135580766728708e-15
1.9845236565174673e-15
2.8449465006019636e-15
3.802513859341161e-15
-5.967448757360216e-16
1.4127587988355117e-14
-3.885780586188048e-16
9.423017921506016e-15
6.800116025829084e-16
-2.1885271372923398e-14
1.457167719820518e-15
3.4555691641457997e-15
2.6922908347160046e-15
2.8171909249863347e-15
