201
0.14792798938617413
0.14986293306506168
0.15180149493366452
0.15374374707377028
0.15568976331495504
0.15763961900274617
0.15959339078914667
0.16155115644140755
0.16351299466998195
0.16547898497083796
0.1674492074841631
0.16942374286580508
0.17140267217112237
0.17338607675092743
0.17537403815679597
0.17736663805648795
0.17936395815834244
0.18136608014265865
0.18337308560178842
0.1853850559855601
0.18740207255384264
0.18942421633439785
0.19145156808496905
0.19348420826250112
0.19552221699343406
0.19756567405085074
0.1996146588334548
0.20166925034841085
0.20372952719746984
0.20579556756533854
0.20786744921108577
0.209945249461492
0.21202904520710192
0.21411891289884782
0.21621492854844387
0.21831716772846632
0.22042570557557578
0.22254061679347237
0.22466197565829898
0.22678985602491106
0.22892433133355528
0.23106547461823893
0.2332133585154397
0.2353680552737357
0.2375296367643892
0.2396981744916611
0.24187373960516956
0.2440564029110189
0.24624623488505518
0.24844330568544906
0.2506476851657178
0.25285944288862416
0.25507864813998915
0.2573053699426825
0.25953967707132347
0.2617816380665571
0.2640313212501797
0.2662887947395422
0.2685541264630826
0.2708273841755355
0.27310863547291336
0.2753979478080242
0.2776953885061741
0.280001024780287
0.28231492374670475
0.28463715244090343
0.2869677778328079
0.28930686684275847
0.29165448635700786
0.2940107032433474
0.2963755843671809
0.29874919660641924
0.30113160686779084
0.30352288210236666
0.305923089320729
0.3083322956091192
0.31075056814442953
0.3131779742100221
0.31561458121137337
0.31806045669081734
0.3205156683432778
0.32298028403203277
0.32545437180286296
0.32793799990035377
0.330431236782313
0.3329341511348013
0.33544681188792935
0.3379692882294145
0.3405016496206332
0.34304396581076424
0.3455963068512644
0.34815874311115086
0.35073134529070765
0.35331418443620416
0.35590733195415175
0.35851085962518586
0.36112483961855935
0.36374934450542723
0.36638444727332625
0.36903022133903496
0.3716867405625107
0.3743540792600635
0.3770323122176594
0.3797215147035403
0.3824217624814118
0.3851331318224719
0.38785569951866133
0.3905895428936422
0.39333473981591405
0.39609136870949097
0.39885950856569885
0.4016392389543998
0.4044306400345949
0.4072337925648207
0.4100487779134957
0.4128756780687096
0.4157145756470312
0.4185655539035357
0.4214286967392906
0.4243040887102496
0.427191815034078
0.4300919615979337
0.4330046149645026
0.4359298623781149
0.438867791769972
0.44181849176291843
0.44478205167505636
0.447758561523337
0.450748112025673
0.45375079460256273
0.45676670137773606
0.4597959251779624
0.4628385595315183
0.46589469866627475
0.4689644375057335
0.4720478716646196
0.47514509744281375
0.4782562118183017
0.48138131243830423
0.48452049760882887
0.4876738662832737
0.49084151804868786
0.494023553110784
0.497220072276051
0.5004311769334269
0.5036569690322901
0.5068975510593121
0.5101530260125027
0.5134234973723132
0.5167090690709142
0.520009845458188
0.52332593126451
0.526657431560895
0.5300044517155483
0.5333670973468105
0.5367454742720282
0.5401396884536573
0.543549845939812
0.5469760528009973
0.5504184150623089
0.5538770386303526
0.5573520292150339
0.5608434922456867
0.5643515327822272
0.5678762554181522
0.5714177641792118
0.5749761624135539
0.5785515526753309
0.5821440366005539
0.585753714774147
0.5893806865889291
0.5930250500951889
0.5966869018409561
0.6003663367010115
0.6040634476965009
0.6077783258018599
0.6115110597404594
0.6152617357667771
0.6190304374356657
0.6228172453568966
0.6266222369346202
0.6304454860911821
0.6342870629731506
0.6381470336406132
0.6420254597365532
0.6459223981371005
0.6498379005794872
0.6537720132687381
0.657724776460272
0.6616962240172105
0.6656863829417425
0.6696952728780602
0.6737229055863703
0.6777692843842831
0.6818344035571045
0.6859182477314043
0.6900207912124703
0.6941419972825016
0.6982818174574761
0.7024401907003606
0.7066170425878421
