201
0.5291698688522001
0.5325054693485541
0.5358508646878054
0.539205971535955
0.5425707040819481
0.5459449739924112
0.5493286903659829
0.5527217596861769
0.5561240857736527
0.5595355697373148
0.5629561099244089
0.5663856018694511
0.5698239382426106
0.5732710087961626
0.5767267003107907
0.5801908965401597
0.5836634781544807
0.5871443226830411
0.590633304455535
0.5941302945420774
0.5976351606922321
0.6011477672726435
0.6046679752033468
0.608195641893009
0.611730621172874
0.6152727632289772
0.6188219145336478
0.6223779177751174
0.6259406117858773
0.6295098314700454
0.6330854077285234
0.6366671673832056
0.6402549330997974
0.6438485233086279
0.6474477521244055
0.6510524292641627
0.6546623599636295
0.658277344891983
0.6618971800651705
0.6655216567571215
0.6691505614098346
0.6727836755412138
0.6764207756514525
0.6800616331274896
0.6837060141459083
0.6873536795736792
0.6910043848672989
0.694657879969865
0.6983139092062771
0.7019722111767779
0.7056325186478625
0.7092945584420028
0.7129580513247087
0.7166227118897683
0.7202882484427631
0.7239543628815086
0.7276207505756527
0.7312871002429185
0.7349530938239776
0.7386184063547809
0.742282705836433
0.7459456531036482
0.7496069016895219
0.7532660976894963
0.756922879622023
0.7605768782870631
0.7642277166223803
0.7678750095573796
0.7715183638644527
0.7751573780078113
0.7787916419902048
0.7824207371968195
0.7860442362366505
0.7896617027818336
0.7932726914040114
0.7968767474082865
0.8004734066647925
0.8040621954376488
0.807642630211155
0.8112142175138111
0.8147764537398507
0.818328824967434
0.821870806775447
0.8254018640568259
0.8289214508301703
0.8324290100478896
0.8359239734030335
0.8394057611326634
0.8428737818193043
0.846327432189998
0.8497660969127886
0.8531891483907998
0.8565959465546752
0.8599858386520216
0.8633581590348769
0.8667122289455518
0.8700473562997226
0.8733628354681475
0.876657947056092
0.8799319576811757
0.8831841197495198
0.8864136712301276
0.889619835427977
0.8928018207556797
0.8959588205039584
0.8990900126109909
0.9021945594308344
0.9052716075011306
0.9083202873101115
0.9113397130635128
0.9143289824509188
0.9172871764122974
0.9202133589048742
0.9231065766704315
0.9259658590030908
0.9287902175188909
0.931578645925641
0.9343301197953237
0.9370435963380618
0.9397180141783129
0.9423522931340813
0.9449453339989018
0.947496018327495
0.9500032082254893
0.9524657461430709
0.9548824546740711
0.957252136360285
0.959573573501367
0.9618455279719733
0.9640667410452818
0.9662359332248761
0.968351804084562
0.9704130321177793
0.9724182745964017
0.9743661674405153
0.9762553250996473
0.9780843404458888
0.9798517846808148
0.9815562072559156
0.9831961358084593
0.9847700761135808
0.9862765120530549
0.9877139056030223
0.9890806968406001
0.9903753039715966
0.9915961233799584
0.9927415297004651
0.9938098759163139
0.9947994934826008
0.9957086924774989
0.9965357617825201
0.9972789692937905
0.997936562165439
0.9985067670874842
0.998987790599627
0.9993778194430696
0.9996750209520326
0.9998775434873961
0.999983516914069
0.9999910531247782
0.9998982466119273
0.9997031750904948
0.9994039001736554
0.9989984681042072
0.9984849105438012
0.9978612454230059
0.9971254778545131
0.9962756011125472
0.9953095976808293
0.9942254403726095
0.9930210935251473
0.9916945142716808
0.9902436538944521
0.9886664592612892
0.9869608743491274
0.9851248418578177
0.9831563049174357
0.9810532088918155
0.9788135032829279
0.9764351437376761
0.9739160941620212
0.9712543289448696
0.9684478352952752
0.9654946156965896
0.9623926904800868
0.9591401005223485
0.9557349100686519
0.9521752096859477
0.9484591193483458
0.944584791658059
0.9405504152044343
0.9363542180640816
0.931994471443704
0.9274694934690809
0.922777653121192
0.9179173743220224
0.9128871401708278
0.907685497332724
0.9023110605804432
0.8967625174887224
0.8910386332834082
