201
2.123301534595612e-15
2.7755575615628914e-15
3.400058012914542e-15
3.608224830031759e-16
9.520162436160717e-15
1.074140776324839e-14
-1.887379141862766e-15
4.246603069191224e-15
8.340550472496489e-15
6.314393452555578e-15
-4.704570066849101e-15
3.5013658639115874e-14
1.0047518372857667e-14
1.63202784619898e-14
-2.0844437287337314e-14
1.762479051592436e-14
4.1619485635635556e-13
-1.149080830487037e-14
5.5316862201948425e-14
-4.6074255521944e-15
1.8984813721090177e-13
-1.538769112130467e-13
4.3165471197426086e-13
3.26405569239796e-14
-1.4210854715202004e-14
-1.5210055437364645e-13
-2.559064071760986e-13
8.881784197001252e-16
-2.5868196473766147e-14
-1.5210055437364645e-14
-6.8833827526759706e-15
-2.2815083156046967e-14
-1.7985612998927536e-14
1.8596235662471372e-15
-4.9404924595819466e-15
6.106226635438361e-16
1.1712852909795402e-14
-7.299716386910404e-15
-8.604228440844963e-16
-2.3037127760972e-15
-4.718447854656915e-15
3.913536161803677e-15
-6.106226635438361e-16
1.0269562977782698e-15
3.4139358007223564e-15
-7.188694084447889e-15
-4.440892098500626e-16
-5.3013149425851225e-15
-7.216449660063518e-16
-6.494804694057166e-15
-7.494005416219807e-16
-3.83026943495679e-15
-1.6653345369377348e-16
7.022160630754115e-15
3.497202527569243e-15
2.7755575615628914e-15
-5.551115123125783e-17
1.6653345369377348e-16
-1.970645868709653e-15
-1.4710455076283324e-15
-2.942091015256665e-15
4.773959005888173e-15
3.747002708109903e-15
5.10702591327572e-15
-1.8318679906315083e-15
-2.4424906541753444e-15
-2.4424906541753444e-15
1.5543122344752192e-15
-4.440892098500626e-16
1.3322676295501878e-15
1.3322676295501878e-15
-1.5543122344752192e-15
-8.881784197001252e-16
-1.1102230246251565e-16
8.881784197001252e-16
-5.689893001203927e-16
-4.3021142204224816e-15
-1.9567680809018384e-15
6.106226635438361e-16
-1.9845236565174673e-15
2.0816681711721685e-16
-5.800915303666443e-15
1.0547118733938987e-15
3.6914915568786455e-15
3.0531133177191805e-15
-4.468647674116255e-15
-1.4432899320127035e-15
7.494005416219807e-16
-3.552713678800501e-15
2.498001805406602e-16
1.4432899320127035e-15
3.0253577421035516e-15
2.9976021664879227e-15
-4.718447854656915e-16
5.537237335317968e-15
3.83026943495679e-15
4.0245584642661925e-16
-2.581268532253489e-15
-6.231126725708691e-15
8.881784197001252e-16
-3.0531133177191805e-16
-1.8735013540549517e-15
8.049116928532385e-16
-3.164135620181696e-15
7.91033905045424e-16
-3.9968028886505635e-15
-2.0261570199409107e-15
3.2335245592207684e-15
9.020562075079397e-15
1.915134717478395e-15
-5.967448757360216e-16
1.1657341758564144e-15
2.248201624865942e-15
-4.954370247389761e-15
3.219646771412954e-15
-6.647460359943125e-15
-3.1225022567582528e-15
2.581268532253489e-15
-4.718447854656915e-16
1.7763568394002505e-15
3.885780586188048e-16
-2.220446049250313e-16
2.609024107869118e-15
3.3584246494910985e-15
1.1379786002407855e-15
2.7478019859472624e-15
-3.885780586188048e-16
-2.373101715136272e-15
4.8155923693116165e-15
8.465450562766819e-16
-4.801714581503802e-15
-1.1379786002407855e-15
5.051514762044462e-15
-7.771561172376096e-16
-2.123301534595612e-15
-4.413136522884997e-15
-2.7755575615628914e-15
-2.220446049250313e-16
8.604228440844963e-16
-1.7208456881689926e-15
-1.5404344466674047e-15
-2.636779683484747e-16
-3.344546861683284e-15
3.316791286067655e-15
-6.300515664747763e-15
-4.579669976578771e-16
-3.5388358909926865e-15
3.4416913763379853e-15
3.0808688933348094e-15
2.6229018956769323e-15
1.5404344466674047e-15
-1.4432899320127035e-15
-2.248201624865942e-15
4.371503159461554e-15
3.58046925441613e-15
1.5126788710517758e-15
9.575673587391975e-16
-6.3976601794024646e-15
1.762479051592436e-15
-3.969047313034935e-15
1.9984014443252818e-15
-2.7200464103316335e-15
-3.9968028886505635e-15
-3.191891195797325e-15
-3.0808688933348094e-15
-1.9567680809018384e-15
4.496403249731884e-15
1.817990202823694e-15
5.551115123125783e-16
1.4710455076283324e-15
2.2065682614424986e-15
2.5951463200613034e-15
-4.85722573273506e-16
-1.942890293094024e-16
2.2343238370581275e-15
-3.094746681142624e-15
1.9290125052862095e-15
-4.315992008230296e-15
-1.27675647831893e-15
-1.0824674490095276e-15
-1.1379786002407855e-15
-4.7878367936959876e-15
-8.604228440844963e-16
-3.83026943495679e-15
-8.18789480661053e-15
7.591149930874508e-15
5.551115123125783e-17
1.27675647831893e-15
-8.187894806610529e-16
-5.009881398621019e-15
-5.2735593669694936e-15
-5.9119376061289586e-15
7.632783294297951e-16
2.9004576518332215e-15
6.175615574477433e-15
1.915134717478395e-15
-4.926614671774132e-15
5.162537064506978e-15
-3.0531133177191805e-16
-2.7478019859472624e-15
-5.35682609381638e-15
