201
0.5717631518808782
0.5715518781456236
0.5713355087384115
0.5711144725360577
0.5708891513475756
0.5706598867692594
0.5704269858117751
0.5701907255572828
0.5699513570433847
0.5697091085247981
0.5694641882303544
0.5692167867074437
0.5689670788267088
0.5687152255054067
0.5684613751957467
0.5682056651768088
0.5679482226798558
0.5676891658734785
0.5674286047286126
0.5671666417809522
0.5669033728055752
0.5666388874152605
0.5663732695931771
0.5661065981683411
0.5658389472411777
0.5655703865653445
0.5653009818914605
0.5650307952767929
0.5647598853655776
0.5644883076424209
0.5642161146628386
0.5639433562626215
0.5636700797487618
0.5633963300737306
0.5631221499948994
0.562847580220537
0.5625726595438678
0.5622974249662629
0.562021911810575
0.5617461538257371
0.5614701832831621
0.5611940310660954
0.5609177267520112
0.5606412986893562
0.5603647740683713
0.5600881789872467
0.5598115385133664
0.5595348767405998
0.5592582168425084
0.5589815811221164
0.5587049910582886
0.5584284673493294
0.5581520299535144
0.5578756981272679
0.5575994904608632
0.5573234249119356
0.5570475188370538
0.5567717890213582
0.5564962517063224
0.5562209226161057
0.5559458169823144
0.5556709495673279
0.555396334686171
0.555121986227686
0.5548479176738239
0.5545741421185623
0.5543006722852708
0.5540275205437492
0.5537546989255553
0.5534822191395415
0.5532100925856932
0.5529383303689859
0.5526669433119604
0.5523959419671214
0.552125336628474
0.5518551373427636
0.5515853539198362
0.5513159959427609
0.5510470727774287
0.5507785935817805
0.5505105673143926
0.5502430027428264
0.5499759084518459
0.5497092928506847
0.5494431641806552
0.549177530521843
0.5489123998002357
0.5486477797931909
0.5483836781343131
0.5481201023313755
0.5478570597460525
0.5475945576258351
0.5473326030956842
0.5470712031659942
0.5468103647373955
0.5465500946050305
0.5462903994633016
0.5460312859102907
0.5457727604515911
0.5455148295043594
0.5452574994012068
0.5450007763938685
0.5447446666568305
0.5444891762906721
0.5442343113254172
0.5439800777238732
0.5437264813844858
0.5434735281446008
0.5432212237832674
0.5429695740239727
0.5427185845374667
0.5424682609444063
0.5422186088178377
0.5419696336857145
0.5417213410333703
0.5414737363057487
0.5412268249096931
0.540980612216228
0.5407351035626056
0.5404903042544635
0.5402462195678007
0.5400028547509531
0.5397602150265728
0.5395183055934147
0.5392771316282333
0.5390366982875122
0.5387970107092328
0.5385580740145605
0.5383198933094926
0.5380824736864717
0.5378458202259985
0.5376099379981215
0.5373748320640385
0.5371405074774724
0.5369069692862132
0.5366742225335135
0.5364422722594441
0.536211123502326
0.5359807813000448
0.535751250691359
0.5355225367172382
0.535294644422076
0.53506757885503
0.5348413450711711
0.5346159481327523
0.5343913931104278
0.5341676850843389
0.5339448291454008
0.5337228303963596
0.5335016939529735
0.5332814249451319
0.5330620285179437
0.5328435098328604
0.532625874068732
0.5324091264229132
0.5321932721122891
0.5319783163743614
0.5317642644682792
0.531551121675879
0.5313388933027127
0.5311275846790565
0.530917201160957
0.5307077481311866
0.5304992310003017
0.5302916552076108
0.5300850262221799
0.5298793495437909
0.529674630703979
0.5294708752669302
0.5292680888306011
0.5290662770275083
0.5288654455258679
0.5286656000304865
0.528466746283735
0.5282688900665409
0.5280720371993699
0.5278761935431447
0.5276813650002634
0.5274875575155661
0.5272947770772881
0.52710302971807
0.5269123215158859
0.5267226585950713
0.526534047127275
0.5263464933324571
0.5261600034798776
0.5259745838890822
0.525790240930918
0.5256069810285156
0.5254248106583055
0.5252437363510223
0.5250637646927295
0.5248849023258506
0.5247071559501808
0.5245305323239434
0.5243550382648161
0.5241806806509797
0.5240074664221895
0.5238354025808457
0.5236644961930625
0.5234947543897296
