201
0.3355044681829028
0.34234783509931876
0.3492708096575221
0.3562723581517571
0.36335136309946564
0.3705066218614581
0.3777368453608927
0.38504065690417855
0.3924165911142743
0.3998630929817287
0.4073785170428335
0.4149611266899886
0.4226090936237929
0.4303204974508668
0.4380933254386636
0.4459254724294588
0.4538147409224633
0.461758841330395
0.4697553924141399
0.4778019219034006
0.4858958673066455
0.4940345769155699
0.5022153110068277
0.5104352432476325
0.5186914623037155
0.5269809736543392
0.5353007016174454
0.5436474915813212
0.5520181124468684
0.5604092592793535
0.568817556164003
0.5772395592706738
0.5856717601173518
0.5941105890324057
0.6025524188099938
0.6109935685531807
0.6194303076981122
0.6278588602106154
0.6362754089506425
0.6446761001915778
0.6530570482868503
0.6614143404728996
0.6697440417971466
0.6780422001592984
0.6863048514519671
0.6945280247898036
0.7027077478108585
0.710840052037667
0.7189209782817627
0.7269465820784764
0.7349129391337552
0.742816150770804
0.7506523493573429
0.7584177036991799
0.766108424385926
0.7737207690679364
0.7812510476546859
0.7886956274141159
0.7960509379611087
0.803313476118624
0.8104798106359375
0.8175465867543873
0.8245105305998807
0.8313684533983549
0.838117255493577
0.8447539301621023
0.8512755672110037
0.8576793563510734
0.8639625903342085
0.8701226678486839
0.8761570961639471
0.8820634935189825
0.8878395912481076
0.893483235640155
0.8989923895267412
0.9043651335962707
0.9095996674314225
0.9146943102690068
0.9196475014793096
0.9244578007665168
0.929123888088224
0.9336445632940804
0.9380187454852773
0.9422454720925193
0.9463238976743733
0.9502532924330064
0.9540330404478073
0.9576626376220175
0.9611416893381741
0.9644699078163723
0.9676471091640431
0.9706732101040917
0.9735482243634834
0.9762722586964869
0.9788455085105001
0.9812682530520298
0.9835408500969415
0.9856637300734314
0.9876373895235161
0.9894623837832799
0.9911393187236759
0.9926688413468578
0.9940516289698174
0.9952883766405218
0.9963797823172341
0.9973265291821236
0.9981292642405449
0.9987885720492022
0.9993049419767204
0.9996787267670654
0.9999100892479587
0.99999893264271
0.9999448078425925
0.9997467877413675
0.9994032935749633
0.9989118498306968
0.9982687303070137
0.9974684338339299
0.9965028852872873
0.995360178107628
0.9940225207539449
0.9924627362432088
0.9906379873257484
0.9884778371584497
0.9858598623907359
0.98255554040774
0.9780993438332561
0.9714654453724543
0.9608925614202639
0.9610982019508632
0.9981389487030811
0.9975743796122583
0.9919801969953
0.9872386718145802
0.9832189696805917
0.9796220539988234
0.9762642445415427
0.9730386338486754
0.9698811740615662
0.9667520059958005
0.9636254701906274
0.9604845989156494
0.9573179527485971
0.9541177292735381
0.950878589993497
0.9475969083969438
0.9442702736877202
0.9408971546371157
0.9374766665663121
0.9340084064443986
0.9304923340036968
0.9269286845850335
0.9233179042732514
0.9196606009549251
0.915957506929691
0.9122094500236888
0.908417331041601
0.9045821060030574
0.900704772030769
0.8967863560544748
0.8928279057086871
0.8888304819547921
0.8847951530701228
0.8807229897300191
0.876615060970453
0.8724724308639784
0.8682961557800963
0.8640872821244889
0.8598468444751796
0.8555758640490208
0.8512753474434688
0.8469462856111595
0.8425896530295756
0.8382064070378437
0.8337974873139168
0.8293638154738531
0.8249062947740635
0.8204258099030806
0.8159232268509002
0.8113993928437704
0.8068551363378103
0.8022912670620038
0.7977085761051932
0.793107836040519
0.7884898010827737
0.7838552072751719
0.7792047726997953
0.7745391977107723
0.7698591651854902
0.7651653407924126
0.760458373272464
0.7557388947333069
0.751007520952477
0.7462648516905526
0.7415114710102955
0.7367479476035244
0.7319748351208055
0.7271926725069672
0.7224019843386935
0.7176032811642562
0.7127970598461124
