201
5.551115123125783e-15
-2.0539125955565396e-15
-1.4932499681208355e-14
2.298161660974074e-14
-5.329070518200751e-15
5.717648576819556e-15
-1.837419105754634e-14
-1.354472090042691e-14
-1.1102230246251565e-16
2.120525977034049e-14
-1.3711254354120683e-14
-1.021405182655144e-14
-1.7208456881689926e-15
8.881784197001252e-15
-4.574118861455645e-14
-4.973799150320701e-14
1.1102230246251565e-14
-1.021405182655144e-14
-9.992007221626409e-15
-1.27675647831893e-14
4.984901380566953e-14
4.9960036108132044e-15
5.562217353372034e-14
3.4416913763379853e-15
1.454392162258955e-14
2.786659791809143e-14
9.658940314238862e-15
3.907985046680551e-14
-2.1094237467877974e-14
-1.787459069646502e-14
-1.3988810110276972e-14
3.4416913763379853e-15
-1.8318679906315083e-15
3.4916514124461173e-14
4.6129766673175254e-14
1.3128387266192476e-14
4.6601611458640946e-14
-5.95218319077162e-14
4.260480856999038e-15
5.2735593669694936e-15
-2.982336599899327e-14
-9.409140133698202e-15
-1.7610912728116546e-14
-7.820133429703446e-15
6.91183221768199e-14
9.171829962184574e-14
-1.7603973834212638e-14
-1.654926196081874e-14
7.777112287499222e-14
-8.049116928532385e-16
-7.355227538141662e-15
-3.0878077872387166e-15
-2.6836172173361206e-14
6.052797152378275e-14
5.4990734188464785e-15
2.6856988855072927e-14
-3.9392100692481335e-14
-1.4085954624931674e-15
-2.0247692411601292e-14
-1.3596762604706214e-14
3.672756543338096e-14
-1.384309333829492e-14
4.672304210195932e-14
-4.3423598050651435e-14
-2.3175905639050143e-14
5.797445856714489e-15
6.658215645494181e-14
-6.895178872312613e-14
1.0191847366058937e-13
-5.852610063250552e-14
4.5085463140637216e-14
9.637082798441554e-14
-1.2365108936762681e-14
1.34482702751626e-13
2.2006702016241775e-14
9.437242654009026e-14
1.7058923718060726e-13
-3.7712888367735786e-14
-1.14436238263238e-13
-2.5424801153306475e-13
2.7281996106687245e-13
-1.5230872119076366e-14
2.7755575615628914e-13
1.2581602426564586e-13
-1.0289269436469795e-12
-3.17357251589101e-13
2.922474762190319e-12
1.2890660761044614e-12
-9.954051471972036e-13
-2.881583860414594e-12
1.26494648089448e-12
2.413486077657012e-13
-8.835987497235465e-14
6.273523367461564e-13
-8.885947533343597e-14
2.728234305138244e-13
4.19525525430231e-14
3.680389326632394e-14
1.0394463068053028e-14
-4.643507800494717e-14
-4.914124662747099e-14
-3.826383654370602e-13
-1.7483237080284653e-13
1.0126621763362209e-13
-1.494637746901617e-13
2.126354647913331e-13
-3.166911177743259e-14
-9.43689570931383e-14
2.8765878568037806e-13
-1.4976908602193362e-13
8.743006318923108e-15
-4.0745185003743245e-14
5.945244296867713e-14
2.042810365310288e-13
7.349676423018536e-14
2.7422508708241367e-14
1.4366285938649526e-13
-5.3290705182007514e-14
5.773159728050814e-14
-6.872280522429719e-14
-1.0025313912365164e-13
1.0369483049998962e-13
8.026912468039882e-14
-3.3306690738754696e-15
1.3589129821411916e-13
-1.2645440250480533e-13
7.227551890309769e-14
-4.3076653355456074e-14
-5.007105841059456e-14
2.6645352591003757e-14
6.217248937900877e-15
-1.021405182655144e-14
4.2743586448068527e-14
-5.88418203051333e-14
2.886579864025407e-15
-1.3322676295501878e-14
3.8413716652030416e-14
-3.197442310920451e-14
-3.530509218307998e-14
-2.8976820942716586e-14
-1.2212453270876722e-15
2.2426505097428162e-14
-1.021405182655144e-14
7.66053886991358e-15
6.217248937900877e-15
-6.772360450213455e-15
8.770761894538737e-15
3.4416913763379853e-15
4.551914400963142e-15
1.1324274851176597e-14
9.2148511043888e-15
1.5654144647214707e-14
1.9872992140790302e-14
2.531308496145357e-14
-1.3433698597964394e-14
3.4416913763379853e-15
1.7319479184152442e-14
-3.2529534621517087e-14
2.631228568361621e-14
1.3322676295501878e-14
9.658940314238862e-15
-3.519406988061746e-14
-1.021405182655144e-14
-8.43769498715119e-15
-1.3433698597964394e-14
5.540012892879531e-14
-9.992007221626409e-16
3.6193270602780103e-14
2.3092638912203256e-14
1.2101430968414206e-14
-1.9984014443252818e-15
-1.7541523789077473e-14
1.3322676295501878e-14
-2.631228568361621e-14
1.709743457922741e-14
7.105427357601002e-15
3.097522238704187e-14
-2.55351295663786e-15
-5.184741524999481e-14
3.941291737419306e-14
-2.4424906541753444e-14
3.597122599785507e-14
-2.5646151868841116e-14
-9.769962616701378e-15
8.881784197001252e-15
6.217248937900877e-15
1.1102230246251565e-16
2.1094237467877974e-15
2.6201263381153694e-14
1.3322676295501878e-15
-1.6431300764452317e-14
6.994405055138486e-15
-7.882583474838611e-15
-2.5424107263916085e-14
-1.1657341758564144e-14
1.0547118733938987e-14
-8.881784197001252e-15
1.2323475573339238e-14
7.771561172376096e-15
3.552713678800501e-15
-9.880984919163893e-15
