201
0.8955318934795475
0.9064639763237452
0.9172082305002468
0.9276647335754731
0.9377369188739385
0.9473317050449843
0.9563598083237821
0.9647361980531856
0.9723806588820237
0.9792184247444602
0.9851808508626803
0.9902060910690016
0.9942397490913532
0.997235474343281
0.9991554753841477
0.9999709276343547
0.9996622561284136
0.9982192789653059
0.9956412024924803
0.9919364649109106
0.9871224306503774
0.9812249432606817
0.9742777494431956
0.966321810970222
0.9574045244506713
0.9475788710749913
0.9369025195805092
0.9254369057410722
0.9132463107955255
0.9003969595101167
0.8869561562126418
0.8729914742990488
0.8585700116088846
0.8437577208654052
0.8286188212323524
0.8132152940985049
0.7976064635479466
0.781848659684301
0.7659949610972091
0.750095011264103
0.7341949026304225
0.7183371213767885
0.7025605455290118
0.6869004889608976
0.6713887839889384
0.656053895584238
0.640921060677609
0.6260124466004056
0.6113473233032439
0.5969422446299602
0.5828112345647803
0.5689659749731383
0.5554159919403222
0.5421688383482454
0.529230270815619
0.5166044195490114
0.5042939500477421
0.4923002159122972
0.48062340230099143
0.4692626597985688
0.45821622865788886
0.447481553526
0.4370553888867353
0.42693389555030536
0.4171127285738574
0.40758711706761847
0.3983519363485101
0.3894017729369288
0.3807309828892698
0.37233374395914304
0.3642041020664878
0.35633601254265573
0.34872337659648905
0.3413600734212574
0.3342399883476176
0.3273570374121332
0.32070518869435416
0.31427848074186315
0.3080710383875819
0.30207708623040175
0.2962909600354629
0.29070711628357604
0.2853201400806321
0.2801247516200047
0.2751158113744271
0.27028832416838217
0.2656374422835726
0.26115846771788853
0.2568468537227242
0.2526982057154153
0.24870828166902567
0.24487299205861868
0.2411883994457152
0.23765071776600843
0.2342563113853009
0.23100169397951123
0.22788352728689207
0.22489861978307088
0.22204392531757036
0.2193165417506115
0.21671370962662648
0.2142328109176303
0.21187136786492425
0.20962704195095536
0.20749763302698082
0.2054810786261847
0.20357545348457787
0.20177896930209932
0.2000899747649353
0.19850695586120562
0.19702853651657515
0.19565347958035387
0.19438068819572832
0.19320920758798438
0.1921382273085318
0.1911670839782773
0.19029526457295107
0.18952241030551586
0.18884832115832667
0.18827296113112885
0.18779646427341112
0.18741914158534195
0.18714148887171142
0.18696419565607286
0.18688815526707925
0.18691447623156376
0.18704449512044688
0.1872797910213849
0.18762220183065492
0.18807384258932333
0.18863712611858846
0.18931478625111006
0.19010990399519115
0.1910259370273951
0.1920667529658138
0.19323666695066105
0.1945404841486147
0.19598354789063271
0.19757179428204888
0.19931181426332056
0.2012109242682171
0.203277246838173
0.20551980278861026
0.207948616823215
0.21057483884965858
0.21341088367284095
0.216470592276054
0.21976941852601645
0.2233246459197281
0.22715563993870191
0.23128414273959377
0.23573461834211693
0.24053465823893555
0.24571545952257062
0.2513123903136548
0.25736566058217963
0.2639211205449851
0.2710312138360944
0.27875611879173323
0.2871651186151613
0.29633825004601994
0.30636829044658315
0.3173631546412817
0.3294487845140342
0.3427726241726772
0.35750777699169495
0.3738579292779962
0.39206308166069664
0.4124060214342238
0.43521923671224516
0.4608915046966989
0.4898724766896312
0.5226718616748021
0.5598466279094556
0.6019639105746133
0.6495173922042992
0.7027589059631038
0.7613846144192153
0.8239942844527491
0.8872563837305767
0.9448506513155844
0.9866764474885461
0.9995451538964325
0.9709401478235153
0.895691103854874
0.7812463426174836
0.6458159292538661
0.5098905272434164
0.3882957907135367
0.28776907963000325
0.20888385903746412
0.14902779532787963
0.10458973635305563
0.07209556693053196
0.048633340352862466
0.031919701653210855
0.0202243964668777
0.012258439750613536
0.007068570839769315
0.003950962176101473
0.0023850769191535396
