201
-3.3029134982598407e-15
-8.389122729823839e-15
-7.91033905045424e-15
4.2049697057677804e-15
-3.885780586188048e-15
-4.3021142204224816e-15
-6.0298988024953815e-15
7.958911307781591e-15
-9.367506770274758e-16
1.479372180313021e-14
1.3461454173580023e-15
-4.912736883966318e-15
4.919675777870225e-15
-1.2850831510036187e-14
-3.2335245592207684e-15
-1.2559397966072083e-15
-5.780098621954721e-15
-5.009881398621019e-15
-7.216449660063518e-16
-6.3352101342672995e-15
3.941291737419306e-15
5.967448757360216e-16
1.887379141862766e-15
-7.542577673547157e-15
-5.051514762044462e-15
-9.742207041085749e-15
-4.225786387479502e-15
-3.282096816548119e-15
2.3175905639050143e-15
-6.938893903907228e-18
-3.552713678800501e-15
-3.3029134982598407e-15
-8.61116733474887e-15
8.000544671205034e-15
-4.621303340002214e-15
8.604228440844963e-16
1.2420620087993939e-14
-9.103828801926284e-15
1.4224732503009818e-15
-2.4494295480792516e-15
-9.71445146547012e-16
-4.1772141301521515e-15
-8.396061623727746e-15
-1.2573275753879898e-14
7.41073868937292e-15
-1.4502288259166107e-15
6.765421556309548e-15
-5.9396931817445875e-15
5.10702591327572e-15
9.228728892196614e-16
2.42861286636753e-16
-8.673617379884035e-15
-3.3306690738754696e-15
2.4771851236948805e-15
1.0179357357031904e-14
-6.7307270867900115e-15
-8.451572774959004e-15
-6.813993813636898e-15
-2.5673907444456745e-15
9.506284648352903e-16
7.643191635153812e-15
6.276229536084088e-15
-2.3939183968479938e-15
4.503342143635791e-15
7.28583859910259e-16
3.4486302702418925e-15
2.6853519408120974e-15
-3.372302437298913e-14
-1.087671619437458e-14
-7.868705687030797e-15
-1.0966921815125374e-14
-1.2313067232483377e-14
1.1352030426792226e-14
3.0600522116230877e-15
6.158268339717665e-15
-1.0640793801641735e-14
3.526692826660849e-14
-1.499494972634352e-14
-1.0446504772332332e-14
3.4486302702418925e-15
-1.3496148643099559e-14
-1.836378271669048e-14
4.052314039881821e-15
8.729128531115293e-15
7.015221736850208e-15
4.8155923693116165e-15
2.4424906541753444e-15
-2.1468937738688965e-14
1.3072876114961218e-14
1.7236212457305555e-14
-5.23192600354605e-15
-2.871314297436811e-14
-2.1288526497187377e-14
-9.769962616701378e-15
-8.631984016460592e-15
3.241851231905457e-14
6.9111383282915995e-15
-8.326672684688674e-15
-1.4654943925052066e-14
2.808864252301646e-14
-2.6756374893466273e-14
-1.3156142841808105e-14
1.892930256985892e-14
-1.2878587085651816e-14
-1.1546319456101628e-14
-2.55351295663786e-14
2.6201263381153694e-14
-2.886579864025407e-15
2.842170943040401e-14
-1.2989609388114332e-14
-2.886579864025407e-14
-1.84297022087776e-14
7.216449660063518e-15
3.1530333899354446e-14
4.6629367034256575e-15
-9.992007221626409e-16
-4.440892098500626e-15
8.43769498715119e-15
-1.199040866595169e-14
-2.220446049250313e-15
3.885780586188048e-15
-5.329070518200751e-15
-2.298161660974074e-14
9.880984919163893e-15
1.5543122344752192e-15
2.886579864025407e-15
2.1538326677728037e-14
-1.4654943925052066e-14
-6.439293542825908e-15
-1.6653345369377348e-14
4.218847493575595e-15
-3.774758283725532e-15
8.104628079763643e-15
7.993605777301127e-15
9.547918011776346e-15
1.5543122344752192e-15
-1.099120794378905e-14
-1.2878587085651816e-14
1.587618925213974e-14
-1.3877787807814457e-14
2.3203661214665772e-14
-4.440892098500626e-15
1.3322676295501878e-15
1.0103029524088925e-14
3.1086244689504383e-15
8.770761894538737e-15
1.5987211554602254e-14
5.88418203051333e-15
0.0
6.106226635438361e-15
-1.0547118733938987e-14
4.3298697960381105e-15
-5.662137425588298e-15
2.0095036745715333e-14
6.994405055138486e-15
-4.440892098500626e-16
-6.8833827526759706e-15
-1.1657341758564144e-14
-8.548717289613705e-15
-6.994405055138486e-15
-5.995204332975845e-15
1.0325074129013956e-14
-3.9968028886505635e-15
7.438494264988549e-15
-1.5543122344752192e-15
2.220446049250313e-14
-6.772360450213455e-15
4.773959005888173e-15
8.881784197001252e-16
-2.7755575615628914e-15
-1.021405182655144e-14
1.4432899320127035e-15
1.021405182655144e-14
-2.220446049250313e-16
-2.6756374893466273e-14
-3.3306690738754696e-15
1.3988810110276972e-14
-8.659739592076221e-15
-1.1102230246251565e-16
1.1546319456101628e-14
6.439293542825908e-15
3.2307490016592055e-14
6.994405055138486e-15
-6.661338147750939e-15
1.8540724511240114e-14
-4.218847493575595e-15
-1.5543122344752192e-15
-1.6653345369377348e-15
-8.215650382226158e-15
-1.8096635301390052e-14
-1.2545520178264269e-14
-2.9976021664879227e-15
-1.2989609388114332e-14
2.1094237467877974e-14
3.3306690738754696e-16
-1.1102230246251565e-16
-2.8754776337791554e-14
9.769962616701378e-15
-2.142730437526552e-14
2.7755575615628914e-15
-2.2537527399890678e-14
