201
0.7672627110212804
0.7678282125052724
0.7684730893544889
0.7691970412125874
0.7700000057885428
0.7708821343162731
0.7718437717146067
0.7728854404644737
0.7740078274500486
0.7752117731787277
0.7764982629202823
0.7778684193967054
0.7793234967246878
0.7808648753636269
0.7824940578610462
0.7842126652149771
0.7860224336940871
0.7879252119684867
0.7899229584131426
0.7920177384496292
0.7942117217887431
0.7965071794342602
0.7989064802962627
0.8014120872512667
0.8040265524676515
0.8067525117933003
0.8095926779744993
0.8125498324425984
0.8156268153648251
0.8188265136089099
0.8221518462139268
0.82560574689644
0.8291911430399788
0.8329109305285692
0.8367679436749632
0.8407649193720386
0.844904454447734
0.8491889550362883
0.8536205765770726
0.858201152826303
0.8629321119948836
0.8678143778228092
0.8728482530405495
0.8780332822635748
0.8833680909017709
0.8888501961384164
0.8944757854474841
0.9002394574614407
0.9061339192898757
0.9121496336262738
0.9182744081841796
0.9244929192145931
0.930786160120392
0.9371308055797708
0.9434984812424159
0.9498549291231154
0.9561590595273691
0.9623618820121276
0.9684053109245236
0.9742208460308424
0.9797281363206971
0.9848334461107067
0.9894280580661965
0.9933866688151183
0.9965658605480494
0.9988027672923995
0.9999140978069485
0.9996957276310503
0.9979231283710557
0.9943529578079101
0.9887261811851933
0.9807731188202083
0.9702207997259565
0.956802922813439
0.9402725626957917
0.9204174867985035
0.8970775683428407
0.8701633044414492
0.8396739338277596
0.8057131887515584
0.768500437017136
0.7283750078158858
0.685791949676366
0.641308359276388
0.5955606466651135
0.549234447407404
0.5030300638346634
0.4576270358465602
0.4136515299107466
0.3716496807843389
0.33206897773813626
0.295248518362843
0.2614177409678275
0.2307023116019
0.20313529596145613
0.17867159114170103
0.15720374838148798
0.1385776696310732
0.12260709321265018
0.10908620761181563
0.09780009193296021
0.08853295249676287
0.08107430608714164
0.07522336375179811
0.07079191279320025
0.06760599706015631
0.06550667272750672
0.06435008063699076
0.06400703550834419
0.06436229232896175
0.06531361404354094
0.06677073367116954
0.0686542784968717
0.07089470371362783
0.07343126720945485
0.07621106537469391
0.07918814111618892
0.08232266904805455
0.08558021851644435
0.08893109223736315
0.09234973650938466
0.09581421791449879
0.09930576091223976
0.10280834059931192
0.10630832502220741
0.10979416170126068
0.11325610339060868
0.11668596850685338
0.1200769320867855
0.1234233435523791
0.12672056796416373
0.1299648478172214
0.13315318277891658
0.13628322507932628
0.13935318854557185
0.1423617695224687
0.14530807814213778
0.14819157860238757
0.15101203728535956
0.15376947769857632
0.1564641413522893
0.15909645380374246
0.16166699519657643
0.16417647471394056
0.16662570843783442
0.1690156001740056
0.17134712485936385
0.17362131421786178
0.1758392443754137
0.17800202518072325
0.18011079101238459
0.18216669288041523
0.1841708916558294
0.1861245522823905
0.18802883884384028
0.18988491037608551
0.1916939173277456
0.19345699858481966
0.19517527898593645
0.19684986726411172
0.19848185435845775
0.20007231204770815
0.20162229186153555
0.20313282423331738
0.20460491786076515
0.2060395592467506
0.20743771239414124
0.20880031863386975
0.21012829656646356
0.21142254210073833
0.21268392857483842
0.21391330694692012
0.21511150604447876
0.21627933286266954
0.21741757290308678
0.21852699054537375
0.2196083294461837
0.22066231295873806
0.2216896445689958
0.22269100834420988
0.22366706938977982
0.2246184743118586
0.22554585168273922
0.22644981250664256
0.22733095068442555
0.22818984347492946
0.2290270519520524
0.2298431214562072
0.23063858203893786
0.23141394890046485
0.23216972281879167
0.23290639057048923
0.23362442534221645
0.23432428713303066
0.23500642314702963
0.2356712681762616
0.2363192449738788
0.2369507646172242
0.23756622686108644
0.23816602048126725
0.23875052360821608
