201
0.9613482571739068
0.9619620848175316
0.9625695315119603
0.9631706815546087
0.9637656135155623
0.9643544004550946
0.9649371101287009
0.9655138051801265
0.9660845433233671
0.9666493775141829
0.9672083561118302
0.9677615230316536
0.9683089178889688
0.9688505761349342
0.9693865291847455
0.9699168045387031
0.9704414258964343
0.9709604132649109
0.971473783060267
0.9719815482042437
0.972483718215003
0.9729802992931317
0.9734712944027915
0.973956703348383
0.9744365228470383
0.974910746596954
0.9753793653421019
0.9758423669332144
0.976299736385331
0.9767514559323812
0.9771975050782804
0.977637860645481
0.9780724968206913
0.9785013851978064
0.9789244948185825
0.9793417922108122
0.9797532414243574
0.9801588040649367
0.9805584393260068
0.9809521040186764
0.9813397525997501
0.9817213371980871
0.9820968076392917
0.9824661114688257
0.9828291939735783
0.9831859982020776
0.9835364649833117
0.9838805329442074
0.9842181385259964
0.9845492159992613
0.9848736974779606
0.9851915129323782
0.9855025902010447
0.9858068550016641
0.9861042309412068
0.9863946395250682
0.9866780001653983
0.9869542301886934
0.9872232448425773
0.987484957301938
0.9877392786743967
0.9879861180050294
0.9882253822806412
0.988456976433397
0.9886808033439227
0.9888967638438714
0.989104756718129
0.9893046787064672
0.9894964245048292
0.989679886766212
0.9898549561012339
0.9900215210783383
0.9901794682237139
0.9903286820208786
0.9904690449101297
0.9906004372876691
0.990722737504554
0.9908358218655098
0.9909395646275441
0.9910338379984366
0.9911185121351546
0.9911934551422177
0.9912585330698992
0.9913136099125083
0.991358547606583
0.9913932060291898
0.991417442996161
0.9914311142604472
0.9914340735105803
0.9914261723691684
0.9914072603915981
0.9913771850649044
0.9913357918066954
0.9912829239644416
0.9912184228149421
0.9911421275639473
0.9910538753461914
0.9909535012257088
0.990840838196392
0.9907157171830059
0.9905779670424754
0.9904274145657395
0.9902638844798446
0.9900871994506858
0.9898971800860191
0.9896936449392439
0.9894764105135009
0.9892452912664694
0.989000099615705
0.9887406459446438
0.9884667386092162
0.9881781839451875
0.9878747862761857
0.9875563479224841
0.9872226692106203
0.9868735484836019
0.9865087821123454
0.9861281645075237
0.9857314881326962
0.9853185435181636
0.9848891192759057
0.9844430021153879
0.9839799768605624
0.9834998264678041
0.9830023320450726
0.9824872728721429
0.9819544264219685
0.9814035683834221
0.9808344726850983
0.9802469115205434
0.9796406553746833
0.9790154730517383
0.9783711317045016
0.9777073968649534
0.9770240324765164
0.9763208009276283
0.9755974630871229
0.9748537783409134
0.9740895046306105
0.9733043984934495
0.9724982151042834
0.9716707083190724
0.9708216307203549
0.969950733664349
0.9690577673301572
0.9681424807705359
0.9672046219649266
0.9662439378745289
0.9652601744988654
0.9642530769350877
0.9632223894390076
0.9621678554881589
0.961089217847512
0.9599862186368434
0.958858599400649
0.9577061011805484
0.9565284645894949
0.9553254298887306
0.9540967370671402
0.9528421259227282
0.9515613361469115
0.950254107411044
0.9489201794556907
0.9475592921820002
0.9461711857464671
0.9447556006572354
0.9433122778741173
0.9418409589104295
0.9403413859377969
0.9388133018939326
0.9372564505925896
0.9356705768366615
0.9340554265337961
0.9324107468150564
0.9307362861558344
0.9290317945000176
0.9272970233868802
0.9255317260802568
0.9237356577013861
0.9219085753635385
0.9200502383101445
0.9181604080554708
0.9162388485278559
0.9142853262159913
0.9122996103175899
0.9102814728911031
0.9082306890098983
0.9061470369190119
0.9040302981945981
0.9018802579060055
0.8996967047803306
0.8974794313694887
0.8952282342194368
0.8929429140422435
0.8906232758900359
0.888269129331559
0.885880288630727
0.8834565729269621
0.8809978064184876
0.8785038185462921
0.8759744441812989
