201
0.8556048671042915
0.8569422892766798
0.8582121269147195
0.8594189397649641
0.8605669298513785
0.8616599740565185
0.8627016533652887
0.8636952791462329
0.8646439168026396
0.8655504070826541
0.866417385304873
0.867247298725494
0.8680424222446202
0.8688048726290564
0.8695366214056108
0.8702395065635966
0.8709152431884422
0.8715654331348313
0.8721915738353776
0.8727950663318302
0.8733772226038548
0.8739392722646948
0.8744823686845116
0.8750075945952249
0.8755159672270237
0.8760084430189166
0.8764859219437433
0.8769492514821298
0.877399230277631
0.8778366115017335
0.8782621059538089
0.8786763849200663
0.8790800828121234
0.8794737996041033
0.8798581030856676
0.8802335309464097
0.8806005927058201
0.8809597715015018
0.8813115257474066
0.8816562906726212
0.8819944797503284
0.8823264860256693
0.8826526833507516
0.88297342753369
0.8832890574087034
0.8835998958331281
0.883906250617241
0.8842084153914119
0.884506670416076
0.8848012833378871
0.885092509896859
0.8853805945874494
0.8856657712772844
0.8859482637864404
0.8862282864300024
0.8865060445268071
0.8867817348762828
0.8870555462060379
0.8873276595919248
0.8875982488525775
0.8878674809201996
0.8881355161889671
0.8884025088429545
0.8886686071644382
0.8889339538242667
0.8891986861552597
0.8894629364098421
0.8897268320027448
0.8899904957399583
0.8902540460346267
0.8905175971107525
0.8907812591955305
0.8910451387008834
0.8913093383949655
0.8915739575641525
0.8918390921662724
0.8921048349752426
0.8923712757180866
0.8926385012043775
0.892906595448693
0.8931756397865647
0.8934457129842746
0.8937168913426422
0.8939892487953824
0.8942628570022523
0.8945377854372902
0.8948141014722729
0.8950918704559689
0.8953711557890363
0.8956520189950277
0.8959345197878003
0.8962187161351454
0.8965046643191881
0.8967924189937023
0.89708203323815
0.8973735586091129
0.897667045188746
0.8979625416309192
0.8982600952046498
0.8985597518352848
0.8988615561434875
0.8991655514820744
0.8994717799707328
0.8997802825289973
0.900091098907213
0.9004042677158404
0.90071982645302
0.9010378115306389
0.9013582582987811
0.9016812010687084
0.9020066731345322
0.9023347067935529
0.9026653333652024
0.9029985832089604
0.9033344857409746
0.9036730694496135
0.9040143619100335
0.9043583897976057
0.9047051789005826
0.9050547541316366
0.9054071395387453
0.9057623583150993
0.9061204328083418
0.9064813845290609
0.9068452341585425
0.9072120015560172
0.9075817057651695
0.9079543650202412
0.9083299967515919
0.9087086175907999
0.9090902433753891
0.9094748891532765
0.9098625691869208
0.9102532969572352
0.9106470851674209
0.9110439457467031
0.911443889854074
0.9118469278821609
0.9122530694613175
0.9126623234639145
0.9130746980091555
0.9134902004683186
0.9139088374708173
0.9143306149108089
0.9147555379552063
0.9151836110523681
0.9156148379426258
0.9160492216701279
0.9164867645967267
0.9169274684179285
0.9173713341813978
0.9178183623084037
0.9182685526183784
0.9187219043574538
0.9191784162311374
0.9196380864420299
0.9201009127330836
0.9205668924372961
0.9210360225347086
0.9215082997177892
0.921983720466263
0.9224622811329958
0.9229439780421391
0.9234288076018503
0.9239167664330865
0.9244078515175733
0.924902060367105
0.9253993912180971
0.925899843254863
0.9264034168662928
0.9269101139412951
0.9274199382093826
0.9279328956336039
0.9284489948650516
0.9289682477694878
0.9294906700384679
0.9300162819008658
0.9305451089526527
0.9310771831278016
0.9316125438375056
0.9321512393111148
0.9326933281802361
0.9332388813570837
0.9337879842705195
0.9343407395400549
0.9348972701881839
0.9354577235191661
0.9360222758281247
0.9365911381517712
0.9371645633357055
0.9377428547792706
0.9383263773362431
0.9389155710118898
0.9395109683233838
0.9401132165120167
0.9407231062562721
0.9413416092073117
0.9419699276659945
0.9426095612252666
0.9432623975213552
0.9439308378875895
