201
0.8435606676277416
0.8387638253773697
0.8338462442618204
0.8288070704881383
0.823645534202248
0.8183609557499272
0.8129527520370098
0.8074204429777957
0.8017636580164701
0.7959821427102101
0.7900757653526993
0.7840445236223009
0.7778885512306911
0.7716081245510233
0.7652036691996065
0.7586757665431045
0.7520251601035426
0.7452527618281546
0.7383596581933354
0.7313471161059363
0.7242165885674855
0.7169697200624134
0.7096083516327351
0.7021345255970878
0.6945504898762395
0.686858701880263
0.6790618319199645
0.6711627660957948
0.6631646086269466
0.6550706835796365
0.6468845359508575
0.6386099320745958
0.6302508593121814
0.6218115249908553
0.6132963545598052
0.6047099889417727
0.5960572810418107
0.5873432914060821
0.5785732830088146
0.5697527151512716
0.5608872364746627
0.5519826770791085
0.5430450397575839
0.5340804903507491
0.525095347244896
0.5160960700315437
0.5070892473605692
0.49808158401953784
0.4890798872884224
0.4800910526079919
0.47112204862436025
0.4621799016680119
0.45327167972932647
0.44440447600612343
0.43558539209659297
0.4268215209132716
0.4181199294091006
0.40948764119100595
0.40093161911498787
0.3924587479508349
0.38407581720287126
0.37578950417765805
0.36760635738829456
0.35953278037805436
0.3515750160504574
0.3437391315847644
0.3360310040136498
0.32845630653560387
0.32102049562730695
0.3137287990170497
0.3065862045785384
0.29959745018205053
0.29276701455593296
0.28609910918416176
0.27959767126731516
0.27326635776827796
0.26710854055050237
0.2611273026118444
0.25532543541364483
0.24970543729088743
0.24426951292524957
0.23901957385997308
0.23395724002225107
0.2290838422201809
0.22440042557128528
0.21990775381924263
0.21560631448541387
0.21149632480780606
0.2075777384057934
0.20385025261601253
0.2003133164399178
0.19696613903865495
0.19380769871814185
0.19083675233989447
0.18805184509541178
0.1854513205885003
0.18303333116032902
0.18079584840462387
0.1787366738150818
0.17685344951236295
0.17514366900014045
0.17360468790194372
0.17223373463480984
0.17102792097602199
0.1699842524861358
0.16909963875116074
0.16837090341228378
0.16779479395422936
0.1673679912258048
0.1670871186700822
0.1669487512445561
0.16694942401485585
0.16708564040761945
0.16735388011205185
0.167750606620099
0.1682722744021392
0.1689153357117834
0.16967624701646772
0.17055147506156954
0.17153750256005407
0.1726308335182956
0.1738279982026467
0.17512555774877472
0.17652010842666324
0.17800828556847365
0.17958676716477787
0.18125227714666567
0.18300158835861158
0.18483152523568205
0.18673896619875027
0.18872084577547787
0.19077415646352336
0.19289595034909918
0.19508334048364961
0.19733350205108224
0.19964367330991373
0.20201115634959158
0.2044333176631279
0.20690758853189134
0.20943146526173895
0.21200250926328423
0.2146183469918017
0.21727666975756532
0.21997523342037825
0.22271185795952503
0.225484426973953
0.22829088704232908
0.23112924707107096
0.2339975774191819
0.23689400925322532
0.23981673344185198
0.2427639997309132
0.2457341156898373
0.24872544570318003
0.25173640986037066
0.25476548287265244
0.2578111929339776
0.2608721205732487
0.2639468974760759
0.26703420530934774
0.27013277453068807
0.27324138319900493
0.2763588557648411
0.2794840618871167
0.28261591523377516
0.28575337229815023
0.28889543121637107
0.29204113060656844
0.295189548401319
0.2983398007144908
0.3014910407080963
0.3046424574790312
0.307793274967963
0.3109427508776608
0.31409017562009084
0.3172348712746886
0.32037619057366323
0.3235135159034319
0.32664625832873284
0.3297738566437766
0.33289577643267815
0.33601150916664224
0.3391205713126374
0.3422225034700785
0.3453168695250688
0.3484032558329705
0.3514812704152127
0.35455054218483156
0.35761072019042917
0.3606614728803165
0.363702487391482
0.3667334688553291
0.369754139727591
0.37276423913451867
0.3757635222439062
0.37875175965062263
0.3817287367842898
0.3846942533349115
0.3876481226959945
0.39059017142707797
0.39352023873328285
