201
5.10702591327572e-15
-8.770761894538737e-15
-8.43769498715119e-15
3.3306690738754696e-16
-7.549516567451064e-15
2.55351295663786e-15
-9.103828801926284e-15
-7.993605777301127e-15
-2.3314683517128287e-15
3.774758283725532e-15
1.3433698597964394e-14
-1.1102230246251565e-16
2.6645352591003757e-15
-3.9968028886505635e-15
1.9984014443252818e-15
-6.217248937900877e-15
1.6431300764452317e-14
-1.887379141862766e-15
-1.6653345369377348e-15
3.3306690738754696e-16
7.438494264988549e-15
-7.327471962526033e-15
5.440092820663267e-15
-2.7755575615628914e-15
-1.099120794378905e-14
-8.104628079763643e-15
-1.0658141036401503e-14
-6.661338147750939e-16
6.772360450213455e-15
-7.771561172376096e-16
-9.992007221626409e-16
-7.882583474838611e-15
-5.551115123125783e-15
1.887379141862766e-15
-4.9960036108132044e-15
2.4980018054066022e-15
-9.048317650695026e-15
-4.718447854656915e-15
-4.440892098500626e-15
3.3861802251067274e-15
-1.0547118733938987e-14
1.3322676295501878e-15
3.885780586188048e-15
-2.1094237467877974e-15
-3.0531133177191805e-15
-6.494804694057166e-15
-1.4988010832439613e-15
-4.9404924595819466e-15
0.0
-1.7763568394002505e-15
-4.3298697960381105e-15
2.7755575615628914e-16
-6.772360450213455e-15
-5.773159728050814e-15
2.220446049250313e-16
5.828670879282072e-15
-1.3322676295501878e-15
-7.327471962526033e-15
-4.385380947269368e-15
1.0547118733938987e-15
-1.9984014443252818e-15
1.609823385706477e-15
-3.3306690738754696e-16
1.9984014443252818e-15
-3.497202527569243e-15
2.0539125955565396e-15
-2.4424906541753444e-15
5.440092820663267e-15
-1.3322676295501878e-15
-1.5543122344752192e-15
-1.3877787807814457e-15
3.2751579226442118e-15
-2.886579864025407e-15
-3.3306690738754696e-16
5.995204332975845e-15
-4.440892098500626e-15
-8.604228440844963e-15
-1.942890293094024e-15
-3.885780586188048e-16
-5.10702591327572e-15
7.882583474838611e-15
9.43689570931383e-16
-3.219646771412954e-15
-2.3314683517128287e-15
2.220446049250313e-15
-3.9968028886505635e-15
-3.6637359812630166e-15
5.551115123125783e-16
-5.384581669432009e-15
-2.7755575615628914e-15
-2.1649348980190553e-15
6.161737786669619e-15
3.0531133177191805e-15
-1.1379786002407855e-15
-1.970645868709653e-15
4.3576253716537394e-15
-3.608224830031759e-15
6.467049118441537e-15
-5.995204332975845e-15
-5.551115123125783e-17
-1.887379141862766e-15
-4.218847493575595e-15
-1.6930901125533637e-15
1.8318679906315083e-15
-4.718447854656915e-16
-8.715250743307479e-15
-5.745404152435185e-15
5.995204332975845e-15
8.076872504148014e-15
3.635980405647388e-15
-1.8318679906315083e-15
-4.551914400963142e-15
-2.248201624865942e-15
-2.1371793224034263e-15
6.078471059822732e-15
-2.9698465908722937e-15
9.159339953157541e-16
6.38378239159465e-15
-3.191891195797325e-15
7.16093850883226e-15
-1.9984014443252818e-15
3.1086244689504383e-15
4.551914400963142e-15
2.1094237467877974e-15
2.9698465908722937e-15
1.7486012637846216e-14
1.0658141036401503e-14
-5.745404152435185e-15
7.446709915370775e-12
1.1657341758564144e-14
3.608224830031759e-15
-5.6343818499726694e-15
-5.3013149425851225e-15
7.16093850883226e-15
4.996003610813204e-16
6.189493362285248e-15
-4.052314039881821e-15
2.7478019859472624e-15
-2.581268532253489e-15
3.164135620181696e-15
-3.497202527569243e-15
3.6914915568786455e-15
1.7208456881689926e-15
-9.46465128492946e-15
-7.216449660063518e-15
-3.83026943495679e-15
1.7486012637846216e-15
4.0245584642661925e-15
-2.7755575615628914e-16
-2.1649348980190553e-15
-4.440892098500626e-15
-1.3128387266192476e-14
2.192690473634684e-15
9.658940314238862e-15
1.7957857423311907e-14
7.827072323607354e-15
9.825473767932635e-15
-2.836619827917275e-14
-1.687538997430238e-14
7.549516567451064e-15
4.440892098500626e-15
-2.8033131371785203e-14
2.2315482794965646e-14
8.215650382226158e-15
-1.9817480989559044e-14
-2.6922908347160046e-14
-3.1308289294429414e-14
8.076872504148014e-14
-2.786659791809143e-14
3.8968828164342995e-14
6.394884621840902e-14
1.7985612998927536e-14
8.171241461241152e-14
8.260059303211165e-14
-1.021405182655144e-14
2.02171612784241e-13
-2.7977620220553945e-14
7.088774012231625e-14
-3.697042672001771e-14
1.3100631690576847e-14
5.551115123125783e-14
-1.4238610290817633e-14
2.4202861936828413e-14
-7.049916206369744e-15
-5.21249710061511e-14
4.912736883966318e-15
-1.6653345369377348e-15
1.5265566588595902e-14
9.103828801926284e-15
-6.328271240363392e-15
-1.554312234475219e-14
-1.2129186544029835e-14
2.0261570199409107e-15
1.3183898417423734e-14
1.63202784619898e-14
5.995204332975845e-15
-2.525757381022231e-15
5.287437154777308e-15
-4.6074255521944e-15
-5.287437154777308e-15
-8.756884106730922e-15
