201
0.8933958676516425
0.8958255331499807
0.8982201990498867
0.9005799764348961
0.9029049842081869
0.9051953488978024
0.9074512044607769
0.9096726920874666
0.9118599600054702
0.9140131632839965
0.9161324636383328
0.9182180292348894
0.9202700344969207
0.9222886599110017
0.9242740918348951
0.9262265223061373
0.9281461488523064
0.9300331743027017
0.9318878066016536
0.9337102586237331
0.9355007479906949
0.9372594968907508
0.9389867318997327
0.9406826838048312
0.9423475874306859
0.9439816814678078
0.9455852083039289
0.9471584138579633
0.9487015474167787
0.9502148614748462
0.9516986115771802
0.9531530561649129
0.9545784564244902
0.9559750761398795
0.9573431815481523
0.95868304119844
0.9599949258144829
0.9612791081603793
0.9625358629103384
0.9637654665218095
0.9649681971123094
0.9661443343401884
0.9672941592889553
0.9684179543556924
0.9695160031432409
0.970588590356426
0.9716360017022645
0.9726585237942533
0.9736564440607727
0.9746300506576391
0.975579632384884
0.9765054786079179
0.9774078791828275
0.9782871243862838
0.9791435048497263
0.9799773114981223
0.9807888354933905
0.9815783681823484
0.9823462010494375
0.9830926256742389
0.9838179336939128
0.9845224167705319
0.9852063665634697
0.9858700747070143
0.9865138327931573
0.987137932359762
0.9877426648840815
0.9883283217820803
0.9888951944132058
0.9894435740910814
0.9899737521001348
0.9904860197182538
0.9909806682456355
0.9914579890399535
0.9919182735580728
0.9923618134041765
0.9927889003847139
0.9931998265701397
0.9935948843635417
0.9939743665763295
0.9943385665109483
0.9946877780507057
0.9950222957567327
0.9953424149720366
0.99564843193255
0.9959406438849312
0.9962193492110984
0.9964848475589274
0.9967374399788624
0.996977429065717
0.9972051191049982
0.9974208162228237
0.997624828538226
0.9978174663164062
0.9979990421212181
0.9981698709647329
0.9983302704513204
0.9984805609132541
0.9986210655339576
0.9987521104550376
0.998874024861418
0.9989871410390834
0.9990917943980817
0.9991883234528187
0.9992770697500738
0.9993583777337984
0.9994325945339008
0.9995000696649452
0.9995611546177443
0.9996162023255418
0.9996655664834501
0.9997096006973795
0.9997486574363044
0.999783086758545
0.999813234780348
0.9998394418522526
0.9998620404065026
0.9998813524371409
0.999897686572758
0.9999113347028967
0.9999225681194066
0.9999316331385386
0.9999387461748308
0.9999440882473692
0.9999477989116745
0.9999499696281493
0.9999506366010646
0.9999497731505482
0.999947281715828
0.9999429856295885
0.9999366208524886
0.9999278279103547
0.9999161443355105
0.9999009979732142
0.9998817015717516
0.9998574491250227
0.9998273144732394
0.9997902526840345
0.9997451047235899
0.9996906058801079
0.9996253983115855
0.9995480479518744
0.9994570658251078
0.9993509335907688
0.9992281328796617
0.9990871777034528
0.9989266489429672
0.9987452296793492
0.9985417399405583
0.9983151693303877
0.9980647060056659
0.997789760571767
0.997489983692814
0.9971652765276636
0.9968157934992975
0.9964419373354854
0.9960443467527607
0.9956238775487618
0.9951815781940263
0.9947186612405319
0.9942364719876922
0.9937364558596744
0.9932201258650792
0.9926890313496907
0.9921447290374421
0.9915887571096438
0.991022612821431
0.9904477339155826
0.9898654838841174
0.9892771409526864
0.9886838905305017
0.9880868207746548
0.9874869208631119
0.9868850815453504
0.9862820975435256
0.9856786713977199
0.9850754183828314
0.9844728721693838
0.9838714909450466
0.9832716637619778
0.9826737169192878
0.9820779202311045
0.9814844930677991
0.9808936100887009
0.9803054066121358
0.9797199835896412
0.9791374121692649
0.9785577378459267
0.9779809842075907
0.97740715629283
0.9768362435809839
0.9762682226394329
0.9757030594537567
0.9751407114677162
0.9745811293599052
0.9740242585824594
0.9734700406869914
0.9729184144603518
0.9723693168921641
0.9718226839934185
0.9712784514846066
