201
0.45334067582903204
0.4542661195017612
0.45522085267405643
0.45620394623570637
0.45721449011399196
0.4582515934558068
0.4593143847734213
0.46040201205565956
0.46151364284541374
0.4626484642865399
0.46380568314137605
0.4649845257809402
0.46618423814847326
0.46740408569999137
0.46864335332149937
0.46990134522542804
0.47117738482749416
0.4724708146057297
0.4737809959426105
0.4751073089519697
0.4764491522915846
0.47780594296320933
0.4791771161012266
0.48056212474945703
0.48196043962999746
0.4833715489022712
0.4847949579154019
0.48623018895313963
0.487676780973157
0.4891342893420285
0.49060228556432883
0.4920803570096365
0.4935681066359558
0.495065152710569
0.4965711285291703
0.4980856821350834
0.49960847603526404
0.5011391869181765
0.5026775053710796
0.5042231355979417
0.5057757951375725
0.507335214584568
0.508901137310284
0.5104733191861544
0.5120515283093426
0.5136355447305153
0.5152251601837708
0.516820177819608
0.5184204119405551
0.5200256877398974
0.5216358410427417
0.5232507180514888
0.5248701750931279
0.5264940783708759
0.5281223037185194
0.5297547363580553
0.531391270661436
0.5330318099148313
0.5346762660862744
0.536324559597172
0.5379766190969709
0.5396323812405381
0.5412917904694612
0.5429547987960847
0.5446213655902289
0.5462914573700465
0.5479650475948292
0.5496421164604322
0.5513226506988413
0.5530066433785058
0.5546940937086058
0.5563850068453263
0.5580793936999098
0.5597772707497598
0.5614786598510411
0.5631835880532474
0.564892087415984
0.566604194826925
0.5683199518215502
0.5700394044047564
0.5717626028726931
0.5734896016370385
0.5752204590492068
0.576955237226298
0.5786940018773787
0.5804368221302192
0.5821837703590634
0.5839349220124846
0.5856903554412808
0.5874501517271278
0.5892143945103959
0.5909831698183171
0.5927565658927837
0.5945346730184388
0.5963175833484982
0.5981053907319283
0.5998981905392511
0.6016960794868021
0.6034991554611867
0.6053075173420157
0.6071212648238342
0.608940498236805
0.610765318366477
0.6125958262714679
0.6144321231008232
0.6162743099087473
0.6181224874692162
0.6199767560877537
0.621837215412287
0.6237039642431472
0.6255771003398777
0.6274567202278669
0.62934291900287
0.6312357901334829
0.6331354252633467
0.6350419140107737
0.6369553437668378
0.638875799493685
0.6408033635191503
0.6427381153321539
0.6446801313764713
0.6466294848425704
0.648586245460101
0.650550479288535
0.6525222485077167
0.6545016112081301
0.6564886211808705
0.6584833277071567
0.6604857753492905
0.662496003740552
0.6645140473771864
0.666539935410299
0.6685736914402861
0.6706153333110438
0.6726648729073232
0.6747223159552075
0.6767876618220591
0.678860903322022
0.6809420265246687
0.6830310105655959
0.6851278274626278
0.687232441935179
0.6893448112303666
0.6914648849509402
0.693592604894901
0.6957279048920287
0.6978707106581039
0.7000209396446582
0.702178500915423
0.7043432949904107
0.7065152137562372
0.7086941403350603
0.7108799489894934
0.7130725050269515
0.7152716647209683
0.7174772752372108
0.7196891745739338
0.7219071915129562
0.7241311455844182
0.726360847040822
0.7285960968470897
0.7308366866806746
0.7330823989490707
0.7353330068173478
0.7375882742521804
0.7398479560798448
0.7421117980587226
0.7443795369660251
0.7466509007024142
0.7489256084078767
0.7512033705961298
0.7534838893033722
0.7557668582526942
0.7580519630341637
0.7603388812998687
0.7626272829750833
0.7649168304852614
0.7672071789960023
0.7694979766709756
0.7717888649414811
0.7740794787935903
0.776369447066267
0.7786583927652326
0.7809459333894413
0.7832316812704406
0.7855152439226587
0.7877962244081503
0.7900742217095256
0.7923488311148614
0.7946196446119693
0.7968862512915573
0.7991482377583156
0.8014051885506033
0.803656686565025
0.8059023134878998
0.8081416502316211
0.8103742773742956
0.8125997756031565
0.8148177261592806
0.8170277112844806
0.8192293146673557
