201
0.1050123340425738
0.10473049512198751
0.10450752734043338
0.10436149483364418
0.10431654300055351
0.1044051988593552
0.10467170023846328
0.10517689210530076
0.10600555699147239
0.10727760707965019
0.10916554568166097
0.11192236506149907
0.1159272924859816
0.12176294860437886
0.13034944841931925
0.1431846896313305
0.16278706686800584
0.19352509070745
0.24314633179124076
0.3252539117682047
0.4610745716436636
0.6680705782071248
0.900791208705827
0.9995847657541581
0.8962078326414501
0.7205588743333917
0.5706272717318029
0.4629016642870195
0.38795089646376424
0.33512879474267454
0.2969259557235717
0.2685150690213453
0.24682522265328566
0.22987259290906362
0.21634505989219693
0.20535253026879657
0.19627618457383583
0.1886758389178703
0.18223174535466666
0.17670717361255903
0.17192380478369212
0.16774520053634098
0.1640654737105906
0.16080137877584474
0.15788669472488606
0.155268172634175
0.15290256922891254
0.1507544460563339
0.14879451625956192
0.14699838832096285
0.145345601197959
0.14381887585929293
0.14240352928264471
0.14108701166518375
0.1398585379701815
0.13870879234800315
0.13762968932397907
0.13661417955496274
0.1356560908384041
0.1347499971991896
0.13389111048909924
0.1330751901487327
0.13229846770992906
0.13155758332829048
0.13084953218644618
0.1301716190370068
0.1295214194908456
0.12889674692000774
0.12829562405569184
0.12771625852740554
0.12715702172546706
0.12661643047470683
0.12609313109644216
0.12558588550568772
0.12509355904877995
0.1246151098343642
0.12414957934929102
0.123696084183831
0.12325380871706965
0.12282199863588715
0.1223999551793278
0.12198703001593328
0.12158262067502795
0.12118616646336697
0.1207971448086988
0.12041506797917681
0.12003948013460897
0.11966995467127886
0.11930609182693108
0.11894751651689359
0.11859387637578389
0.1182448399825213
0.11790009524914535
0.11755934795587944
0.11722232041763793
0.11688875026820505
0.11655838935030242
0.11623100270106526
0.11590636762344665
0.11558427283526318
0.11526451768848042
0.11494691145203238
0.11463127265236192
0.11431742846624643
0.11400521416130414
0.11369447257971599
0.11338505366160403
0.11307681400424761
0.11276961645440173
0.11246332973059789
0.11215782807310452
0.11185299091909534
0.1115487026010554
0.11124485206642483
0.1109413326169304
0.11063804166586143
0.1103348805119543
0.11003175412865893
0.10972857096751745
0.10942524277453247
0.10912168441878028
0.10881781373202493
0.1085135513588456
0.10820882061625722
0.10790354736233529
0.10759765987306782
0.10729108872692156
0.10698376669657376
0.10667562864734133
0.1063666114417499
0.10605665384998733
0.10574569646573953
0.10543368162704009
0.10512055334188797
0.10480625721832594
0.10449074039855519
0.10417395149700348
0.10385584054203789
0.10353635892108062
0.10321545932888027
0.10289309571890558
0.10256922325745947
0.10224379828059173
0.10191677825338942
0.10158812173175077
0.10125778832640432
0.10092573866893349
0.10059193437990621
0.10025633803889991
0.09991891315626338
0.09957962414658829
0.09923843630388218
0.09889531577815883
0.09855022955352928
0.09820314542774897
0.09785403199295532
0.0975028586177961
0.09714959543067687
0.09679421330417683
0.09643668384060608
0.09607697935854775
0.09571507288048314
0.09535093812129392
0.09498454947783028
0.09461588201924018
0.09424491147825727
0.09387161424326701
0.09349596735123329
0.09311794848133426
0.09273753594942089
0.09235470870319741
0.09196944631803446
0.09158172899364984
0.09119153755124373
0.09079885343146642
0.09040365869298826
0.0900059360116325
0.08960566868021123
0.08920284060893152
0.08879743632641032
0.08838944098125182
0.0879788403442502
0.08756562081113914
0.08714976940588331
0.08673127378461962
0.0863101222400255
0.08588630370639722
0.08545980776513623
0.08503062465089688
0.08459874525817447
0.08416416114858588
0.0837268645585644
0.08328684840766866
0.08284410630744397
0.08239863257086548
0.08195042222223145
0.08149947100774428
0.08104577540660646
0.08058933264266618
0.08013014069666544
0.07966819831908992
