201
0.9312084270831195
0.932229786207193
0.933203435063472
0.934129793389667
0.935009188488308
0.9358418498306338
0.936627902613255
0.9373673600943401
0.938060114505593
0.9387059262854535
0.9393044113322288
0.9398550258991409
0.9403570486755668
0.9408095594849636
0.9412114138935945
0.9415612128512473
0.9418572662559481
0.942097549043496
0.942279648017769
0.9424006971383181
0.9424572983063226
0.9424454238004476
0.9423602952973515
0.9421962327574247
0.9419464641688825
0.9416028839456971
0.9411557432490352
0.9405932490166948
0.9399010390337542
0.9390614864193509
0.9380527658994934
0.9368475820509005
0.9354114093714408
0.9337000135249941
0.9316558911215128
0.9292030429656686
0.9262391092449409
0.9226232001523692
0.9181564563480115
0.9125498359038795
0.9053684104810501
0.8959300997850502
0.8831103223177699
0.864937375736207
0.8376793799204657
0.793562603383335
0.7144002076431836
0.5528725749512108
0.21214897242493685
0.057210302932629256
0.6120178886674524
0.8721776164317565
0.9516015528743654
0.9785827104353941
0.9884730832630994
0.9919264159783023
0.9926985761220556
0.9922884889275436
0.9913505159783074
0.9901884899671668
0.9889488448669401
0.9877030265289055
0.9864851778273669
0.9853103414194792
0.9841836384572659
0.9831050519603869
0.9820719793894334
0.9810806144891571
0.9801266981442733
0.979205922192047
0.9783141397013819
0.9774474665915421
0.9766023223515041
0.975775437098733
0.9749638406352239
0.9741648425226136
0.9733760083516603
0.9725951351264042
0.9718202273582324
0.9710494746880831
0.9702812313997317
0.9695139979259627
0.9687464043043176
0.9679771954642659
0.9672052181902783
0.9664294095957645
0.9656487869456423
0.9648624386709755
0.964069516437342
0.963269228138197
0.9624608316997386
0.961643629599296
0.9608169640070541
0.9599802124756535
0.9591327841120713
0.9582741161693334
0.9574036710118002
0.9565209334062433
0.9556254081013049
0.9547166176623023
0.9537941005308356
0.9528574092839426
0.9519061090699993
0.950939776202833
0.9499579968952354
0.9489603661185705
0.9479464865722144
0.9469159677549627
0.945868425125347
0.9448034793425018
0.9437207555796961
0.942619882903161
0.9415004937106602
0.940362223223325
0.9392047090254141
0.9380275906494547
0.9368305092014706
0.9356131070212583
0.9343750273798039
0.9331159142042054
0.931835411832529
0.9305331647952839
0.9292088176205904
0.9278620146610309
0.9264923999439252
0.9250996170372624
0.923683308937963
0.9222431179741388
0.9207786857242868
0.9192896529530289
0.9177756595587593
0.916236344536524
0.914671345954451
0.9130803009395382
0.9114628456804744
0.9098186154353004
0.9081472445552022
0.9064483665192351
0.9047216139744639
0.9029666187898931
0.9011830121199912
0.8993704244770269
0.8975284858134005
0.8956568256130325
0.893755072988423
0.89182285679731
0.8898598057500025
0.8878655485520621
0.8858397140047781
0.8837819312095005
0.8816918296596756
0.8795690394387986
0.8774131913728812
0.8752239172204057
0.8730008498476727
0.8707436234310242
0.8684518736588737
0.8661252379444201
0.8637633556430914
0.8613658682822245
0.858932419798567
0.8564626567847453
0.8539562287386968
0.8514127883298891
0.8488319916662925
0.8462134985747215
0.843556972885132
0.840862082728048
0.8381285008334409
0.8353559048447492
0.8325439776359099
0.8296924076370846
0.8268008891704817
0.8238691227902976
0.8208968156332075
0.8178836817743489
0.8148294425919631
0.811733827137179
0.8085965725121633
0.8054174242557586
0.8021961367323449
0.7989324735305772
0.7956262078658636
0.7922771229897888
0.788885012603104
0.785449681277055
0.781970944875744
0.778448630985566
0.774882579348345
0.7712726422965169
0.7676186851940243
0.7639205868776068
0.7601782401026322
0.7563915519885396
0.7525604444680478
0.7486848547353243
0.7447647356951421
0.7408000564120795
0.736790802558019
0.7327369768584953
0.7286385995376466
