201
0.26012690270924815
0.2663652193517109
0.27216950044040544
0.27755279779553094
0.2825281519876764
0.2871084432924713
0.29130627790499947
0.29513390265651307
0.29860314268183774
0.3017253574916976
0.3045114117302474
0.30697165759193984
0.3091159264358889
0.31095352760196154
0.31249325281932055
0.313743384909992
0.31471170974743534
0.315405530644625
0.31583168451369714
0.31599655928514203
0.31590611218664405
0.3155658885786932
0.3149810411202457
0.31415634910167783
0.31309623783584295
0.3118047980398372
0.31028580517823773
0.3085427387674414
0.30657880166775664
0.30439693941218804
0.30199985964021586
0.2993900517232238
0.29656980668442406
0.29354123753121775
0.2903063001328666
0.2868668147942174
0.28322448868398425
0.27938093930044117
0.2753377191672507
0.2710963419699265
0.26665831036374277
0.26202514569889296
0.2571984199326158
0.2521797900133248
0.24697103504888393
0.24157409659186427
0.23599112239500264
0.23022451401858054
0.22427697869254973
0.21815158585750782
0.2118518288342735
0.20538169208749732
0.19874572456708783
0.19194911961902636
0.18499780196545565
0.17789852224410968
0.17065895958277383
0.16328783265309124
0.1557950195928408
0.14819168711584815
0.1404904290212186
0.13270541417634232
0.12485254386697733
0.11694961817682889
0.10901651076977378
0.10107535109366893
0.09315071258878811
0.08526980496946264
0.07746266803053156
0.06976236371888493
0.0622051623876343
0.05483071822125078
0.04768222779190862
0.04080656457820032
0.034254381093891346
0.028080169038254832
0.02234226667023509
0.017102801472425384
0.012427555201209257
0.008385737724044199
0.005049655750584188
0.0024942628173704557
0.0007965778474925447
3.496144479885353e-05
0.0002882419474838898
0.0016346872989151968
0.004150824070147532
0.007910111505674234
0.012981486169891329
0.019427801434079937
0.027304195307193024
0.03665642946504578
0.04751925112507184
0.059914836872321395
0.0738513828430294
0.08932190799200566
0.10630333580663523
0.12475591426333012
0.14462302389421072
0.16583140969279317
0.18829185488635752
0.21190029435508134
0.23653934405565444
0.2620802017990596
0.28838485580802353
0.31530852211966814
0.3427022213555523
0.37041540041463694
0.39829850550284135
0.4262054192965854
0.4539956862095916
0.4815364644994514
0.5087041610014833
0.5353857221661538
0.561479572472604
0.5868962071133816
0.6115584592280917
0.6354014724117569
0.6583724165826923
0.6804299895573912
0.7015437482244493
0.7216933124011786
0.740867481813364
0.7590633027014078
0.7762851157820385
0.7925436121264489
0.8078549183313387
0.8222397273683489
0.835722486958265
0.8483306532948788
0.8600940145158095
0.8710440855008713
0.8812135733317963
0.8906359110283713
0.8993448559403232
0.9073741483118305
0.9147572250406717
0.921526983398016
0.9277155894339524
0.9333543259294719
0.93847347497591
0.9431022305808245
0.9472686370525526
0.9509995493015808
0.9543206115782138
0.9572562515613572
0.9598296870479818
0.962062942880585
0.9639768760234171
0.96559120699692
0.9669245561830995
0.9679944836672567
0.9688175315547036
0.9694092678579849
0.9697843311963231
0.9699564757047006
0.9699386156501641
0.9697428693689734
0.969380602206314
0.9688624682295119
0.9681984505320076
0.9673979000037647
0.9664695724827832
0.9654216642365478
0.9642618457506087
0.9629972938252427
0.9616347219965804
0.9601804093127914
0.9586402275126243
0.9570196666504345
0.9553238592297649
0.9535576029042576
0.9517253818080366
0.9498313865831229
0.9478795331649931
0.9458734803954307
0.9438166465220842
0.9417122246493599
0.9395631972002518
0.9373723494453768
0.9351422821592497
0.9328754234506069
0.9305740398246013
0.9282402465185341
0.9258760171628102
0.923483192804972
0.9210634903419417
0.9186185103955815
0.9161497446694953
0.9136585828218903
0.9111463188829055
0.9086141572508315
0.906063218290716
0.9034945435658374
0.90090910072209
0.8983077880526198
0.8956914387602275
0.8930608249404581
0.8904166613016826
0.8877596086415409
0.8850902770935535
