201
0.10446810652044852
0.09353602367625895
0.08279176949974479
0.07233526642453184
0.06226308112606918
0.052668294955014856
0.04364019167623505
0.03526380194680908
0.027619341117991678
0.020781575255567356
0.014819149137357551
0.009793908931009664
0.005760250908644169
0.002764525656735447
0.0008445246158609107
2.907236562981708e-05
0.000337743871572987
0.0017807210346994827
0.0043587975075195734
0.008063535089089248
0.012877569349605322
0.0187750567393205
0.02572225055680504
0.03367818902978638
0.04259547554933434
0.05242112892501934
0.06309748041950816
0.07456309425893355
0.08675368920443959
0.09960304048987652
0.11304384378735237
0.12700852570095023
0.14142998839110815
0.15624227913456865
0.17138117876768783
0.18678470590148996
0.20239353645205865
0.218151340315684
0.23400503890279437
0.24990498873587427
0.2658050973695509
0.2816628786232085
0.29743945447100684
0.31309951103911554
0.32861121601099563
0.3439461044157722
0.3590789393223791
0.3739875533996296
0.38865267669673687
0.4030577553700478
0.4171887654352242
0.4310340250268469
0.44458400805967624
0.4578311616517295
0.4707697291843835
0.48339558045103426
0.49570604995224976
0.5076997840877054
0.5193765976989961
0.5307373402014345
0.5417837713421141
0.5525184464740067
0.5629446111132945
0.573066104449681
0.5828872714261242
0.5924128829323814
0.6016480636514875
0.610598227063092
0.6192690171107283
0.6276662560408577
0.6357958979335373
0.6436639874573616
0.651276623403539
0.6586399265787475
0.6657600116523745
0.6726429625878733
0.6792948113056352
0.6857215192581395
0.6919289616124012
0.6979229137695964
0.7037090399645314
0.7092928837164136
0.7146798599193438
0.7198752483799894
0.7248841886255698
0.7297116758316065
0.7343625577164743
0.7388415322820574
0.7431531462772367
0.7473017942845898
0.7512917183309931
0.7551270079413772
0.7588116005542858
0.7623492822340059
0.7657436886147613
0.7689983060204765
0.7721164727130837
0.7751013802169365
0.7779560746824554
0.7806834582493746
0.7832862903733804
0.7857671890823517
0.7881286321351093
0.7903729580490795
0.7925023669730067
0.7945189213738141
0.7964245465154209
0.7982210306978921
0.7999100252350909
0.8014930441388007
0.8029714634834639
0.8043465204196075
0.8056193118042847
0.8067907924120097
0.8078617726915334
0.8088329160217267
0.8097047354270539
0.8104775896944981
0.8111516788417023
0.8117270388688542
0.8122035357265909
0.8125808584146469
0.8128585111283149
0.8130358043439312
0.8131118447329561
0.8130855237684422
0.8129555048795307
0.812720208978611
0.8123777981693515
0.811926157410709
0.8113628738814118
0.8106852137488605
0.8098900960047963
0.8089740629726003
0.8079332470341729
0.8067633330493279
0.8054595158513762
0.8040164521093607
0.8024282057179437
0.8006881857366349
0.7987890757317865
0.7967227531618684
0.7944801972114017
0.7920513831767831
0.7894251611503216
0.7865891163271455
0.7835294077239389
0.7802305814739792
0.7766753540802441
0.7728443600613115
0.768715857260428
0.7642653816578835
0.7594653417610785
0.7542845404774274
0.7486876096863252
0.7426343394178394
0.7360788794550052
0.7289687861638968
0.7212438812082447
0.7128348813848409
0.7036617499539977
0.693631709553401
0.6826368453587177
0.6705512154859354
0.6572273758273393
0.6424922230083385
0.6261420707220153
0.6079369183392878
0.5875939785657646
0.5647807632877331
0.5391084953032839
0.5101275233103758
0.4773281383251729
0.44015337209052524
0.39803608942543334
0.3504826077956796
0.2972410940369218
0.23861538558080259
0.1760057155472423
0.1127436162694208
0.05514934868438815
0.013323552511454083
0.00045484610348566
0.029059852176487017
0.1043088961451072
0.21875365738247093
0.35418407074613034
0.49010947275655964
0.6117042092865222
0.7122309203699472
0.7911161409625332
0.8509722046720685
0.8954102636469538
0.9279044330694355
0.9513666596471382
0.9680802983467778
0.9797756035331595
0.9877415602493869
0.9929314291602281
0.9960490378239053
0.9976149230808659
