201
5.551115123125783e-17
-2.220446049250313e-16
-4.440892098500626e-15
2.7200464103316335e-15
-1.2212453270876722e-15
-4.385380947269368e-15
3.4416913763379853e-15
5.551115123125783e-16
1.1102230246251565e-16
-2.55351295663786e-15
1.1102230246251565e-16
-4.6629367034256575e-15
3.552713678800501e-15
3.774758283725532e-15
1.7763568394002505e-15
-9.658940314238862e-15
-2.7755575615628914e-15
-1.887379141862766e-15
2.1649348980190553e-15
-8.326672684688674e-16
5.828670879282072e-15
-2.220446049250313e-15
1.6653345369377348e-15
8.881784197001252e-16
-4.440892098500626e-16
-4.551914400963142e-15
5.440092820663267e-15
2.3314683517128287e-15
1.6653345369377348e-15
2.4424906541753444e-15
5.551115123125783e-17
-1.6653345369377348e-16
-3.4416913763379853e-15
2.6645352591003757e-15
5.662137425588298e-15
1.942890293094024e-15
-2.1649348980190553e-15
-4.9404924595819466e-15
-1.2212453270876722e-15
2.831068712794149e-15
1.6653345369377348e-15
6.050715484207103e-15
-8.881784197001252e-16
1.5543122344752192e-15
5.329070518200751e-15
-3.164135620181696e-15
6.661338147750939e-16
8.326672684688674e-16
-1.9984014443252818e-15
0.0
1.5543122344752192e-15
-1.4432899320127035e-15
1.6653345369377348e-15
2.220446049250313e-16
-3.885780586188048e-16
3.4416913763379853e-15
6.6058269965196814e-15
1.887379141862766e-15
-2.7200464103316335e-15
3.1086244689504383e-15
3.3306690738754696e-15
1.5543122344752192e-15
8.881784197001252e-16
-3.0531133177191805e-15
-2.0539125955565396e-15
1.6653345369377348e-15
2.275957200481571e-15
5.551115123125783e-16
1.4432899320127035e-15
3.3306690738754696e-15
7.771561172376096e-16
1.2212453270876722e-15
-1.4988010832439613e-15
5.551115123125783e-16
-8.326672684688674e-16
2.831068712794149e-15
1.887379141862766e-15
-1.8318679906315083e-15
1.5543122344752192e-15
3.885780586188048e-15
-5.551115123125783e-16
3.1086244689504383e-15
-2.55351295663786e-15
-4.773959005888173e-15
4.496403249731884e-15
-2.7200464103316335e-15
1.3877787807814457e-15
-1.6653345369377348e-16
2.1649348980190553e-15
-1.7208456881689926e-15
1.5543122344752192e-15
2.942091015256665e-15
-4.440892098500626e-16
-3.885780586188048e-16
-5.551115123125783e-16
1.1102230246251565e-15
1.2212453270876722e-15
-2.3314683517128287e-15
3.774758283725532e-15
-2.220446049250313e-16
-7.771561172376096e-16
1.1102230246251565e-15
1.1102230246251565e-16
-4.440892098500626e-16
-4.440892098500626e-16
5.551115123125783e-17
3.7192471324942744e-15
6.106226635438361e-16
2.7755575615628914e-16
1.3877787807814457e-15
1.1102230246251565e-16
-8.881784197001252e-16
2.1649348980190553e-15
4.218847493575595e-15
5.551115123125783e-16
-3.552713678800501e-15
4.385380947269368e-15
2.7755575615628914e-15
0.0
9.992007221626409e-16
2.831068712794149e-15
-1.0547118733938987e-15
2.831068712794149e-15
-1.609823385706477e-15
7.771561172376096e-16
3.3306690738754696e-16
-2.1649348980190553e-15
1.0547118733938987e-15
-1.1657341758564144e-15
-1.7208456881689926e-15
-6.328271240363392e-15
-3.3306690738754696e-16
1.609823385706477e-15
5.551115123125783e-16
-2.4980018054066022e-15
2.220446049250313e-16
-4.107825191113079e-15
9.43689570931383e-16
2.4980018054066022e-15
1.1102230246251565e-15
-2.7755575615628914e-16
1.1102230246251565e-15
-1.2212453270876722e-15
-4.440892098500626e-16
-2.220446049250313e-16
-2.831068712794149e-15
-2.4980018054066022e-15
4.163336342344337e-15
-1.6653345369377348e-15
-1.1102230246251565e-16
-2.942091015256665e-15
6.661338147750939e-16
-5.551115123125783e-16
1.1102230246251565e-15
3.219646771412954e-15
-2.220446049250313e-15
-1.5543122344752192e-15
5.662137425588298e-15
6.106226635438361e-16
-3.0531133177191805e-15
1.7208456881689926e-15
-1.1102230246251565e-15
4.440892098500626e-16
-1.3877787807814457e-15
3.2751579226442118e-15
-2.942091015256665e-15
2.1649348980190553e-15
-4.440892098500626e-16
-6.106226635438361e-16
2.4424906541753444e-15
-3.1086244689504383e-15
-4.884981308350689e-15
2.1649348980190553e-15
-6.661338147750939e-16
9.992007221626409e-16
8.881784197001252e-16
3.83026943495679e-15
-3.3306690738754696e-15
7.216449660063518e-16
2.1649348980190553e-15
1.7208456881689926e-15
-2.3869795029440866e-15
-6.661338147750939e-16
-1.27675647831893e-15
-3.3306690738754696e-16
4.385380947269368e-15
1.8318679906315083e-15
2.6645352591003757e-15
1.2212453270876722e-15
-2.220446049250313e-16
-4.551914400963142e-15
-3.497202527569243e-15
6.106226635438361e-16
9.43689570931383e-16
1.6653345369377348e-16
5.551115123125783e-17
-8.881784197001252e-16
-8.881784197001252e-16
-2.4980018054066022e-15
4.6629367034256575e-15
-1.3877787807814457e-15
