201
0.059959710106263414
0.05951817146817379
0.059088375628185946
0.05866956907971922
0.058261013520967575
0.05786198367149528
0.05747176532855595
0.05708965362414634
0.056714951452067446
0.05634696803898795
0.05598501764043072
0.055628418344406155
0.0552764909703379
0.054928558052202286
0.05458394289831693
0.05424196872096735
0.05390195783132835
0.05356323089658967
0.05322510625755711
0.0528868993056908
0.05254792192103158
0.052207481972364425
0.0518648828829229
0.051519423266188184
0.051170396637509497
0.050817091208926385
0.050458789775804876
0.05009476970626587
0.04972430304582755
0.049346656751992464
0.0489610930760328
0.04856687011231772
0.04816324253794408
0.04774946256979506
0.047324781170070176
0.04688844953565521
0.04643972091289396
0.0459778527846153
0.045502109484358975
0.04501176530042406
0.04450610814178266
0.043984443849402324
0.04344610124860211
0.04289043805338802
0.04231684774958902
0.041724767604971465
0.041113687975056774
0.040483163102291664
0.03983282363451257
0.0391623911264762
0.038471694828210425
0.03776069111291104
0.03702948595372324
0.036278360923591345
0.03550780326945727
0.03471854070135012
0.033911581640402214
0.033088261791949944
0.032250298051249585
0.031399850914422704
0.030539596759808014
0.029672811589107003
0.028803468078206725
0.02793634808949346
0.02707717314806462
0.026232755787452315
0.025411175134476417
0.024621980632690915
0.023876428405083746
0.023187755431962373
0.022571497469207478
0.022045857449780704
0.021632131981657005
0.021355204450390457
0.021244114105400672
0.02133271127672996
0.02166040941306994
0.022273044770702584
0.02322385405193429
0.02457457871128487
0.026396701485867764
0.02877281522799451
0.031798115334218446
0.03558199367225194
0.04024969224250217
0.045943946837211216
0.052826512328048914
0.06107940944729488
0.07090566588426808
0.08252924118624624
0.09619372683227602
0.11215930608145581
0.1306973564237258
0.15208200545050266
0.17657794785288347
0.20442395216406883
0.23581179823279805
0.2708609573229652
0.3095901964188078
0.35188842915363205
0.39748840380559725
0.4459479189429511
0.49664375748183504
0.5487829605350738
0.6014341092896454
0.6535780207142738
0.7041733036431128
0.7522286402935293
0.7968716382753074
0.8374044249908592
0.8733388241655813
0.9044081327901927
0.9305569142237554
0.9519136373209334
0.9687527432870208
0.9814527818457245
0.9904560802169114
0.9962336330397776
0.9992570968378189
0.9999783003871501
0.9988156849720573
0.9961465484949866
0.9923037837745983
0.9875758513997885
0.9822089032073948
0.9764101949572049
0.9703521468532382
0.9641766025561173
0.9579989917075622
0.9519122176834012
0.9459901760044744
0.9402908659501437
0.9348590948066081
0.9297287963992336
0.9249249975701608
0.920465471466865
0.9163621173794138
0.9126221051473222
0.9092488190256951
0.9062426321355461
0.9036015387049701
0.9013216675270821
0.8993976965782419
0.8978231856193403
0.8965908408741472
0.8956927235215607
0.8951204117319936
0.8948651242760356
0.8949178123112549
0.895269224759156
0.8959099516924713
0.8968304493326326
0.89802104957379
0.8994719563913105
0.9011732310290368
0.9031147674800678
0.9052862594668013
0.9076771598735228
0.9102766333814875
0.9130735028966336
0.9160561902318993
0.9192126514157111
0.9225303069308151
0.925995967147712
0.9295957532051243
0.933315013593575
0.9371382367377351
0.9410489599225456
0.9450296749977622
0.9490617313969794
0.9531252371488315
0.9571989587204519
0.961260220731516
0.9652848068066071
0.969246863094375
0.9731188062820633
0.9768712382582867
0.9804728699400032
0.9838904571647404
0.9870887519533436
0.9900304728667926
0.9926762985918656
0.9949848892861778
0.996912940562451
0.9984152752793228
0.9994449784883734
0.9999535809356819
0.9998912963896731
0.9992073177151616
0.9978501759996534
0.9957681661117914
0.9929098407975276
0.9892245737670107
0.9846631901789364
0.979178660496856
0.9727268508991529
0.9652673203441526
0.9567641511109316
0.9471867962988079
0.9365109245463099
0.9247192393246478
