201
0.13316713301058425
0.0643228613115866
0.01932353423519868
0.0007016064241566694
0.006280166559334662
0.030624455961897796
0.06720603674399654
0.11010848349901173
0.1548362995137951
0.19840543064786037
0.23907372050417613
0.2759819623690496
0.3088384925058606
0.3376862322762617
0.3627470369693422
0.38432468441366635
0.4027478537657921
0.41833865728537484
0.43139675823636686
0.44219262413805605
0.4509659108269598
0.45792656724264247
0.46325724982198563
0.46711624474420166
0.4696404603668132
0.47094826561069736
0.4711420725026048
0.4703106293494392
0.46853102744053576
0.4658704421884821
0.4623876371824136
0.45813426147864816
0.45315596929151186
0.4474933887023714
0.44118296288460984
0.43425768419938265
0.42674773851870595
0.41868107444206026
0.41008390966918973
0.4009811847190112
0.3913969723656375
0.3813548495969866
0.37087823754373217
0.3599907136317283
0.3487162991689188
0.3370797246529534
0.32510667425026285
0.31282401016156597
0.3002599769056207
0.28744438495148433
0.27440877258357466
0.26118654439282457
0.24781308438226443
0.23432584132884704
0.22076438378204874
0.2071704219289325
0.19358779348806499
0.18006241087892597
0.1666421670986491
0.1533767981041459
0.14031769998709642
0.12751769989391393
0.1150307804561091
0.10291175845822359
0.0912159195558084
0.07999861205552301
0.06931480402604298
0.05921860930157965
0.04976278920042617
0.040998237971935775
0.03297346102331274
0.025734055837807846
0.019322206077961254
0.013776199674785957
0.009129981650837534
0.005412752024663013
0.0026486183733790986
0.0008563115028924367
4.8971232420750264e-05
0.00023400758057555058
0.0014130407169072566
0.0035819209908989694
0.00673082825347558
0.010844447633832232
0.015902217008629715
0.021878639679722686
0.028743654321940794
0.03646305312557311
0.04499893826546881
0.05431020639359031
0.06435305077141922
0.07508147090487778
0.08644778007864103
0.09840310198547825
0.11089784861254569
0.12388217267492747
0.13730638908501858
0.151121361174479
0.16527884860060055
0.1797318150243756
0.19443469471692787
0.20934361819865885
0.22441659785101128
0.2396136751188173
0.2548970314901817
0.27023106583858514
0.28558244103286073
0.3009201028717371
0.3162152745138479
0.3314414295373374
0.34657424671541665
0.3615915494464272
0.37647323261428484
0.39120117944082106
0.4057591706807159
0.4201327882654445
0.43430931527325917
0.44827763386628966
0.46202812261228954
0.47555255440022304
0.4888439959551803
0.501896709785726
0.5147060592236988
0.5272684170791397
0.5395810782960603
0.5516421768893909
0.5634506073368317
0.5750059505262641
0.5863084042828377
0.5973587184419683
0.6081581343939896
0.6187083289785889
0.629011362586738
0.6390696313010182
0.6488858228878857
0.6584628764513147
0.6678039455414467
0.676912364517412
0.68579161796045
0.6944453129350028
0.7028771539017481
0.7110909200950082
0.7190904451762866
0.7268795989960969
0.7344622712925242
0.7418423571718333
0.7490237442223826
0.7560103011245766
0.7628058676239222
0.7694142457490425
0.7758391921612409
0.7820844115297049
0.7881535508379826
0.7940501945316566
0.7997778604251139
0.8053399962917892
0.8107399770695721
0.8159811026169306
0.8210665959621084
0.8259996019938401
0.8307831865420594
0.835420335808463
0.8399139561048679
0.844266873863017
0.8484818358841386
0.8525615097978474
0.8565084847033668
0.8603252719694842
0.8640143061710045
0.8675779461414527
0.8710184761259246
0.8743381070168895
0.87753897765891
0.8806231562104148
0.883592641550531
0.8864493647213123
0.8891951903956186
0.891831918364252
0.8943612850339968
0.8967849649308763
0.8991045722036338
0.9013216621218233
0.9034377325657061
0.9054542255030089
0.9073725284505295
0.9091939759174835
0.9109198508285824
0.9125513859248876
0.9140897651410227
0.9155361249575842
0.9168915557273731
0.9181571029750426
0.9193337686699027
0.9204225124706152
0.9214242529424329
0.9223398687465462
0.9231701998015271
0.9239160484171721
0.924578180401039
0.9251573261378032
0.9256541816421168
