201
1.8596235662471372e-15
6.869504964868156e-16
4.4825254619240695e-15
4.538036613155327e-15
3.594347042223944e-15
8.180955912706622e-15
1.1123046927963287e-14
7.153999614928352e-15
1.0345890810725678e-14
3.3237301799715624e-15
-5.398459457239824e-15
4.218847493575595e-15
6.564193633096238e-15
1.63202784619898e-14
-6.38378239159465e-15
3.469446951953614e-15
4.85722573273506e-14
3.7192471324942744e-15
1.3808398868775384e-14
-2.8449465006019636e-15
-3.2890357104520263e-15
-7.202571872255703e-15
1.5654144647214707e-14
9.728329253277934e-15
5.9119376061289586e-15
-2.9698465908722937e-15
-9.908740494779522e-15
1.1962653090336062e-14
-2.0539125955565396e-15
-7.355227538141662e-15
8.049116928532385e-16
-5.10702591327572e-15
-1.5140666498325572e-14
5.551115123125783e-15
-1.1102230246251565e-15
4.829470157119431e-15
3.58046925441613e-15
-5.218048215738236e-15
7.355227538141662e-16
-5.245803791353865e-15
5.662137425588298e-15
1.7208456881689926e-15
-1.6653345369377348e-16
-1.27675647831893e-15
6.966649479522857e-15
-9.409140133698202e-15
-4.440892098500626e-16
-5.384581669432009e-15
2.4147350785597155e-15
-2.914335439641036e-15
1.915134717478395e-15
5.551115123125783e-17
-3.3306690738754696e-16
-2.3869795029440866e-15
1.8318679906315083e-15
3.219646771412954e-15
-2.7755575615628914e-17
6.938893903907228e-16
7.327471962526033e-15
4.996003610813204e-16
-7.355227538141662e-15
1.5543122344752192e-15
-2.6367796834847468e-15
5.273559366969494e-16
-3.7192471324942744e-15
-1.0769163338864018e-14
-5.273559366969494e-16
7.993605777301127e-15
-3.9968028886505635e-15
7.549516567451064e-15
2.3869795029440866e-15
4.3576253716537394e-15
5.6066262743570405e-15
-4.163336342344337e-15
4.996003610813204e-16
1.0658141036401503e-14
-1.4210854715202004e-14
-1.1879386363489175e-14
-1.7763568394002505e-15
-2.55351295663786e-15
-1.942890293094024e-15
-1.3711254354120683e-14
-7.049916206369744e-15
4.773959005888173e-15
3.164135620181696e-15
-1.3211653993039363e-14
2.6645352591003757e-15
-1.4432899320127035e-15
-4.440892098500626e-16
-1.3322676295501878e-15
-3.885780586188048e-15
8.548717289613705e-15
1.7763568394002505e-15
3.219646771412954e-15
-4.9404924595819466e-15
1.915134717478395e-14
-1.942890293094024e-15
-1.1046719095020308e-14
-1.0935696792557792e-14
5.551115123125783e-17
-3.219646771412954e-15
-9.603429163007604e-15
1.1657341758564144e-15
-2.275957200481571e-15
5.773159728050814e-15
-1.2878587085651816e-14
3.219646771412954e-15
1.5432100042289676e-14
2.4868995751603507e-14
1.2212453270876722e-15
8.659739592076221e-15
-3.3306690738754696e-15
3.3306690738754696e-15
-9.103828801926284e-15
6.439293542825908e-15
-1.1879386363489175e-14
-1.1102230246251565e-15
7.771561172376096e-15
-5.329070518200751e-15
1.9206858326015208e-14
6.8833827526759706e-15
3.9968028886505635e-15
7.771561172376096e-16
-7.771561172376096e-16
1.5543122344752192e-15
7.438494264988549e-15
-4.884981308350689e-15
1.4432899320127035e-15
8.548717289613705e-15
7.438494264988549e-15
-1.4099832412739488e-14
8.881784197001252e-16
1.4765966227514582e-14
3.219646771412954e-15
2.4424906541753444e-15
-3.774758283725532e-15
-1.2212453270876722e-15
3.3306690738754696e-15
5.440092820663267e-15
-4.9960036108132044e-15
1.4432899320127035e-15
5.551115123125783e-15
-1.1102230246251565e-16
-5.662137425588298e-15
-9.547918011776346e-15
-3.885780586188048e-15
-8.548717289613705e-15
9.103828801926284e-15
3.1086244689504383e-15
-4.6629367034256575e-15
2.6645352591003757e-15
-1.0436096431476471e-14
1.6653345369377348e-15
9.103828801926284e-15
9.769962616701378e-15
8.881784197001252e-16
2.220446049250313e-16
-4.218847493575595e-15
-6.661338147750939e-16
-1.1435297153639112e-14
-5.551115123125783e-15
-2.220446049250313e-15
-5.329070518200751e-15
5.329070518200751e-15
8.881784197001252e-16
-1.3655743202889425e-14
4.884981308350689e-15
-2.7755575615628914e-15
-6.772360450213455e-15
8.215650382226158e-15
6.772360450213455e-15
4.884981308350689e-15
2.3314683517128287e-15
4.440892098500626e-15
-9.325873406851315e-15
3.1086244689504383e-15
4.9960036108132044e-15
-5.440092820663267e-15
-6.106226635438361e-15
4.9960036108132044e-15
-2.55351295663786e-15
-1.7763568394002505e-15
-2.220446049250313e-15
3.3306690738754696e-16
-1.4876988529977098e-14
7.327471962526033e-15
2.55351295663786e-15
5.551115123125783e-15
2.220446049250313e-16
-9.103828801926284e-15
-1.2434497875801753e-14
-1.0547118733938987e-14
4.551914400963142e-15
4.107825191113079e-15
6.8833827526759706e-15
-2.1094237467877974e-15
-1.4432899320127035e-15
-5.551115123125783e-15
-1.9984014443252818e-15
3.4416913763379853e-15
-7.438494264988549e-15
