201
-1.1324274851176597e-14
-4.829470157119431e-15
5.329070518200751e-15
5.88418203051333e-15
2.120525977034049e-14
9.43689570931383e-15
-1.2545520178264269e-14
-1.4988010832439613e-15
8.382183835919932e-15
-6.994405055138486e-15
-9.103828801926284e-15
2.3869795029440866e-14
1.3877787807814457e-14
1.587618925213974e-14
6.8833827526759706e-15
4.884981308350689e-15
8.193445921733655e-14
6.661338147750939e-16
1.0769163338864018e-14
2.6645352591003757e-15
1.2545520178264269e-14
-8.548717289613705e-15
1.4210854715202004e-14
2.220446049250313e-15
-1.7985612998927536e-14
-1.2212453270876722e-14
-2.275957200481571e-14
-8.881784197001252e-16
7.771561172376096e-16
-1.7763568394002505e-15
2.55351295663786e-15
-1.1879386363489175e-14
7.771561172376096e-16
2.220446049250313e-16
-2.886579864025407e-15
-7.882583474838611e-15
-7.771561172376096e-16
2.886579864025407e-15
-7.549516567451064e-15
4.773959005888173e-15
-2.886579864025407e-15
2.55351295663786e-15
-7.771561172376096e-16
7.327471962526033e-15
4.773959005888173e-15
1.7763568394002505e-15
4.773959005888173e-15
0.0
-3.9968028886505635e-15
-3.4416913763379853e-15
-5.551115123125783e-16
-6.661338147750939e-16
-8.881784197001252e-15
3.4416913763379853e-15
-2.55351295663786e-15
3.9968028886505635e-15
1.9984014443252818e-15
-1.9984014443252818e-15
-5.88418203051333e-15
-7.771561172376096e-16
1.9984014443252818e-15
-1.1102230246251565e-15
-6.661338147750939e-16
-2.3314683517128287e-15
-1.1102230246251565e-16
-5.218048215738236e-15
-2.886579864025407e-15
-1.5543122344752192e-15
2.3314683517128287e-15
-6.661338147750939e-16
2.6645352591003757e-15
3.9968028886505635e-15
-9.992007221626409e-16
5.551115123125783e-16
2.3314683517128287e-15
2.886579864025407e-15
-3.774758283725532e-15
-8.881784197001252e-15
1.7763568394002505e-15
3.774758283725532e-15
-4.3298697960381105e-15
-5.662137425588298e-15
-2.3314683517128287e-15
4.107825191113079e-15
2.55351295663786e-15
-7.771561172376096e-15
1.4432899320127035e-15
3.6637359812630166e-15
-4.3298697960381105e-15
-3.219646771412954e-15
-4.218847493575595e-15
2.220446049250313e-15
-1.887379141862766e-15
3.219646771412954e-15
3.219646771412954e-15
7.771561172376096e-15
2.886579864025407e-15
-8.770761894538737e-15
-4.884981308350689e-15
-3.6637359812630166e-15
-1.4432899320127035e-15
-7.771561172376096e-16
-3.3306690738754696e-16
1.1102230246251565e-16
-2.220446049250313e-16
-1.9984014443252818e-15
-3.3306690738754696e-15
1.3322676295501878e-15
1.6209256159527285e-14
1.2212453270876722e-15
-4.440892098500626e-16
8.881784197001252e-16
1.9984014443252818e-15
2.1094237467877974e-15
-1.3322676295501878e-15
-7.216449660063518e-15
-6.661338147750939e-16
0.0
-1.6653345369377348e-15
-3.3306690738754696e-16
3.1086244689504383e-15
-5.551115123125783e-15
1.887379141862766e-15
-1.6653345369377348e-15
3.219646771412954e-15
1.9984014443252818e-15
-2.4424906541753444e-15
-6.772360450213455e-15
2.6645352591003757e-15
-4.440892098500626e-16
-2.886579864025407e-15
-1.5543122344752192e-15
2.6645352591003757e-15
1.9984014443252818e-15
-4.3298697960381105e-15
-4.440892098500626e-16
3.9968028886505635e-15
-4.440892098500626e-16
5.551115123125783e-16
-5.662137425588298e-15
2.7755575615628914e-15
4.107825191113079e-15
-2.220446049250313e-16
-3.3306690738754696e-16
-4.6629367034256575e-15
-5.551115123125783e-16
-4.440892098500626e-16
1.1102230246251565e-16
-8.881784197001252e-16
-3.774758283725532e-15
-2.55351295663786e-15
-2.6645352591003757e-15
3.3306690738754696e-16
2.1094237467877974e-15
-1.2212453270876722e-15
1.1102230246251565e-15
2.4424906541753444e-15
-7.771561172376096e-15
-2.4424906541753444e-15
3.9968028886505635e-15
-2.220446049250313e-16
-6.106226635438361e-15
-1.1102230246251565e-16
3.774758283725532e-15
-3.4416913763379853e-15
-1.2323475573339238e-14
-2.220446049250313e-15
3.4416913763379853e-15
-7.771561172376096e-16
-4.440892098500626e-16
2.886579864025407e-15
-1.6653345369377348e-15
3.552713678800501e-15
5.551115123125783e-16
-3.3306690738754696e-15
-6.328271240363392e-15
-2.55351295663786e-15
8.881784197001252e-16
5.662137425588298e-15
-1.6653345369377348e-15
-2.220446049250313e-16
-1.0325074129013956e-14
1.7430501486614958e-14
1.887379141862766e-15
-2.3314683517128287e-15
-1.5765166949677223e-14
-1.1002310174035301e-13
-1.8096635301390052e-14
5.551115123125783e-16
7.105427357601002e-15
4.141131881851834e-14
-8.659739592076221e-15
-5.1736392947532295e-14
-3.552713678800501e-15
-1.0547118733938987e-14
1.4099832412739488e-14
3.4416913763379853e-15
5.995204332975845e-15
-3.4416913763379853e-15
-9.992007221626409e-16
-1.7763568394002505e-15
