201
0.5869985420340091
0.5820524497382893
0.5771098701320454
0.5721701615387378
0.5672328394468069
0.5622975537612019
0.557364070126508
0.5524322544567221
0.54750206001311
0.5425735165256209
0.5376467209675351
0.5327218296753372
0.5277990515742378
0.5228786423157217
0.5179608991741539
0.5130461565766331
0.5081347821664262
0.5032271733160295
0.49832375402389195
0.4934249721354695
0.48853129684614244
0.4836432164429497
0.4787612362557466
0.47388587678833305
0.4690176720075829
0.4641571677701878
0.45930492037088055
0.4544614951972077
0.44962746547948995
0.4448034111249852
0.43998991762692347
0.4351875750422532
0.4303969770287994
0.42561871993871975
0.420853401961366
0.41610162231193015
0.41136398046256245
0.4066410754111788
0.40193350498667485
0.39724186518676985
0.3925667495479426
0.3879087485427801
0.3832684490059358
0.37864643358552336
0.37404328021938515
0.3694595616338568
0.36489584486590254
0.36035269080641086
0.35583065376390427
0.3513302810482705
0.3468521125743448
0.34239668048316696
0.33796450878264006
0.33355611300495974
0.3291719998823724
0.32481266703850337
0.32047860269792067
0.31617028541047754
0.3118881837926123
0.30763275628352993
0.3034044509175328
0.2992037051107996
0.2950309454629961
0.2908865875741606
0.28677103587506303
0.28268468347202913
0.2786279120057713
0.2746010915237042
0.2706045803649186
0.2666387250598297
0.26270386024071624
0.2588003085665148
0.25492838065922646
0.25108837505218146
0.24728057815062146
0.24350526420399815
0.23976269528862484
0.23605312130229814
0.23237677996960868
0.22873389685710985
0.22512468539898708
0.22154934693308867
0.21800807074562456
0.21450103412621263
0.21102840243114718
0.20759032915583148
0.20418695601551343
0.20081841303426057
0.197484818641382
0.19418627977590538
0.1909228919980659
0.1876947396076903
0.18450189576885215
0.18134442264190478
0.17822237152005677
0.1751357829731395
0.1720846869956683
0.1690691031607464
0.16608904077831918
0.16314449905854642
0.1602354672788245
0.15736192495533302
0.154523842017852
0.15172117898854254
0.14895388716325048
0.14622190879643754
0.14352517728802167
0.14086361737352485
0.13823714531539674
0.13564566909703774
0.13308908861809243
0.1305672958914262
0.12808017524122042
0.12562760350219596
0.12320945021947814
0.1208255778494133
0.11847584196048344
0.1161600914347633
0.11387816866920898
0.1116299097769788
0.10941514478855774
0.10723369785244342
0.10508538743513424
0.10297002652064152
0.10088742280917405
0.09883737891458243
0.0968196925613134
0.09483415677967895
0.09288056010014013
0.09095868674626048
0.08906831682628492
0.0872092265229478
0.08538118828212828
0.08358397099978082
0.08181734020704169
0.08008105825389565
0.07837488449111675
0.07669857545023884
0.07505188502238883
0.07343456463457276
0.07184636342494748
0.07028702841622815
0.06875630468715024
0.06725393554260703
0.06577966268218381
0.06433322636717562
0.06291436558599822
0.061522818218448405
0.06015832119869772
0.05882061067694014
0.05750942218029321
0.05622449077253795
0.054965551213151755
0.05373233811589376
0.05252458610675877
0.051342029981746216
0.05018440486461207
0.04905144636481021
0.0479428907356227
0.04685847503325048
0.04579793727657579
0.04476101660822406
0.043747453457157075
0.0427569897030014
0.04178936884273689
0.040844336159747086
0.03992163889605773
0.03902102642768875
0.03814225044421669
0.03728506513228165
0.036449227364133086
0.035634496891631125
0.03484063654591752
0.03406741244392225
0.03331459420196483
0.03258195515706163
0.031869272597217994
0.031176328000674332
0.03050290728547263
0.029848801070056163
0.029213804945489544
0.02859771976067126
0.02800035192101006
0.02742151370205675
0.026861023578456236
0.0263187065700414
0.025794394605401078
0.025287926904584274
0.024799150381627107
0.024327920068385703
0.02387409956037307
0.023437561486064486
0.02301818800035934
0.022615871303450354
0.022230514185723443
0.021862030599689494
0.021510346259352577
0.021175399267536248
0.020857140771268635
0.020555535645093402
0.020270563201691533
