201
0.31957065587237476
0.3197581942115576
0.31994406314851076
0.3201282657283043
0.3203108050927859
0.3204916844767705
0.3206709072040436
0.3208484766838077
0.3210243964069558
0.32119866994272755
0.3213713009353382
0.3215422931006795
0.3217116502233607
0.32187937615353657
0.32204547480413004
0.3222099501479706
0.3223728062151038
0.32253404709012545
0.3226936769097512
0.3228516998602722
0.3230081201752641
0.3231629421332906
0.32331617005567764
0.3234678083044391
0.3236178612801401
0.323766333420038
0.32391322919600946
0.32405855311280024
0.32420230970625075
0.3243445035414425
0.32448513921120525
0.32462422133435814
0.3247617545541698
0.32489774353691836
0.325032192970407
0.3251651075625295
0.3252964920399026
0.32542635114663193
0.32555468964294926
0.32568151230404324
0.3258068239188603
0.32593062928898087
0.32605293322750395
0.32617374055788617
0.3262930561131152
0.32641088473455804
0.3265272312710261
0.32664210057789966
0.3267554975161674
0.3268674269516236
0.32697789375399444
0.32708690279613034
0.32719445895325094
0.32730056710220956
0.3274052321207483
0.3275084588867532
0.3276102522776745
0.32771061716981204
0.3278095584377214
0.32790708095357524
0.3280031895866369
0.3280978892026104
0.32819118466323555
0.32828308082559043
0.3283735825417849
0.3284626946583151
0.3285504220156631
0.32863676944785697
0.3287217417820383
0.32880534383802323
0.32888758042792754
0.3289684563557784
0.32904797641711125
0.32912614539864815
0.3292029680779869
0.32927844922316757
0.32935259359253344
0.3294254059342006
0.3294968909859602
0.32956705347490034
0.32963589811722643
0.3297034296178657
0.3297696526703525
0.3298345719565293
0.3298981921463503
0.329960517897641
0.330021553855948
0.33008130465421465
0.3301397749127447
0.33019696923900943
0.330252892227313
0.3303075484587931
0.3303609425012959
0.33041307890903016
0.3304639622226317
0.33051359696891225
0.3305619876608196
0.33060913879722087
0.330655054862845
0.3306997403282351
0.3307431996495056
0.3307854372683816
0.3308264576120614
0.33086626509308614
0.3309048641093584
0.3309422590439912
0.33097845426529526
0.3310134541266634
0.33104726296652814
0.3310798851083633
0.3311113248605951
0.3311415865164896
0.3311706743542583
0.33119859263687285
0.33122534561216804
0.3312509375126808
0.33127537255573497
0.33129865494337585
0.33132078886231575
0.33134177848399626
0.3313616279645116
0.33138034144462925
0.3313979230497812
0.3314143768900194
0.33142970706012825
0.33144391763947684
0.33145701269216643
0.33146899626691917
0.3314798723971733
0.3314896451010171
0.3314983183813141
0.3315058962256076
0.3315123826062075
0.33151778148016775
0.33152209678934125
0.33152533246037924
0.3315274924048026
0.3315285805189981
0.3315286006841984
0.33152755676663115
0.33152545261745114
0.33152229207279205
0.3315180789538472
0.33151281706687075
0.3315065102032062
0.33149916213939035
0.33149077663709847
0.33148135744327273
0.33147090829009446
0.33145943289509044
0.3314469349611522
0.3314334181765503
0.331418886215053
0.33140334273593136
0.3313867913839695
0.33136923578961874
0.3313506795689423
0.3313311263237325
0.331310579641551
0.3312890430957571
0.3312665202455972
0.3312430146361883
0.331218529798743
0.33119306925038194
0.3311666364944289
0.3311392350202208
0.33111086830344666
0.33108153980596394
0.3310512529759821
0.33102001124809993
0.330987818043372
0.3309546767692734
0.33092059081992986
0.33088556357607224
0.3308495984050245
0.3308126986609856
0.3307748676848558
0.3307361088044356
0.33069642533447163
0.330655820576654
0.33061429781975316
0.33057186033965186
0.3305285113993671
0.3304842542492065
0.3304390921267346
0.3303930282569061
0.3303460658520963
0.33029820811215627
0.3302494582244773
0.3301998193640946
0.33014929469368537
0.33009788736370815
0.3300456005123767
0.32999243726581107
0.3299384007380588
0.3298834940311084
0.32982772023506635
0.3297710824280995
0.32971358367663295
0.3296552270352471
0.32959601554690576
