201
0.9909521092873309
0.9912256256695476
0.9914878083481001
0.9917388935086862
0.9919791010482664
0.9922086342163718
0.9924276791394716
0.9926364042142319
0.9928349593527407
0.9930234750596554
0.9932020613174204
0.9933708062512434
0.9935297745401002
0.9936790055333077
0.9938185110247431
0.9939482726264108
0.994068238672102
0.9941783205668691
0.9942783884804667
0.9943682662611499
0.9944477254186515
0.9945164779914044
0.9945741680702842
0.994620361697769
0.994654534793014
0.994676058667152
0.9946841825821658
0.9946780126639143
0.9946564862947282
0.9946183408696174
0.9945620754825379
0.9944859036890921
0.9943876949315879
0.9942649014583379
0.9941144665468136
0.9939327084400887
0.9937151724709442
0.993456441145741
0.9931498881438412
0.9927873567377169
0.9923587352540666
0.9918513906393631
0.9912494040095559
0.9905325261202658
0.9896747308774567
0.9886421828102545
0.98739033540217
0.9858597162607761
0.9839696878021211
0.9816090175102443
0.9786212990058507
0.9747818455742844
0.9697600664611012
0.9630564053888592
0.9538934032336412
0.9410218929423434
0.9223679963831153
0.8943875094714087
0.8509507172554138
0.78193055857288
0.6745363563350678
0.5321281144198273
0.42601376742477015
0.45801844319855106
0.5835128777279066
0.7026843316318778
0.7865535028323387
0.8417440498318873
0.8783342338337234
0.9033080076623246
0.9209226944414204
0.9337374858888555
0.9433204375071254
0.9506603390815159
0.9563998979920049
0.9609691529758766
0.9646636229038068
0.9676913535498072
0.970202032949991
0.9723054911243681
0.9740837473798749
0.975599035730758
0.9768992636137458
0.9780217963302478
0.978996127042507
0.9798457909917029
0.9805897582743683
0.9812434610922088
0.9818195609752491
0.9823285284937672
0.9827790860314989
0.983178549371402
0.9835330936883608
0.9838479624894907
0.9841276330816306
0.9843759486155051
0.9845962242159645
0.9847913328613569
0.9849637753186994
0.9851157374377424
0.985249137355283
0.9853656645961734
0.9854668126267325
0.9855539060884945
0.9856281236861473
0.9856905175073314
0.9857420293984961
0.9857835049006042
0.985815705153269
0.9858393171002992
0.9858549622694626
0.9858632043506921
0.9858645557579975
0.985859483328754
0.9858484132882814
0.9858317355865294
0.9858098076967894
0.9857829579514497
0.9857514884790485
0.9857156777961391
0.9856757831001417
0.9856320423020928
0.9855846758328777
0.9855338882513719
0.9854798696793706
0.9854227970842491
0.985362835427873
0.9853001386975269
0.9852348508326738
0.9851671065594763
0.9850970321435552
0.985024746070155
0.9849503596595833
0.9848739776250393
0.9847956985789739
0.9847156154933612
0.984633816118694
0.9845503833659619
0.9844653956552949
0.9843789272346761
0.9842910484715748
0.9842018261202438
0.984111323566894
0.9840196010549495
0.9839267158921405
0.9838327226413105
0.9837376732960521
0.9836416174430189
0.983544602411617
0.9834466734126389
0.9833478736664033
0.9832482445215702
0.983147825565301
0.9830466547255475
0.9829447683660346
0.9828422013746987
0.9827389872459008
0.9826351581570825
0.9825307450402698
0.9824257776487201
0.9823202846192635
0.9822142935305278
0.9821078309574427
0.9820009225222264
0.9818935929422228
0.9817858660746968
0.9816777649589414
0.9815693118557512
0.9814605282845523
0.9813514350583441
0.9812420523165288
0.9811323995559043
0.9810224956597606
0.9809123589254646
0.9808020070903437
0.9806914573562184
0.9805807264125916
0.980469830458454
0.9803587852230848
0.9802476059855849
0.9801363075934799
0.9800249044802924
0.9799134106822452
0.9798018398540744
0.9796902052840457
0.979578519908248
0.9794667963241412
0.9793550468034791
0.9792432833045083
0.9791315174837185
0.9790197607069121
0.9789080240598524
0.9787963183582993
0.9786846541576706
0.9785730417622398
0.9784614912338978
0.97835001240054
0.9782386148640495
0.9781273080079861
0.9780161010048659
0.977905002823204
