201
0.8813838613672708
0.8850661104581944
0.8886365281216653
0.8920987882501098
0.8954564343173641
0.8987128836774174
0.901871431803109
0.9049352564511267
0.9079074217466643
0.9107908821770166
0.9135884864909716
0.9163029814976282
0.9189370157622201
0.9214931431963642
0.9239738265404736
0.9263814407392612
0.9287182762087977
0.9309865419961919
0.9331883688332807
0.9353258120847352
0.93740085459318
0.9394154094228431
0.9413713225033307
0.9432703751778928
0.945114286655361
0.9469047163716493
0.9486432662614126
0.9503314829429031
0.9519708598193946
0.9535628390990942
0.9551088137367998
0.9566101292995532
0.9580680857595797
0.9594839392160093
0.96085890354954
0.9621941520109036
0.9634908187469831
0.9647500002657793
0.9659727568436101
0.9671601138761544
0.9683130631756405
0.9694325642164613
0.9705195453312155
0.9715749048590119
0.9725995122482208
0.973594209115322
0.9745598102616444
0.9754971046497314
0.9764068563412397
0.9772898053974498
0.9781466687443015
0.9789781410033811
0.9797848952900704
0.9805675839804985
0.981326839448344
0.9820632747727256
0.9827774844188112
0.9834700448915047
0.9841415153641497
0.9847924382826595
0.9854233399464511
0.9860347310669633
0.986627107304856
0.9872009497864327
0.9877567256006687
0.9882948882771714
0.98881587824597
0.989320123280192
0.9898080389217988
0.9902800288915782
0.9907364854837255
0.9911777899456788
0.9916043128439808
0.9920164144165438
0.9924144449119348
0.99279874491627
0.9931696456681522
0.9935274693619326
0.993872529440526
0.9942051308769246
0.9945255704460979
0.9948341369870586
0.9951311116553845
0.9954167681669963
0.9956913730331824
0.9959551857873346
0.9962084592038659
0.9964514395092801
0.9966843665860114
0.9969074741693269
0.9971209900371555
0.997325136193654
0.9975201290464117
0.9977061795775863
0.9978834935093717
0.9980522714637778
0.9982127091171425
0.998364997349426
0.9985093223886385
0.9986458659504154
0.998774805373064
0.9988963137482476
0.9990105600472958
0.9991177092436031
0.9992179224309842
0.9993113569382717
0.9993981664403977
0.99947850106577
0.9995525075004994
0.9996203290892591
0.9996821059330445
0.9997379749840194
0.9997880701373595
0.9998325223204316
0.9998714595792412
0.9999050071622593
0.9999332876019636
0.9999564207938034
0.9999745240729486
0.9999877122889023
0.9999960978779071
0.9999997909333675
0.9999988992743146
0.9999935285119694
0.9999837821145612
0.9999697614703218
0.9999515659488909
0.9999292929611215
0.9999030380173155
0.9998728947840105
0.9998389551393794
0.9998013092272551
0.9997600455099056
0.9997152508195202
0.9996670104085776
0.9996154079990844
0.999560525830691
0.9995024447078703
0.9994412440460874
0.9993770019170666
0.9993097950931564
0.9992396990909691
0.9991667882141285
0.9990911355954373
0.9990128132382057
0.9989318920571261
0.9988484419184234
0.9987625316795659
0.9986742292284156
0.9985836015220254
0.9984907146249473
0.9983956337472355
0.9982984232821861
0.9981991468437312
0.9980978673037333
0.9979946468290133
0.9978895469184084
0.9977826284396302
0.9976739516662247
0.9975635763145472
0.9974515615808445
0.9973379661784927
0.9972228483755163
0.9971062660322535
0.9969882766395612
0.9968689373572722
0.9967483050532229
0.9966264363427579
0.9965033876290093
0.9963792151436999
0.9962539749888573
0.9961277231793737
0.9960005156865529
0.9958724084826915
0.9957434575868467
0.9956137191118974
0.9954832493129685
0.9953521046374305
0.9952203417764568
0.9950880177184641
0.9949551898044235
0.9948219157852961
0.9946882538817234
0.9945542628461785
0.9944200020277407
0.9942855314397057
0.9941509118303375
0.9940162047568563
0.9938814726630565
0.99374677896075
0.9936121881154096
0.9934777657362506
0.9933435786711625
0.9932096951069025
0.9930761846748464
0.9929431185629074
0.9928105696339261
0.9926786125512399
0.9925473239118685
0.9924167823879662
0.9922870688773495
