201
-5.10702591327572e-15
-4.551914400963142e-15
-2.5868196473766147e-14
-7.771561172376096e-15
-4.884981308350689e-15
4.163336342344337e-14
2.8754776337791554e-14
8.104628079763643e-15
2.609024107869118e-14
5.551115123125783e-15
8.770761894538737e-15
1.176836406102666e-14
3.1086244689504383e-15
-2.4868995751603507e-14
-2.4424906541753444e-14
-1.6431300764452317e-14
1.1879386363489175e-14
-3.4416913763379853e-15
-1.0880185641326534e-14
-2.020605904817785e-14
1.1102230246251565e-15
9.103828801926284e-15
6.994405055138486e-15
3.3306690738754696e-15
-8.215650382226158e-15
-1.887379141862766e-15
-6.661338147750939e-15
1.3211653993039363e-14
4.218847493575595e-15
9.769962616701378e-15
-8.43769498715119e-15
4.3298697960381105e-15
4.285460875053104e-14
9.658940314238862e-15
2.0095036745715333e-14
-5.995204332975845e-15
1.1879386363489175e-14
-2.930988785010413e-14
6.106226635438361e-15
-1.3766765505351941e-14
8.215650382226158e-15
-7.771561172376096e-15
3.0531133177191805e-14
5.88418203051333e-15
-2.220446049250313e-16
1.4876988529977098e-14
-4.218847493575595e-15
-7.993605777301127e-15
-7.438494264988549e-15
-3.774758283725532e-15
1.9761969838327786e-14
-3.3306690738754696e-15
-5.773159728050814e-15
9.769962616701378e-15
-1.1102230246251565e-14
-3.3306690738754696e-15
4.6629367034256575e-15
-3.3306690738754696e-15
9.992007221626409e-16
-4.551914400963142e-15
2.220446049250313e-16
-1.5765166949677223e-14
-2.120525977034049e-14
-8.881784197001252e-15
-6.772360450213455e-15
6.661338147750939e-16
1.6431300764452317e-14
-1.6431300764452317e-14
4.3298697960381105e-15
8.659739592076221e-15
1.0547118733938987e-14
-8.548717289613705e-15
5.773159728050814e-15
-1.609823385706477e-14
1.0880185641326534e-14
8.770761894538737e-15
-9.992007221626409e-16
7.105427357601002e-15
4.107825191113079e-15
8.215650382226158e-15
6.106226635438361e-15
1.3877787807814457e-14
2.0095036745715333e-14
1.1102230246251565e-14
3.674838211509268e-14
1.176836406102666e-14
-4.4297898682543746e-14
1.8762769116165146e-14
1.609823385706477e-12
-1.1357581541915351e-13
-4.551914400963142e-15
-6.994405055138486e-15
-2.55351295663786e-14
-1.9206858326015208e-14
-3.397282455352979e-14
-3.4416913763379853e-15
1.4654943925052066e-14
-9.2148511043888e-15
1.7763568394002505e-15
-4.773959005888173e-15
0.0
-9.769962616701378e-15
-1.0325074129013956e-14
-2.886579864025407e-15
-4.107825191113079e-15
5.551115123125783e-16
-8.881784197001252e-16
-5.551115123125783e-15
2.3314683517128287e-15
1.4432899320127035e-15
1.4432899320127035e-15
5.995204332975845e-15
1.1435297153639112e-14
-2.220446049250313e-16
8.770761894538737e-15
6.772360450213455e-15
-5.88418203051333e-15
1.765254609153999e-14
3.774758283725532e-15
1.0325074129013956e-14
2.6645352591003757e-15
-2.4424906541753444e-15
8.548717289613705e-15
-3.1086244689504383e-15
1.2656542480726785e-14
1.1546319456101628e-14
1.0547118733938987e-14
1.554312234475219e-14
-2.3869795029440866e-14
-2.7755575615628914e-15
4.107825191113079e-15
1.3988810110276972e-14
-9.2148511043888e-15
1.0658141036401503e-14
-2.1094237467877974e-15
-2.6645352591003757e-15
1.099120794378905e-14
2.531308496145357e-14
-9.992007221626409e-16
-2.531308496145357e-14
3.1086244689504383e-15
-1.1879386363489175e-14
2.0650148258027912e-14
1.0658141036401503e-14
4.218847493575595e-15
-1.3322676295501878e-15
-1.4876988529977098e-14
1.509903313490213e-14
-3.885780586188048e-15
1.7208456881689926e-14
6.106226635438361e-15
1.942890293094024e-14
-1.4988010832439613e-14
-1.5543122344752192e-15
5.995204332975845e-15
1.3766765505351941e-14
-5.551115123125783e-16
1.3655743202889425e-14
-1.6209256159527285e-14
-1.9984014443252818e-15
-1.099120794378905e-14
8.215650382226158e-15
-1.4210854715202004e-14
-1.3877787807814457e-14
-1.176836406102666e-14
-4.6407322429331543e-14
-9.992007221626409e-15
-3.2529534621517087e-14
-9.992007221626409e-15
4.551914400963142e-15
4.3298697960381105e-15
-4.107825191113079e-15
2.2093438190040615e-14
1.865174681370263e-14
4.551914400963142e-15
1.7763568394002505e-15
1.021405182655144e-14
-6.217248937900877e-15
1.554312234475219e-14
4.107825191113079e-15
7.438494264988549e-15
9.992007221626409e-15
8.881784197001252e-15
-8.659739592076221e-15
4.9960036108132044e-15
-6.439293542825908e-15
1.4432899320127035e-15
-3.3306690738754696e-15
-1.2212453270876722e-15
6.8833827526759706e-15
1.0880185641326534e-14
-1.6653345369377348e-15
6.994405055138486e-15
3.885780586188048e-15
3.4416913763379853e-15
5.440092820663267e-15
-1.021405182655144e-14
6.661338147750939e-15
1.887379141862766e-15
1.2656542480726785e-14
-5.10702591327572e-15
