201
0.8394057738967393
0.8383898368035994
0.837262757057247
0.8360143727826498
0.8346329680246106
0.8331049878065463
0.8314146873337517
0.8295436972133323
0.8274704806669243
0.8251696506123715
0.8226111032024922
0.8197589085325517
0.8165698765867038
0.8129916837973702
0.8089603976993746
0.8043971659343823
0.7992037282370228
0.7932562445803338
0.7863966736299913
0.7784205222669116
0.7690591137453834
0.7579534030126557
0.7446144693627357
0.7283625368704265
0.7082306349192653
0.6828089866005888
0.6499893583442466
0.606544408305055
0.5474652645846735
0.4651191354183943
0.34931648987692016
0.19457042476112127
0.03737438106322218
0.026874095353873268
0.27600871148617956
0.581114906787679
0.7762611902220571
0.8763785514982363
0.9250811599300246
0.9484111319288923
0.9591574176687172
0.9634970433627643
0.9644991542554971
0.9637460111880218
0.9620815298088297
0.9599681838543175
0.9576641090923385
0.9553145160805314
0.953000600465561
0.9507665544796636
0.9486348966337838
0.9466153734796086
0.9447102263308851
0.9429173527155269
0.9412322232132048
0.9396490495568085
0.9381614957907558
0.9367631073971621
0.9354475649378501
0.9342088280211445
0.9330412107084483
0.9319394142866388
0.9308985338654587
0.929914049292019
0.9289818070764264
0.928097997587084
0.9272591302031603
0.9264620080933371
0.9257037036306067
0.9249815350251928
0.9242930444821242
0.923635978015071
0.9230082669370239
0.9224080109826163
0.9218334629770084
0.9212830149468739
0.9207551855597454
0.9202486087768139
0.9197620236083917
0.9192942648660244
0.9188442548138613
0.9184109956288365
0.9179935625880382
0.9175910979087332
0.9172028051743908
0.9168279442864727
0.9164658268881481
0.9161158122119651
0.915777303308059
0.9154497436147441
0.9151326138370526
0.9148254291023485
0.9145277363660007
0.9142391120422728
0.9139591598387493
0.9136875087747435
0.9134238113658972
0.9131677419597037
0.9129189952074396
0.9126772846601703
0.9124423414773755
0.9122139132379778
0.9119917628445552
0.9117756675126463
0.9115654178374156
0.9113608169311588
0.9111616796254707
0.9109678317326263
0.9107791093610472
0.9105953582805367
0.9104164333330897
0.9102421978854434
0.9100725233202506
0.9099072885625177
0.909746379638688
0.909589689265757
0.9094371164680883
0.9092885662197577
0.9091439491105962
0.9090031810339853
0.9088661828949715
0.9087328803370287
0.9086032034861712
0.9084770867112019
0.9083544683988428
0.9082352907427947
0.9081194995456247
0.9080070440326975
0.9078978766772681
0.9077919530359362
0.9076892315938231
0.9075896736187417
0.9074932430238846
0.9073999062382914
0.9073096320847098
0.9072223916643767
0.9071381582481487
0.9070569071737397
0.9069786157485517
0.9069032631577815
0.9068308303775068
0.9067613000924459
0.9066946566179681
0.9066308858263866
0.9065699750768776
0.9065119131492111
0.9064566901807728
0.9064042976067963
0.9063547281036304
0.9063079755348706
0.9062640349000811
0.9062229022860746
0.9061845748206432
0.9061490506283865
0.9061163287887302
0.9060864092959457
0.9060592930210799
0.9060349816755342
0.9060134777764928
0.9059947846138267
0.9059789062185191
0.9059658473325827
0.9059556133801996
0.9059482104402414
0.9059436452199341
0.905941925029702
0.9059430577590716
0.9059470518535246
0.9059539162925374
0.9059636605682679
0.9059762946653083
0.9059918290411297
0.9060102746074611
0.9060316427122892
0.9060559451225481
0.90608319400758
0.9061134019231548
0.9061465817960931
0.9061827469094819
0.9062219108883781
0.9062640876861242
0.9063092915710238
0.9063575371135351
0.9064088391739473
0.9064632128903497
0.9065206736670913
0.9065812371635514
0.9066449192833069
0.906711736163562
0.9067817041649556
0.9068548398615646
0.9069311600313454
0.9070106816466408
0.9070934218650637
0.9071793980205884
0.9072686276147888
0.9073611283083647
0.9074569179127854
0.9075560143821642
0.9076584358052335
0.9077642003975717
