201
0.44937097064250126
0.448912403389784
0.448476727549062
0.44806170420357244
0.4476653652844771
0.44728597350694826
0.4469219894613533
0.4465720443622422
0.4462349173156812
0.445909516226654
0.445594861662891
0.4452900731390701
0.44499435739502724
0.44470699832892324
0.4444273483113077
0.4441548206583875
0.44388888308363206
0.4436290519791454
0.443374887403535
0.44312598867523906
0.4428819904852636
0.4426425594584821
0.4424073911037196
0.44217620710038796
0.4419487528800631
0.44172479546477983
0.44150412153123697
0.4412865356731359
0.44107185883870836
0.44085992692293097
0.44065058949694563
0.4404437086588902
0.44023915799390045
0.44003682163013136
0.4398365933817989
0.43963837596941885
0.4394420803096792
0.4392476248678608
0.43905493506638504
0.4388639427443341
0.43867458566245576
0.43848680705018855
0.43830055518971756
0.4381157830345318
0.43793244785862595
0.43775051093415157
0.4375699372345456
0.43739069516108003
0.43721275629076195
0.43703609514385977
0.4368606889689216
0.43668651754472343
0.43651356299650323
0.4363418096265802
0.43617124375700694
0.43600185358431365
0.4358336290446208
0.4356665616886265
0.43550064456576615
0.43533587211654934
0.43517224007265953
0.43500974536421333
0.4348483860335697
0.4346881611550953
0.43452907076073094
0.43437111577064436
0.43421429792874716
0.434058619742578
0.43390408442767436
0.4337506958550995
0.43359845850351286
0.4334473774135653
0.4332974581460382
0.4331487067426456
0.43300112968948185
0.43285473388290646
0.4327095265979388
0.43256551545858585
0.43242270841015684
0.432281113693742
0.432140739822242
0.4320015955578036
0.4318636898912708
0.43172703202256035
0.4315916313426858
0.43145749741695943
0.43132463996918197
0.431193068867101
0.4310627941087936
0.43093382581003464
0.43080617419245604
0.43067984957261457
0.4305548623519587
0.43043122300706377
0.4303089420812102
0.4301880301759533
0.4300684979437718
0.4299503560809018
0.4298336153210158
0.4297182864291652
0.4296043801962265
0.42949190743385046
0.4293808789697827
0.42927130564341476
0.4291631983019799
0.4290565677967449
0.42895142497992117
0.42884778070125
0.42874564580563373
0.42864503113035884
0.4285459475029467
0.4284484057390441
0.42835241664058793
0.4282579909941908
0.4281651395696807
0.42807387311876754
0.42798420237397555
0.42789613804765125
0.4278096908311244
0.4277248713940225
0.4276416903837134
0.4275601584247975
0.4274802861188232
0.42740208404400265
0.42732556275508304
0.4272507327832956
0.4271776046363405
0.4271061887985191
0.4270364957309349
0.4269685358716952
0.42690231963617276
0.4268378574175171
0.4267751595870057
0.4267142364943558
0.42665509846855315
0.426597755818217
0.4265422188321367
0.42648849778020054
0.42643660291376645
0.426386544466576
0.42633833265546556
0.4262919776809915
0.42624748972852133
0.42620487896876047
0.4261641555587614
0.42612532964278743
0.42608841135310566
0.42605341081100073
0.42602033812762485
0.42598920340496327
0.4259600167367215
0.42593278820937486
0.4259075279031145
0.42588424589270857
0.42586295224865944
0.42584365703814153
0.4258263703259306
0.4258111021754464
0.4257978626498598
0.42578666181296637
0.4257775097303362
0.4257704164702639
0.42576539210472963
0.4257624467106503
0.42576159037065003
0.42576283317429314
0.4257661852189593
0.4257716566110651
0.42577925746687023
0.4257889979136644
0.4258008880908245
0.4258149381506543
0.4258311582596644
0.4258495585994092
0.4258701493675483
0.42589294077901496
0.42591794306678293
0.42594516648313396
0.4259746213005197
0.42600631781259485
0.4260402663353046
0.426076477207804
0.42611496079353073
0.4261557274811116
0.42619878768548947
0.4262441518487991
0.42629183044145064
0.4263418339630033
0.42639417294332405
0.42644885794333165
0.426505899556205
0.4265653084081776
0.4266270951596262
0.42669127050593275
0.4267578451785468
0.4268268299458768
0.4268982356142239
0.42697207302878937
0.42704835307461936
0.4271270866773874
0.42720828480461487
