201
3.885780586188048e-15
-3.1086244689504383e-15
4.440892098500626e-16
1.3322676295501878e-14
5.995204332975845e-15
7.771561172376096e-15
-1.2545520178264269e-14
6.5503158452884236e-15
-2.0095036745715333e-14
-4.218847493575595e-15
1.1546319456101628e-14
-2.4980018054066022e-14
-6.5503158452884236e-15
1.765254609153999e-14
-9.880984919163893e-15
9.992007221626409e-16
1.9317880628477724e-14
-4.9960036108132044e-15
4.884981308350689e-15
-1.0547118733938987e-14
-1.4765966227514582e-14
1.6542323066914832e-14
2.55351295663786e-15
6.106226635438361e-15
-1.1324274851176597e-14
1.1102230246251565e-15
4.218847493575595e-15
-1.0658141036401503e-14
-3.552713678800501e-15
1.099120794378905e-14
-2.1760371282653068e-14
-5.218048215738236e-15
-2.0650148258027912e-14
-1.1102230246251565e-15
1.6542323066914832e-14
-8.326672684688674e-15
9.992007221626409e-16
-1.709743457922741e-14
1.5543122344752192e-15
-2.7533531010703882e-14
-8.881784197001252e-16
1.3322676295501878e-14
6.661338147750939e-16
2.0650148258027912e-14
-3.552713678800501e-15
1.3988810110276972e-14
1.454392162258955e-14
1.1435297153639112e-14
-7.16093850883226e-15
-9.325873406851315e-15
-2.4424906541753444e-15
-2.220446049250313e-16
-3.108624468950438e-14
3.885780586188048e-14
-5.928590951498336e-14
4.996003610813204e-16
-6.661338147750939e-15
-8.326672684688674e-16
-2.9976021664879227e-15
-8.43769498715119e-15
-2.7200464103316335e-15
1.0547118733938987e-15
4.6129766673175254e-14
-7.149836278586008e-14
-2.5646151868841116e-14
2.6922908347160046e-14
-7.72715225139109e-14
1.3433698597964394e-14
2.220446049250313e-14
-3.22519788653608e-14
2.5590640717609858e-14
-1.6431300764452317e-14
-5.0681681074138396e-14
5.162537064506978e-15
-9.769962616701378e-15
-3.058664432842306e-14
3.47499806707674e-14
-8.271161533457416e-15
3.730349362740526e-14
-2.0622392682412283e-14
-3.3861802251067274e-14
-2.3092638912203256e-14
4.2049697057677804e-14
2.1593837828959295e-14
3.250177904590146e-14
9.353628982466944e-15
-2.192690473634684e-15
-4.2577052994374753e-14
1.0547118733938987e-14
-8.881784197001252e-16
9.2148511043888e-15
4.801714581503802e-14
7.438494264988549e-15
-3.450018049022674e-14
-7.632783294297951e-14
2.6451063561694355e-14
-1.429412144204889e-14
2.0372592501871623e-14
8.1601392309949e-15
-1.790234627208065e-14
7.105427357601002e-14
5.3512749786932545e-14
5.295763827461997e-14
-1.7263968032921184e-14
-4.085620730620576e-14
1.27675647831893e-14
-6.5503158452884236e-15
-2.8199664825478976e-14
8.881784197001252e-15
5.6066262743570405e-14
9.547918011776346e-15
-1.304512053934559e-14
-9.159339953157541e-16
6.564193633096238e-14
-7.327471962526033e-15
-9.980904991380157e-14
-9.747758156208874e-14
-7.83262343873048e-14
2.2870594307278225e-14
2.6645352591003757e-15
-1.300626273348371e-13
-1.9290125052862095e-14
-9.683920332292928e-14
1.304512053934559e-15
-1.4127587988355117e-13
4.3270942384765476e-14
1.557087792036782e-14
-1.5054624213917123e-13
2.1843638009499955e-14
1.479372180313021e-14
1.4210854715202004e-14
-6.328271240363392e-15
-2.758904216193514e-14
3.8413716652030416e-14
3.574918139293004e-14
-6.117328865684613e-14
-1.557087792036782e-14
2.0605739337042905e-13
2.0922152899061075e-13
1.744160371686121e-13
-2.4424906541753444e-14
-3.197442310920451e-14
-9.969802761133906e-14
-7.102651800039439e-14
-1.1751710715657282e-13
-2.7833291227352674e-13
2.5729418595688003e-13
1.7335022306497194e-12
-2.511851837638801e-12
-9.357792318809288e-13
-7.452372052796363e-14
7.119305145408816e-14
2.0880519535637632e-13
8.890110869685941e-14
-1.7935652962819404e-13
-2.1949109196839345e-13
1.3722356584366935e-13
1.5409895581797173e-13
8.304468224196171e-14
4.6407322429331543e-14
7.793765632868599e-14
-3.941291737419306e-14
9.314771176605063e-14
-7.51620987671231e-14
-2.8310687127941492e-14
-5.540012892879531e-14
9.658940314238862e-15
-1.2434497875801753e-14
1.659783421814609e-14
-1.7486012637846216e-14
-3.552713678800501e-14
5.384581669432009e-14
1.1196599203344704e-13
-2.1260770921571748e-14
4.157785227221211e-14
3.7692071686024065e-14
-1.8596235662471372e-14
-3.8968828164342995e-14
1.6986412276764895e-14
-1.1046719095020308e-14
-2.7700064464397656e-14
4.6629367034256575e-14
-1.787459069646502e-14
-6.578071420904053e-14
1.7319479184152442e-14
1.1213252548714081e-14
1.0436096431476471e-14
-4.5352610555937645e-14
-5.362377208939506e-14
-2.3037127760971998e-14
2.5479618415147343e-14
3.2862601528904634e-14
2.881028748902281e-14
-8.271161533457416e-15
4.0745185003743245e-14
-4.85722573273506e-14
4.496403249731884e-15
-2.3314683517128287e-14
2.65898414397725e-14
-2.6645352591003757e-14
-3.3861802251067274e-15
