201
-1.304512053934559e-15
-5.134781488891349e-15
-1.3600232051658168e-15
-7.382983113757291e-15
1.8318679906315083e-15
2.275957200481571e-15
-3.4139358007223564e-15
-2.581268532253489e-15
-1.609823385706477e-15
2.220446049250313e-16
1.27675647831893e-15
-6.938893903907228e-16
8.326672684688674e-16
-6.661338147750939e-16
1.4432899320127035e-15
-1.942890293094024e-15
-1.7763568394002505e-15
-1.887379141862766e-15
-5.273559366969494e-16
-1.2490009027033011e-15
5.079270337660091e-15
2.220446049250313e-15
-1.8041124150158794e-15
0.0
1.9984014443252818e-15
5.551115123125783e-17
-5.88418203051333e-15
-5.273559366969494e-16
-4.9404924595819466e-15
3.608224830031759e-16
5.273559366969494e-16
-9.992007221626409e-16
5.551115123125783e-16
3.608224830031759e-15
2.220446049250313e-15
-2.4702462297909733e-15
4.08006961549745e-15
-6.106226635438361e-16
-2.831068712794149e-15
2.4702462297909733e-15
4.718447854656915e-16
-6.938893903907228e-16
-3.0531133177191805e-16
-3.524958103184872e-15
1.3877787807814457e-16
1.970645868709653e-15
5.689893001203927e-15
-5.856426454897701e-15
7.494005416219807e-16
-2.7755575615628914e-15
-3.3029134982598407e-15
-4.85722573273506e-15
-3.3861802251067274e-15
-2.3037127760972e-15
-1.1102230246251565e-15
5.551115123125783e-16
-3.802513859341161e-15
9.43689570931383e-16
8.881784197001252e-16
-1.4988010832439613e-15
-3.3861802251067274e-15
-3.58046925441613e-15
-4.468647674116255e-15
-2.275957200481571e-15
-5.273559366969494e-16
-1.4988010832439613e-15
1.9984014443252818e-15
-3.497202527569243e-15
-1.1379786002407855e-15
-4.496403249731884e-15
-2.525757381022231e-15
3.219646771412954e-15
-7.771561172376096e-16
4.829470157119431e-15
-4.440892098500626e-16
-1.3322676295501878e-15
-1.1934897514720433e-15
-3.608224830031759e-15
3.802513859341161e-15
-2.7200464103316335e-15
-2.7200464103316335e-15
2.609024107869118e-15
-2.4147350785597155e-15
3.1363800445660672e-15
-5.10702591327572e-15
1.1102230246251565e-16
1.6930901125533637e-15
3.3584246494910985e-15
-6.661338147750939e-15
-3.1086244689504383e-15
9.270362255620057e-15
-2.858824288409778e-15
-8.881784197001252e-16
-4.690692279041286e-15
3.524958103184872e-15
-9.992007221626409e-16
6.161737786669619e-15
-1.3322676295501878e-15
-6.800116025829084e-15
-5.551115123125783e-17
-3.774758283725532e-15
3.2751579226442118e-15
7.771561172376096e-15
-4.9682480351975755e-15
-1.7486012637846216e-15
-1.7208456881689926e-15
-2.7200464103316335e-15
3.3306690738754696e-15
9.992007221626409e-16
4.9960036108132044e-15
2.3869795029440866e-15
-7.216449660063518e-16
-5.551115123125783e-16
3.0253577421035516e-15
1.3322676295501878e-15
-5.273559366969494e-16
-5.35682609381638e-15
3.969047313034935e-15
-1.582067810090848e-15
7.688294445529209e-15
-3.164135620181696e-15
2.6367796834847468e-15
-4.440892098500626e-15
-5.523359547510154e-15
1.7208456881689926e-15
1.4988010832439613e-15
-1.2212453270876722e-15
-3.552713678800501e-15
-3.83026943495679e-15
-4.3576253716537394e-15
-4.718447854656915e-16
-6.938893903907228e-16
1.7486012637846216e-15
4.829470157119431e-15
-8.43769498715119e-15
-5.578870698741412e-15
5.467848396278896e-15
1.0852430065710905e-14
-5.745404152435185e-15
-5.495603971894525e-15
-8.604228440844963e-16
2.192690473634684e-15
-4.551914400963142e-15
-6.411537967210279e-15
8.965050923848139e-15
-2.4424906541753444e-15
-3.291811268013589e-14
5.92303983637521e-14
-1.9095836023552692e-14
-2.4341639814906557e-14
5.856426454897701e-15
5.551115123125783e-15
4.9404924595819466e-15
-3.3029134982598407e-15
4.440892098500626e-16
-1.0547118733938987e-15
5.551115123125783e-17
7.41073868937292e-15
-3.885780586188048e-16
1.3600232051658168e-15
-2.192690473634684e-15
-2.275957200481571e-15
-4.996003610813204e-16
-3.219646771412954e-15
3.774758283725532e-15
-9.492406860545088e-15
-5.412337245047638e-15
-7.355227538141662e-15
3.3306690738754696e-16
-9.159339953157541e-16
4.801714581503802e-15
8.659739592076221e-15
2.7755575615628914e-17
-7.549516567451064e-15
9.159339953157541e-16
-4.440892098500626e-16
-7.965850201685498e-15
-3.247402347028583e-15
-2.9698465908722937e-15
4.9960036108132044e-15
8.548717289613705e-15
3.885780586188048e-16
-8.215650382226158e-15
5.551115123125783e-16
3.913536161803677e-15
-7.105427357601002e-15
-3.191891195797325e-15
-3.164135620181696e-15
-5.190292640122607e-15
-7.743805596760467e-15
1.0380585280245214e-14
-6.772360450213455e-15
1.687538997430238e-14
-3.4416913763379853e-15
1.4183099139586375e-14
2.192690473634684e-15
-1.1962653090336062e-14
-1.7763568394002505e-15
2.1649348980190553e-15
-2.4147350785597155e-15
9.159339953157541e-15
