201
0.23273728897871757
0.23217178749473538
0.23152691064550623
0.230802958787413
0.2299999942114542
0.22911786568373085
0.2281562282853942
0.2271145595355127
0.22599217254995674
0.22478822682127095
0.22350173707971754
0.22213158060329508
0.22067650327531158
0.21913512463636411
0.21750594213896216
0.2157873347850362
0.21397756630591502
0.21207478803150814
0.21007704158685248
0.2079822615503667
0.20578827821125484
0.20349282056573018
0.20109351970373232
0.1985879127487375
0.19597344753235527
0.1932474882066969
0.19040732202550026
0.1874501675573897
0.18437318463517183
0.18117348639109587
0.17784815378607471
0.17439425310355902
0.1708088569600217
0.16708906947142996
0.16323205632503512
0.159235080627962
0.1550955455522672
0.15081104496371073
0.14637942342292676
0.14179884717369448
0.13706788800512423
0.13218562217719887
0.1271517469594394
0.12196671773640762
0.11663190909820598
0.11114980386159154
0.1055242145524882
0.09976054253859253
0.0938660807101246
0.08785036637373878
0.08172559181583751
0.07550708078540455
0.06921383987961204
0.0628691944202194
0.05650151875758924
0.05014507087687936
0.04384094047262204
0.0376381179878683
0.03159468907546401
0.025779153969156435
0.020271863679295062
0.01516655388928034
0.010571941933786244
0.0066133311848921425
0.003434139451954017
0.0011972327076080246
8.590219302916378e-05
0.00030427236894256906
0.002076871628962949
0.005647042192089614
0.011273818814790323
0.01922688117979714
0.02977920027405198
0.04319707718657757
0.05972743730421502
0.07958251320145769
0.10292243165713896
0.1298366955585406
0.16032606617223316
0.19428681124844088
0.23149956298285435
0.2716249921840918
0.31420805032361704
0.35869164072360615
0.4044393533349282
0.4507655525926085
0.49696993616528956
0.5423729641536419
0.5863484700893912
0.6283503192153772
0.6679310222617445
0.7047514816371641
0.738582259032165
0.7692976883980889
0.79686470403859
0.821328408858282
0.8427962516184715
0.8614223303689247
0.8773929067873266
0.8909137923882056
0.9021999080670569
0.9114670475032551
0.9189256939128663
0.9247766362481957
0.929208087206808
0.932394002939843
0.9344933272725152
0.9356499193630248
0.9359929644916442
0.935637707671042
0.9346863859564583
0.9332292663288484
0.9313457215031468
0.9291052962863473
0.9265687327905374
0.9237889346253104
0.9208118588838136
0.917677330951936
0.9144197814835469
0.9110689077626443
0.9076502634906114
0.9041857820854962
0.9006942390877518
0.8971916594006816
0.8936916749777888
0.8902058382987388
0.8867438966093903
0.883314031493144
0.879923067913205
0.8765766564476276
0.8732794320358366
0.8700351521827869
0.8668468172210857
0.8637167749206729
0.8606468114544421
0.8576382304775347
0.8546919218578676
0.8518084213976174
0.8489879627146291
0.8462305223014189
0.8435358586476944
0.840903546196252
0.8383330048034451
0.835823525286087
0.8333742915621629
0.8309843998259955
0.8286528751406056
0.8263786857821354
0.8241607556246059
0.8219979748192762
0.8198892089876169
0.8178333071195927
0.8158291083441735
0.8138754477176047
0.8119711611561693
0.8101150896239169
0.8083060826723012
0.80654300141518
0.8048247210140703
0.8031501327358812
0.8015181456415543
0.799927687952293
0.7983777081384545
0.7968671757666954
0.7953950821392314
0.7939604407532592
0.7925622876058471
0.7911996813661414
0.7898717034335456
0.7885774578992586
0.7873160714251713
0.7860866930530815
0.7848884939555146
0.7837206671373241
0.7825824270969114
0.7814730094546165
0.7803916705538192
0.7793376870412598
0.7783103554310038
0.7773089916557956
0.7763329306102107
0.7753815256881391
0.7744541483172585
0.773550187493359
0.7726690493155747
0.7718101565250701
0.7709729480479524
0.7701568785437942
0.7693614179610629
0.7685860510995353
0.7678302771812119
0.7670936094295082
0.7663755746577865
0.7656757128669706
0.7649935768529726
0.7643287318237308
0.7636807550261225
0.7630492353827805
0.7624337731389135
0.7618339795187334
0.7612494763917852
