201
0.6804293441276197
0.6802418057884373
0.6800559368514909
0.6798717342716978
0.6796891949072108
0.6795083155232272
0.6793290927959561
0.6791515233161928
0.6789756035930422
0.6788013300572762
0.6786286990646591
0.678457706899325
0.6782883497766382
0.6781206238464663
0.6779545251958671
0.6777900498520308
0.6776271937848961
0.6774659529098784
0.6773063230902441
0.6771483001397289
0.6769918798247334
0.6768370578667069
0.6766838299443234
0.6765321916955593
0.6763821387198536
0.6762336665799652
0.6760867708039896
0.6759414468872031
0.6757976902937508
0.6756554964585537
0.6755148607887952
0.6753757786656363
0.6752382454458301
0.6751022564630811
0.6749678070295979
0.6748348924374725
0.6747035079600966
0.674573648853374
0.6744453103570509
0.6743184876959559
0.674193176081141
0.6740693707110139
0.6739470667724958
0.673826259442115
0.6737069438868855
0.6735891152654419
0.6734727687289759
0.6733578994220956
0.6732445024838323
0.673132573048375
0.6730221062460013
0.6729130972038644
0.6728055410467508
0.6726994328977896
0.6725947678792511
0.672491541113246
0.6723897477223226
0.6722893828301901
0.6721904415622815
0.6720929190464231
0.6719968104133642
0.6719021107973879
0.6718088153367634
0.6717169191744066
0.6716264174582192
0.6715373053416871
0.6714495779843331
0.6713632305521431
0.6712782582179591
0.6711946561619799
0.6711124195720676
0.6710315436442198
0.6709520235828879
0.6708738546013542
0.6707970319220126
0.670721550776833
0.6706474064074642
0.6705745940657944
0.6705031090140431
0.6704329465251004
0.6703641018827693
0.670296570382132
0.6702303473296483
0.670165428043473
0.6701018078536448
0.6700394821023585
0.6699784461440536
0.6699186953457898
0.6698602250872568
0.6698030307609916
0.6697471077726891
0.669692451541207
0.6696390574987012
0.6695869210909656
0.6695360377773669
0.6694864030310927
0.6694380123391782
0.6693908612027768
0.6693449451371554
0.669300259671767
0.6692568003504922
0.669214562731618
0.6691735423879361
0.6691337349069142
0.6690951358906386
0.6690577409560102
0.669021545734703
0.6689865458733393
0.6689527370334717
0.6689201148916416
0.6688886751394111
0.6688584134835097
0.6688293256457442
0.6688014073631285
0.6687746543878305
0.6687490624873156
0.6687246274442658
0.668701345056629
0.6686792111376858
0.6686582215160023
0.6686383720354909
0.6686196585553702
0.6686020769502257
0.6685856231099798
0.6685702929398722
0.6685560823605249
0.6685429873078309
0.6685310037330753
0.6685201276028253
0.6685103548989798
0.6685016816186862
0.6684941037743857
0.6684876173937953
0.6684822185198358
0.6684779032106576
0.668474667539622
0.6684725075951934
0.668471419481007
0.66847139931579
0.6684724432333691
0.6684745473825531
0.668477707927212
0.6684819210461491
0.6684871829331651
0.6684934897968031
0.6685008378606186
0.6685092233629017
0.668518642556729
0.6685290917099023
0.6685405671049165
0.6685530650388478
0.668566581823447
0.6685811137849416
0.6685966572640747
0.6686132086160252
0.6686307642103781
0.6686493204310583
0.6686688736762734
0.6686894203584495
0.6687109569042409
0.6687334797544043
0.6687569853638136
0.6687814702012544
0.6688069307496168
0.6688333635055719
0.66886076497978
0.6688891316965496
0.6689184601940399
0.6689487470240172
0.6689799887519041
0.6690121819566337
0.6690453232307294
0.6690794091800695
0.669114436423929
0.6691504015949716
0.6691873013390116
0.6692251323151454
0.6692638911955644
0.6693035746655248
0.6693441794233463
0.6693857021802455
0.6694281396603436
0.6694714886006314
0.6695157457507931
0.6695609078732678
0.6696069717430935
0.6696539341478951
0.6697017918878433
0.6697505417755195
0.6698001806359123
0.6698507053063144
0.6699021126362973
0.6699543994876298
0.6700075627341879
0.6700615992619399
0.6701165059688926
0.6701722797649345
0.6702289175718994
0.6702864163233706
0.6703447729647523
0.670403984453092
