201
0.938329985803958
0.9387266678387592
0.9391242196397098
0.939522522304673
0.93992146614762
0.9403209492681688
0.9407208763726078
0.9411211577936042
0.9415217086690606
0.9419224482487631
0.9423232993050222
0.9427241876286149
0.9431250415946584
0.9435257917869226
0.9439263706706186
0.9443267123059994
0.944726752096486
0.9451264265658467
0.9455256731603703
0.9459244300722768
0.9463226360814186
0.9467202304128042
0.9471171526076309
0.9475133424063429
0.9479087396418079
0.9483032841417435
0.9486969156388233
0.9490895736878094
0.9494811975887234
0.9498717263155267
0.9502610984493425
0.9506492521160583
0.9510361249275675
0.9514216539262907
0.9518057755327365
0.9521884254955342
0.9525695388439364
0.9529490498423061
0.953326891946348
0.9537029977613234
0.9540772990012989
0.954449726450018
0.9548202099227567
0.9551886782293473
0.9555550591379589
0.9559192793398481
0.9562812644147388
0.9566409387968128
0.9569982257413683
0.9573530472918355
0.9577053242473111
0.9580549761303861
0.958401921155343
0.9587460761966059
0.9590873567574254
0.9594256769386263
0.959760949407739
0.9600930853680135
0.9604219945276322
0.9607475850689834
0.9610697636178948
0.9613884352129685
0.9617035032747647
0.9620148695752059
0.9623224342065453
0.962626095550634
0.9629257502479476
0.9632212931664959
0.9635126173706048
0.9637996140898104
0.9640821726872416
0.9643601806282401
0.9646335234485727
0.9649020847226546
0.965165746031516
0.9654243869306866
0.9656778849178638
0.9659261154004597
0.9661689516628484
0.9664062648336008
0.966637923852591
0.9668637954376251
0.9670837440512123
0.9672976318670471
0.9675053187362476
0.967706662153622
0.9679015172234535
0.968089736625742
0.9682711705799403
0.9684456668167218
0.9686130705322633
0.9687732243641439
0.9689259683512321
0.9690711398993297
0.9692085737464766
0.9693381019275641
0.9694595537387188
0.9695727557021339
0.9696775315305721
0.9697737020914525
0.9698610853715641
0.9699394964411416
0.970008747418222
0.9700686474329527
0.9701190025917988
0.9701596159418693
0.970190287435284
0.9702108138934401
0.970220988971562
0.9702206031232303
0.9702094435649479
0.970187294240956
0.9701539357881925
0.9701091455013751
0.9700526972981753
0.9699843616848537
0.9699039057219678
0.9698110929902997
0.969705683557279
0.9695874339434444
0.9694560970895532
0.9693114223237612
0.9691531553294671
0.9689810381133903
0.9687948089742008
0.9685942024716171
0.9683789493960329
0.9681487767386621
0.9679034076623272
0.9676425614727419
0.9673659535906262
0.9670732955243435
0.9667642948433219
0.9664386551522247
0.9660960760658603
0.9657362531850389
0.9653588780730875
0.9649636382335126
0.9645502170882985
0.964118293957373
0.9636675440390788
0.9631976383915756
0.9627082439153195
0.9621990233367456
0.9616696351930126
0.9611197338179529
0.9605489693291566
0.9599569876165408
0.9593434303317727
0.9587079348793945
0.9580501344090291
0.9573696578092347
0.9566661297022957
0.9559391704408031
0.9551883961056146
0.9544134185051023
0.9536138451761442
0.952789279386055
0.9519393201369952
0.9510635621708426
0.9501615959762597
0.9492330077969297
0.9482773796416843
0.9472942892956612
0.9462833103334762
0.9452440121334632
0.9441759598936182
0.9430787146490935
0.9419518332906304
0.94079486858507
0.9396073691964836
0.9383888797092752
0.9371389406518088
0.9358570885219363
0.9345428558128757
0.9331957710406298
0.9318153587720357
0.9304011396538812
0.9289526304422642
0.9274693440329641
0.9259507894921476
0.9243964720869704
0.9228058933168847
0.9211785509446538
0.9195139390267424
0.9178115479441192
0.9160708644314937
0.9142913716063569
0.9124725489964646
0.9106138725663309
0.9087148147415376
0.9067748444315913
0.9047934270501569
0.9027700245330079
0.9007040953524788
0.8985950945294894
0.8964424736407429
0.894245680822784
0.8920041607710185
0.8897173547339607
0.8873847005017008
