201
0.30530730044326193
0.33101565529311083
0.35922056003827946
0.3902260270598472
0.4243817304457236
0.4620888033755255
0.5038032902178304
0.5500324938754446
0.6013132796938949
0.6581473554417068
0.7208362539659148
0.7890839720922012
0.8610643564516728
0.931287043951685
0.986014135407145
0.9952004379521294
0.9070942040319954
0.6776963279827574
0.3616286666775562
0.1161093501521091
0.024263932527047602
0.048621572599648805
0.12893921133897165
0.22832192055183986
0.32990431624456285
0.42694500437123156
0.5169999831751093
0.5992891492184291
0.6736192521891923
0.7399768553966553
0.7983968918499325
0.8489397364352849
0.8917061342963961
0.9268598206356756
0.9546451851758513
0.9753953928956687
0.9895303759695673
0.9975461873002627
0.9999981978239787
0.9974809033377163
0.9906069083750171
0.9799871591413176
0.966213866874788
0.9498469284360248
0.9314041025224777
0.9113547847164236
0.8901169534002953
0.8680567169566101
0.8454898529620967
0.8226847608458427
0.7998663220457832
0.7772202531630419
0.7548976318512054
0.7330193621548473
0.7116804204767421
0.6909537835327472
0.6708939859488522
0.6515402890367208
0.6329194659640472
0.6150482240170443
0.5979352940170264
0.5815832218446516
0.5659898988005881
0.5511498673110293
0.5370554370404839
0.5236976444210084
0.5110670863888694
0.499154657052236
0.4879522143221514
0.4774532024491919
0.46765325606693425
0.45855081193541114
0.45014775637381194
0.4424501396047784
0.4354689933844905
0.4292212959033838
0.42373113887634284
0.41903116718220146
0.4151643831056091
0.4121864376559633
0.4101685742217834
0.40920145021974247
0.4094001479888621
0.4109108078865926
0.4139194896893962
0.4186641136065101
0.4254506746595545
0.4346753868538375
0.4468549927220938
0.4626680638019476
0.48301029492136216
0.5090652193788914
0.5423845539697887
0.5849487604282481
0.6391099908345961
0.7071379635212923
0.7896663362451664
0.8816368872701932
0.9645209108962489
0.9998984625745929
0.9452457888369822
0.8000407705813619
0.6184745698951212
0.456273243386348
0.33471151444188607
0.25073627075811966
0.1944003171913814
0.15672241192066555
0.1313004558018849
0.11392095221788744
0.10187942957015765
0.0934442992706866
0.08749971000042785
0.0833205756243177
0.08043316442609912
0.07852875019454321
0.07740987870157826
0.07695684289966999
0.07710692725359658
0.07784198185485626
0.07918170645068236
0.08118115551678064
0.08393171494430612
0.08756532831075847
0.09226217812564828
0.09826242838883013
0.10588305783915447
0.11554128105107717
0.12778654144791532
0.1433434268049284
0.16316769210753274
0.18851583692656884
0.22102295749579917
0.26276866434891766
0.3162766086261215
0.3843237151044534
0.4693189279276829
0.5718907891219394
0.6884300842418215
0.808218181930383
0.912750360863381
0.9809347913778094
0.9995201676947242
0.9703697556910995
0.9075338702664102
0.8281654957148368
0.7456860331953727
0.6679783717553763
0.598530467918212
0.5381804636253629
0.4864507478440725
0.4423422205305852
0.4047411594925906
0.3726012089495965
0.34500941990018813
0.32119784894346104
0.3005323581701684
0.282493822806972
0.2666585420407835
0.2526805564951753
0.2402766815175523
0.22921424733781576
0.21930122811658473
0.21037836294885393
0.20231288940726733
0.19499356183750716
0.18832668491030158
0.18223294661085127
0.17664488034676273
0.1715048227525467
0.16676326305945804
0.16237750278896737
0.1583105623340627
0.15453028478004624
0.15100859798379393
0.1477209042057519
0.14464557300234696
0.14176351809062832
0.13905784279694816
0.1365135417665
0.13411724902015904
0.13185702434718058
0.1297221715378531
0.12770308316165435
0.1257911075615943
0.12397843450972443
0.12225799659281203
0.12062338390365435
0.11906877002439817
0.11758884762377546
0.11617877226496634
0.11483411324708416
0.11355081048900056
0.11232513661924208
0.11115366356283139
0.11003323302378851
0.10896093035006346
0.10793406134322095
0.10695013163786807
0.10600682832821523
0.1051020035652695
