201
0.522662508916871
0.5009575251871565
0.4789459164273597
0.45666010219099334
0.43413838211901795
0.4114251249191227
0.3885709188482647
0.36563266741091466
0.34267361390529755
0.31976327859265186
0.2969772928145166
0.27439711548865975
0.25210961920083785
0.2302065356941094
0.2087837539871119
0.18794046864888975
0.1677781808554741
0.14839956064493043
0.12990718503924797
0.11240217316836142
0.09598274584006079
0.08074274276561426
0.06677013546452232
0.05414557731671537
0.04294103396233822
0.03321853700275751
0.025029101581593736
0.018411843935525054
0.013393328559170078
0.009987166538902999
0.008193877340424741
0.00800101641111866
0.009383561000629034
0.012304537187688508
0.016715862782614846
0.022559373990588688
0.029767998785874678
0.0382670370225275
0.047975506406554506
0.058807514446479914
0.07067361915211057
0.08348214522744173
0.09714042744844004
0.11155595844101279
0.12663742382245458
0.14229561330324075
0.15844420165334996
0.17500039813901183
0.19188546709498547
0.20902512559127248
0.22634982666430203
0.24379493839599792
0.26130083024206496
0.2788128785503814
0.29628140327069197
0.3136615475057971
0.3309131109250262
0.34800034720201034
0.3648917346825287
0.38155972839554
0.39798050049213024
0.4141336751281586
0.43000206282408204
0.4455713983910184
0.46083008573347833
0.4757689520197105
0.49038101313383997
0.5046612517067406
0.5186064086156537
0.5322147883572639
0.5454860784955851
0.5584211830195994
0.5710220693186093
0.5832916282957881
0.5952335470417415
0.6068521934050694
0.6181525117596786
0.629139929222979
0.6398202715957382
0.6501996882745625
0.6602845854248495
0.6700815667326876
0.6795973810466753
0.6888388763217208
0.6978129592284913
0.7065265599453545
0.7149866015579711
0.723199973643324
0.7311735095845175
0.7389139671507181
0.7464280122830871
0.7537222051951573
0.7608029890766346
0.7676766807869322
0.774349463374656
0.7808273802172037
0.787116330595527
0.793222066466645
0.7991501903572744
0.8049061541682755
0.8104952587983061
0.815922654458513
0.8211933415920218
0.8263121722981248
0.8312838521860764
0.8361129425847411
0.8408038630611665
0.8453608941726476
0.8497881804209154
0.8540897333655453
0.8582694348481955
0.8623310403119775
0.8662781821774824
0.8701143732559201
0.8738430101772054
0.8774673768180291
0.8809906477124632
0.884415891431253
0.8877460739229397
0.8909840618034595
0.8941326255899689
0.8971944428714761
0.900172101410166
0.9030681021718612
0.9058848622804361
0.9086247178960072
0.911289927012719
0.9138826721788988
0.9164050631342282
0.9188591393692831
0.9212468726032542
0.9235701691838752
0.9258308724079534
0.9280307647655079
0.9301715701078381
0.9322549557421533
0.9342825344519641
0.9362558664485578
0.9381764612520249
0.940045779505404
0.9418652347244424
0.9436361949822223
0.9453599845335046
0.9470378853794064
0.948671138774224
0.9502609466762674
0.9518084731452674
0.9533148456874948
0.9547811565506796
0.956208463970568
0.9575977933703068
0.9589501385157089
0.9602664626263498
0.9615476994449279
0.9627947542668818
0.964008504930832
0.965189802771997
0.966339473539682
0.9674583182803715
0.9685471141875266
0.9696066154195728
0.9706375538875653
0.9716406400126409
0.9726165634560324
0.9735659938213372
0.9744895813306731
0.9753879574759815
0.9762617356459359
0.9771115117298065
0.9779378646989967
0.9787413571671656
0.9795225359295978
0.9802819324833403
0.9810200635277158
0.981737431446988
0.9824345247754804
0.9831118186455722
0.9837697752198651
0.9844088441076312
0.9850294627661729
0.9856320568882571
0.9862170407751776
0.9867848176970099
0.9873357802398925
0.9878703106411182
0.9883887811123891
0.9888915541518533
0.9893789828450812
0.9898514111557554
0.9903091742061294
0.9907525985478507
0.9911820024235662
0.9915976960193942
0.9919999817088816
0.9923891542886667
0.9927655012061386
0.9931293027793615
0.9934808324097233
0.9938203567874302
0.9941481360900228
0.9944644241745604
