201
0.911295584792976
0.8853820054716944
0.8562449394653444
0.8241430122370945
0.7894198911036182
0.7524918142807525
0.71383028185291
0.6739414026297836
0.6333437605475515
0.5925467528144073
0.5520311580365087
0.5122332744753973
0.47353342396494413
0.43624905398295555
0.4006321805925287
0.3668705569880208
0.33509174718152773
0.30536922125542243
0.27772963670699236
0.2521605909415552
0.2286182858000761
0.2070347065134749
0.1873240647088949
0.16938837706753432
0.15312214433382032
0.13841616064876183
0.12516052456706192
0.11324694554705089
0.10257044821495419
0.09303057566565516
0.08453218611380904
0.07698592698633573
0.07030845902490233
0.06442249136785864
0.059256677712762
0.054745413910188265
0.050828568907898185
0.047451173835350066
0.04456308814054942
0.04211865691059913
0.04007636969742798
0.038398528163949994
0.03705092753802109
0.03600255507658949
0.03522530739814287
0.0346937275459456
0.034384761920692064
0.03427753670964008
0.03435315308815117
0.034594500244608015
0.034986085141012556
0.035513877855707324
0.03616517133466458
0.03692845439269596
0.037793296845436725
0.03875024570747201
0.03979073145358938
0.04090698341108913
0.04209195342242416
0.04333924698041854
0.044643061114831274
0.0459981283668051
0.047399666251844
0.04884333166203039
0.05032517972454771
0.05184162666155593
0.05338941625855469
0.05496558957470162
0.05656745757870017
0.058192576405025724
0.059838724984320316
0.06150388479983926
0.06318622156402402
0.06488406862498698
0.06659591193034206
0.06832037639706959
0.07005621354964761
0.07180229030021532
0.07355757876570478
0.0753211470142323
0.0770921506555784
0.07886982519853661
0.08065347909218122
0.0824424873992936
0.08423628602260108
0.08603436646339563
0.08783627102760869
0.08964158846163552
0.09144994996853112
0.09326102557539896
0.09507452081634152
0.09689017368847845
0.09870775189119028
0.10052705029528412
0.10234788862113335
0.10417010931761628
0.10599357563233304
0.10781816982124558
0.10964379153452779
0.1114703563226008
0.11329779427304874
0.11512604875601176
0.11695507528113425
0.11878484044488843
0.12061532096696193
0.1224465028029729
0.12427838033699273
0.12611095563415115
0.1279442377571266
0.12977824214218536
0.13161299002017873
0.13344850789075025
0.1352848270368958
0.137121983080667
0.13896001557382973
0.14079896762470157
0.14263888555490906
0.14447981858328618
0.1463218185380103
0.14816493959107938
0.15000923801618649
0.15185477196703856
0.15370160127330565
0.15554978725507068
0.1573993925524145
0.1592504809706326
0.1611031173376013
0.1629573673758903
0.16481329758356447
0.16667097512791837
0.16853046774788003
0.17039184366631427
0.1722551715098204
0.1741205202362467
0.17598795907028233
0.17785755744564835
0.17972938495108545
0.18160351128554306
0.18348000621570706
0.18535893953927665
0.18724038105428065
0.18912440052918447
0.19101106767961282
0.1929004521474541
0.19479262348391368
0.19668765113437792
0.19858560442741702
0.20048655256566011
0.2023905646190662
0.20429770952109183
0.20620805606559742
0.20812167290740785
0.21003862856375788
0.2119589914167137
0.21388282971862393
0.21581021159806899
0.21774120506731004
0.21967587803116656
0.22161429829706641
0.22355653358593752
0.22550265154418261
0.2274527197576066
0.22940680576410702
0.23136497706967646
0.23332730116361927
0.23529384553477778
0.2372646776890987
0.2392398651674015
0.24121947556350373
0.24320357654439695
0.2451922358691664
0.24718552140900896
0.24918350116947957
0.2511862433107415
0.25319381617033243
0.25520628828541114
0.2572237284155768
0.2592462055667617
0.2612737890153607
0.263306548332135
0.26534455340796614
0.26738787447894274
0.2694365821523156
0.27149074743306684
0.2735504417508045
0.27561573698728214
0.2776867055042271
0.27976342017177763
0.2818459543975242
0.2839343821559458
0.2860287780180381
0.28812921718254764
0.29023577550637425
0.292348529536513
0.29446755654224843
0.2965929345481307
0.29872474236673463
0.3008630596334855
0.3030079668411912
0.30515954537467227
0.3073178775478622
