201
0.16769957581172495
0.16648618672199955
0.16537210693291132
0.16435762212745292
0.16344359293029478
0.1626314769935347
0.16192336051439368
0.16132199981456932
0.16083087392122553
0.1604542494242175
0.16019725925448863
0.16006599745644065
0.16006763253568546
0.16021054256701162
0.1605044759845332
0.16096074287762355
0.1615924427216162
0.16241473585336297
0.16344516770637874
0.16470405696236895
0.16621496145534903
0.1680052390303047
0.17010672480424632
0.1725565516226582
0.17539814725512995
0.17868245037227243
0.1824693980296903
0.1868297507188614
0.1918473375546327
0.19762182424094452
0.2042721302624771
0.21194064866378365
0.22079844967742374
0.23105167304087518
0.24294932166841698
0.25679263836444793
0.27294613295986625
0.29185004610574206
0.3140334359228745
0.3401258865976111
0.37086361198989276
0.40708175555754494
0.4496780125311195
0.49952244138287194
0.5572749660712191
0.6230608722897149
0.6959625197276134
0.7733491277898203
0.850234597977314
0.9191229298492166
0.9709762445717915
0.997589124202864
0.994571797835143
0.9631572139227205
0.9095396001962719
0.8422853000604551
0.7695774080151176
0.6975958121362861
0.6301724611359389
0.5691976147580686
0.5152427979877685
0.4681090796681364
0.4272137919760301
0.3918289518283941
0.3612133366595528
0.3346775499707335
0.3116104034231305
0.2914846090748803
0.2738523635092659
0.2583366934340042
0.24462163827932631
0.23244276685456566
0.2215786693329797
0.211843622259219
0.20308140830015983
0.1951601783658728
0.18796821246783585
0.1814104350720262
0.1754055536183753
0.16988370647213286
0.16478452453289888
0.1600555271062692
0.15565078670296345
0.1515298090995429
0.14765658433911227
0.14399877170186579
0.14052698713249573
0.1372141654641876
0.13403497200116796
0.1309652387058639
0.12798139883561693
0.1250598907699571
0.12217649482086776
0.11930555635386655
0.11641903099299625
0.11348526026590078
0.11046734231354526
0.10732089190797338
0.10399086914688367
0.10040696561155549
0.09647671729635486
0.09207497900775374
0.08702753554547224
0.08108546743858915
0.0738866479287428
0.06491023437674444
0.05350845482576273
0.03970829654117857
0.03254959442850501
0.17247656583760704
0.9867388196941421
0.48301263056946625
0.3101213658604933
0.2436664666826861
0.20979612467564016
0.18942201681235352
0.17581191270748422
0.16604552661190716
0.15866505750904206
0.1528656089859514
0.14816783822237872
0.1442689687100329
0.14096852589273215
0.1381285523497659
0.13565100908537056
0.1334643007758155
0.13151490613649197
0.12976199460887247
0.12817385781821647
0.12672548091839164
0.12539685094254577
0.12417175400552356
0.12303690421492738
0.12198130229059473
0.12099575620113963
0.12007251798766633
0.11920500517683781
0.11838758463632357
0.11761540311074736
0.11688425306599898
0.11619046552927045
0.11553082377650323
0.11490249327067349
0.11430296437671421
0.1137300052049169
0.11318162254311112
0.11265602929645642
0.11215161719667102
0.1116669338059964
0.11120066304223916
0.1107516086066196
0.11031867981814245
0.10990087945272356
0.10949729326052514
0.10910708089494989
0.10872946803392329
0.10836373951233562
0.1080092333160047
0.10766533531160966
0.10733147460860269
0.10700711946476892
0.10669177366181888
0.1063849732878933
0.10608628387435534
0.10579529784096586
0.10551163221095756
0.10523492656279541
0.10496484118986071
0.10470105544340594
0.1044432662376695
0.10419118669822491
0.10394454493755431
0.10370308294428947
0.1034665555729929
0.10323472962445578
0.10300738300645892
0.10278430396713846
0.1025652903933995
0.1023501491678592
0.10213869557852963
0.10193075277636493
0.10172615127593974
0.10152472849506883
0.10132632833017406
0.10113080076377227
0.10093800150141256
0.10074779163537101
0.10056003733280813
0.10037460954627275
0.10019138374471519
0.10001023966310618
0.09983106106956582
0.09965373554791158
0.0994781542951122
0.09930421193187747
0.09913180632579871
0.09896083842569318
0.09879121210666272
0.09862283402480346
0.09845561348082954
0.09828946229238014
