201
0.3730093436897075
0.37775266022550347
0.38248598127743194
0.38720754341300445
0.3919157126787496
0.39660897740558226
0.4012859413440688
0.40594531711561055
0.41058591997748534
0.41520666188399796
0.4198065458426422
0.4243846605483982
0.42894017528939876
0.4334723351145135
0.4379804562479018
0.44246392174540417
0.44692217738051365
0.45135472774774976
0.45576113257922674
0.46014100325750246
0.46449399952233694
0.4688198263579163
0.47311823105095474
0.4773890004190633
0.48163195818785476
0.4858469625225226
0.4900339036972643
0.49419270189850284
0.4983233051557768
0.5024256873913613
0.5064998465842636
0.5105458030412319
0.5145635977706836
0.518553290949691
0.5225149604862686
0.5264487006637683
0.530354620869362
0.5342328443965304
0.5380835073220664
0.5419067574507721
0.5457027533240882
0.5494716632900694
0.5532136646306294
0.5569289427429578
0.560617690371928
0.5642801068898171
0.5679163976230279
0.5715267732193631
0.575111449057619
0.5786706446933925
0.5822045833410519
0.5857134913895485
0.589197597949748
0.5926571344308367
0.5960923341458453
0.5995034319423029
0.6028906638586279
0.6062542668028094
0.6095944782539388
0.6129115359838282
0.6162056777977521
0.6194771412937518
0.6227261636391348
0.6259529813621898
0.6291578301599673
0.6323409447197035
0.6355025585533465
0.6386429038449418
0.6417622113095155
0.644860710062778
0.6479386275016814
0.6509961891934635
0.6540336187752156
0.6570511378609223
0.6600489659563794
0.6630273203823247
0.6659864162037028
0.6689264661657233
0.6718476806366802
0.674750267554891
0.677634432382443
0.6805003780636057
0.6833483049867795
0.6861784109525672
0.6889908911443392
0.6917859381032405
0.6945637417069965
0.6973244891507826
0.7000683649328792
0.7027955508416264
0.7055062259454445
0.7082005665861484
0.7108787463728373
0.7135409361794894
0.7161873041434536
0.7188180156659638
0.721433233414703
0.724033117327341
0.7266178246167502
0.729187509777212
0.7317423245922422
0.7342824181429927
0.7368079368181809
0.7393190243241273
0.7418158216964472
0.7442984673116501
0.7467670969003519
0.7492218435597975
0.7516628377683154
0.754090207398989
0.7565040777344729
0.7589045714819902
0.7612918087885787
0.7636659072565293
0.7660269819591993
0.7683751454569117
0.7707105078128056
0.7730331766095283
0.7753432569647148
0.7776408515480175
0.7799260605967417
0.782198981932613
0.7844597109778072
0.7867083407712544
0.7889449619846379
0.7911696629386958
0.7933825296188741
0.7955836456912895
0.7977730925186042
0.7999509491751976
0.8021172924629308
0.8042721969261046
0.8064157348666436
0.8085479763589782
0.8106689892645615
0.8127788392465827
0.814877589784077
0.8169653021860573
0.8190420356052984
0.8211078470521604
0.8231627914077356
0.8252069214374166
0.8272402878035647
0.8292629390783582
0.8312749217565132
0.8332762802674192
0.8352670569872902
0.8372472922511572
0.839217024364364
0.8411762896141104
0.8431251222807904
0.8450635546489036
0.846991617017896
0.8489093377127815
0.8508167430947251
0.8527138575709519
0.854600703605111
0.8564773017269485
0.8583436705419459
0.8601998267410342
0.862045785109669
0.8638815585370221
0.8657071580251349
0.8675225926976533
0.8693278698085087
0.8711229947504724
0.8729079710635894
0.8746828004434576
0.8764474827494886
0.8782020160127474
0.8799463964440617
0.8816806184418926
0.8834046745999453
0.8851185557148875
0.8868222507939786
0.8885157470626801
0.890199029971821
0.8918720832052767
0.893534888687241
0.8951874265895623
0.8968296753389784
0.8984616116244655
0.9000832104044622
0.9016944449141626
0.9032952866727815
0.9048857054908832
0.9064656694775872
0.9080351450480251
0.9095940969306462
0.911142488174788
0.9126802801581537
0.9142074325941962
0.9157239035401464
0.9172296494044815
0.918724624954865
0.9202087833262637
0.9216820760288735
0.9231444529564027
0.9245958623945598
0.9260362510294067
0.9274655639561888
