201
-2.3314683517128287e-15
-2.864375403532904e-14
-1.2212453270876722e-15
-7.993605777301127e-15
5.218048215738236e-15
9.048317650695026e-15
-1.3988810110276972e-14
1.6986412276764895e-14
7.382983113757291e-15
1.1157741397482823e-14
1.454392162258955e-14
3.1086244689504383e-15
1.9984014443252818e-14
8.049116928532385e-15
-7.605027718682322e-15
9.769962616701378e-15
-1.0325074129013956e-14
3.774758283725532e-15
-5.828670879282072e-15
-1.637578961322106e-14
4.9960036108132044e-15
-1.0547118733938987e-14
2.631228568361621e-14
-1.0325074129013956e-14
-7.882583474838611e-15
4.440892098500626e-16
-9.992007221626409e-16
-8.659739592076221e-15
3.83026943495679e-15
-1.1102230246251565e-15
1.8318679906315083e-14
1.099120794378905e-14
-1.1102230246251565e-16
6.772360450213455e-15
-4.440892098500626e-16
6.772360450213455e-15
-4.551914400963142e-15
-9.880984919163893e-15
-9.992007221626409e-15
1.7319479184152442e-14
-4.218847493575595e-15
-1.5543122344752192e-15
5.10702591327572e-15
-2.7533531010703882e-14
-7.993605777301127e-15
-2.886579864025407e-15
-1.0436096431476471e-14
9.2148511043888e-15
-3.774758283725532e-15
4.218847493575595e-15
1.3100631690576847e-14
-9.43689570931383e-15
1.4876988529977098e-14
2.4424906541753444e-14
3.885780586188048e-15
-4.884981308350689e-15
5.329070518200751e-15
2.2870594307278225e-14
9.547918011776346e-15
1.0880185641326534e-14
-1.4432899320127035e-15
5.88418203051333e-15
-5.995204332975845e-15
2.6645352591003757e-15
1.8207657603852567e-14
4.440892098500626e-15
1.1102230246251565e-15
-2.886579864025407e-15
-2.220446049250313e-16
-5.773159728050814e-15
8.881784197001252e-16
1.1102230246251565e-15
-3.9968028886505635e-15
5.773159728050814e-15
-4.107825191113079e-15
9.103828801926284e-15
-3.985700658404312e-14
7.771561172376096e-15
4.3298697960381105e-15
-6.439293542825908e-15
2.886579864025407e-15
-2.4424906541753444e-15
-3.3306690738754696e-15
4.9960036108132044e-15
-6.439293542825908e-15
5.551115123125783e-15
-3.9968028886505635e-15
-2.5757174171303632e-14
4.3298697960381105e-15
2.886579864025407e-15
1.1102230246251565e-15
1.0658141036401503e-14
-1.1102230246251565e-15
-8.326672684688674e-15
-2.9976021664879227e-15
2.220446049250313e-16
-3.3306690738754696e-16
3.1086244689504383e-15
-2.6645352591003757e-15
-8.659739592076221e-15
8.326672684688674e-15
9.992007221626409e-16
3.219646771412954e-15
-4.773959005888173e-15
-1.1102230246251565e-15
4.773959005888173e-15
-9.992007221626409e-16
2.220446049250313e-16
8.104628079763643e-15
-3.219646771412954e-15
2.220446049250313e-16
-7.771561172376096e-16
7.993605777301127e-15
2.4424906541753444e-15
-9.992007221626409e-15
-1.1102230246251565e-15
3.9968028886505635e-15
1.7763568394002505e-15
3.219646771412954e-15
6.106226635438361e-15
5.551115123125783e-15
5.10702591327572e-15
1.887379141862766e-15
4.9960036108132044e-15
6.106226635438361e-15
-3.552713678800501e-15
-9.992007221626409e-16
-1.1102230246251565e-15
-5.551115123125783e-15
2.886579864025407e-15
-6.217248937900877e-15
-1.1102230246251565e-16
-1.7763568394002505e-15
2.1094237467877974e-15
5.551115123125783e-15
-2.3314683517128287e-15
8.881784197001252e-16
-1.2212453270876722e-15
5.440092820663267e-15
-7.105427357601002e-15
-7.771561172376096e-16
-4.9960036108132044e-15
4.218847493575595e-15
-4.440892098500626e-16
5.329070518200751e-15
2.1094237467877974e-15
1.5543122344752192e-15
-2.9976021664879227e-15
-2.6645352591003757e-15
2.220446049250313e-15
-6.994405055138486e-15
7.771561172376096e-16
-2.7755575615628914e-15
4.6629367034256575e-15
-5.995204332975845e-15
1.1102230246251565e-15
-2.55351295663786e-15
-2.886579864025407e-15
-5.551115123125783e-16
2.7755575615628914e-15
3.4416913763379853e-15
5.88418203051333e-15
-2.220446049250313e-15
1.1102230246251565e-16
-3.3306690738754696e-15
-5.551115123125783e-16
-1.1213252548714081e-14
0.0
-1.3322676295501878e-15
-2.886579864025407e-15
-5.440092820663267e-15
-1.5543122344752192e-15
6.661338147750939e-16
4.440892098500626e-16
-2.3314683517128287e-15
-5.551115123125783e-16
2.220446049250313e-16
1.3322676295501878e-15
3.219646771412954e-15
2.220446049250313e-16
-8.881784197001252e-16
-4.6629367034256575e-15
-1.1102230246251565e-15
1.1102230246251565e-15
4.440892098500626e-16
-1.7763568394002505e-15
-7.771561172376096e-16
6.661338147750939e-16
-1.4432899320127035e-15
3.9968028886505635e-15
5.440092820663267e-15
2.4424906541753444e-15
3.3306690738754696e-15
-2.6645352591003757e-15
4.440892098500626e-16
-2.220446049250313e-15
6.661338147750939e-16
5.218048215738236e-15
8.881784197001252e-16
4.3298697960381105e-15
-1.5543122344752192e-15
