201
1.2434497875801753e-14
5.218048215738236e-15
1.2212453270876722e-15
-8.326672684688674e-16
2.1649348980190553e-15
5.662137425588298e-15
-8.326672684688674e-15
-4.6629367034256575e-15
-1.5543122344752192e-15
1.1268763699945339e-14
5.717648576819556e-15
-9.381384558082573e-15
-8.271161533457416e-15
-1.7208456881689926e-15
1.049160758270773e-14
5.10702591327572e-15
4.3298697960381105e-15
-1.2878587085651816e-14
1.1546319456101628e-14
-1.6653345369377348e-16
3.608224830031759e-15
6.106226635438361e-16
4.9960036108132044e-15
5.551115123125783e-16
6.217248937900877e-15
2.220446049250313e-15
1.3322676295501878e-15
-1.0547118733938987e-14
-8.881784197001252e-16
6.328271240363392e-15
-1.1546319456101628e-14
5.773159728050814e-15
-9.325873406851315e-15
-7.771561172376096e-16
-1.176836406102666e-14
-8.326672684688674e-15
-1.7985612998927536e-14
-1.176836406102666e-14
-3.1086244689504383e-15
-1.432187701766452e-14
-6.661338147750939e-16
8.215650382226158e-15
-9.992007221626409e-16
-2.4424906541753444e-15
6.106226635438361e-15
1.3322676295501878e-15
9.992007221626409e-16
1.7319479184152442e-14
-2.4424906541753444e-15
5.551115123125783e-15
3.1086244689504383e-15
1.354472090042691e-14
-3.219646771412954e-15
8.881784197001252e-15
8.104628079763643e-15
7.771561172376096e-16
6.328271240363392e-15
-1.3322676295501878e-14
-1.7763568394002505e-15
0.0
1.27675647831893e-14
4.9960036108132044e-15
4.884981308350689e-15
1.6653345369377348e-14
-5.773159728050814e-15
-3.9968028886505635e-15
-3.9968028886505635e-15
-8.326672684688674e-15
-6.328271240363392e-15
-1.6986412276764895e-14
5.551115123125783e-15
1.3100631690576847e-14
-2.9976021664879227e-15
-9.325873406851315e-15
1.887379141862766e-15
9.547918011776346e-15
1.354472090042691e-14
1.1435297153639112e-14
7.771561172376096e-16
9.992007221626409e-16
9.547918011776346e-15
2.220446049250313e-16
-9.658940314238862e-15
-4.6629367034256575e-15
1.3322676295501878e-15
-1.887379141862766e-15
-3.3306690738754696e-16
-8.104628079763643e-15
-1.1102230246251565e-15
-2.886579864025407e-15
2.3314683517128287e-15
5.10702591327572e-15
3.774758283725532e-15
1.9872992140790302e-14
-8.326672684688674e-15
-5.329070518200751e-15
4.551914400963142e-15
1.2212453270876722e-15
-5.10702591327572e-15
-1.2656542480726785e-14
-3.3306690738754696e-15
8.881784197001252e-16
-8.548717289613705e-15
-7.771561172376096e-15
1.0769163338864018e-14
4.440892098500626e-16
-1.0547118733938987e-14
-6.8833827526759706e-15
-7.549516567451064e-15
-1.2434497875801753e-14
-9.547918011776346e-15
-9.992007221626409e-15
-1.8984813721090177e-14
-5.329070518200751e-15
-6.5503158452884236e-15
3.9968028886505635e-15
-3.9968028886505635e-15
-1.1657341758564144e-14
-5.551115123125783e-15
7.66053886991358e-15
-9.325873406851315e-15
-3.9968028886505635e-15
-3.9968028886505635e-15
-1.5543122344752192e-15
-3.1086244689504383e-15
1.5543122344752192e-15
-2.7755575615628914e-15
6.8833827526759706e-15
-1.6209256159527285e-14
9.325873406851315e-15
-1.1657341758564144e-14
1.8540724511240114e-14
-6.8833827526759706e-15
-2.886579864025407e-15
-2.6645352591003757e-15
-6.8833827526759706e-15
2.0761170560490427e-14
1.509903313490213e-14
5.329070518200751e-15
5.88418203051333e-15
-2.2870594307278225e-14
-3.708144902248023e-14
-3.497202527569243e-14
-1.7430501486614958e-14
6.106226635438361e-15
-3.1086244689504383e-15
1.5210055437364645e-14
3.552713678800501e-15
-6.661338147750939e-15
-7.66053886991358e-15
3.9968028886505635e-15
5.440092820663267e-15
2.3314683517128287e-15
-6.772360450213455e-15
5.329070518200751e-15
-5.10702591327572e-15
-1.9984014443252818e-15
-4.107825191113079e-15
7.438494264988549e-15
-3.9968028886505635e-15
4.773959005888173e-15
-4.440892098500626e-16
4.3298697960381105e-15
-2.6645352591003757e-15
-6.8833827526759706e-15
4.440892098500626e-16
-1.5543122344752192e-15
9.103828801926284e-15
-3.552713678800501e-15
1.2545520178264269e-14
1.4432899320127035e-15
-1.1102230246251565e-16
9.103828801926284e-15
-2.6645352591003757e-15
-7.327471962526033e-15
1.199040866595169e-14
-2.9976021664879227e-15
6.661338147750939e-16
3.3306690738754696e-15
-1.5543122344752192e-15
1.7763568394002505e-15
8.770761894538737e-15
8.881784197001252e-16
-5.329070518200751e-15
-7.549516567451064e-15
5.551115123125783e-16
9.992007221626409e-15
5.551115123125783e-15
6.106226635438361e-15
-1.9984014443252818e-15
6.5503158452884236e-15
-1.9984014443252818e-15
-2.7755575615628914e-15
4.773959005888173e-15
1.887379141862766e-15
-6.661338147750939e-15
7.771561172376096e-16
5.662137425588298e-15
7.105427357601002e-15
3.4416913763379853e-15
4.218847493575595e-15
