201
-2.7755575615628914e-15
1.1879386363489175e-14
-7.105427357601002e-15
-3.6637359812630166e-15
-3.774758283725532e-15
9.992007221626409e-16
-5.773159728050814e-15
6.661338147750939e-15
-1.5543122344752192e-15
4.1300296516055823e-14
4.440892098500626e-16
4.3298697960381105e-15
-1.432187701766452e-14
-4.6629367034256575e-15
-3.9968028886505635e-15
1.1102230246251565e-14
-5.218048215738236e-15
2.6645352591003757e-15
7.216449660063518e-15
1.7763568394002505e-15
3.3306690738754696e-16
2.4424906541753444e-15
-2.1094237467877974e-15
-2.220446049250313e-15
-3.552713678800501e-15
-5.995204332975845e-15
-5.995204332975845e-15
1.3322676295501878e-15
7.993605777301127e-15
-4.773959005888173e-15
7.438494264988549e-15
3.3306690738754696e-15
-9.103828801926284e-15
-1.532107773982716e-14
8.43769498715119e-15
1.099120794378905e-14
7.771561172376096e-16
8.548717289613705e-15
-1.3322676295501878e-15
-9.43689570931383e-15
5.218048215738236e-15
1.942890293094024e-15
9.992007221626409e-15
1.1324274851176597e-14
6.439293542825908e-15
-4.274358644806853e-15
-6.661338147750939e-15
1.2212453270876722e-15
7.105427357601002e-15
-9.603429163007604e-15
1.2712053631958042e-14
5.662137425588298e-15
7.771561172376096e-16
-8.659739592076221e-15
1.2212453270876722e-15
6.328271240363392e-15
5.10702591327572e-15
9.103828801926284e-15
-1.1934897514720433e-15
1.4876988529977098e-14
1.4988010832439613e-15
-1.0325074129013956e-14
-8.992806499463768e-15
-5.551115123125783e-17
-2.6922908347160046e-15
-4.6629367034256575e-15
-2.7755575615628914e-17
1.2170819907453279e-14
1.4155343563970746e-14
1.3711254354120683e-14
-4.1494585545365226e-15
5.689893001203927e-15
-1.326716514427062e-14
3.4555691641457997e-15
-6.800116025829084e-15
-7.729927808952652e-15
-1.6937840019437544e-14
1.1504686092678185e-14
4.697631172945194e-15
2.6229018956769323e-15
9.998946115530316e-15
-3.7539416020138106e-15
2.6020852139652106e-15
-1.6368850719317152e-14
-1.3357370765021415e-14
-9.655470867286908e-15
-4.562322741819003e-15
-2.7755575615628914e-16
7.806255641895632e-15
-6.987466161234579e-15
-4.454769886308441e-15
5.065392549852277e-15
4.315992008230296e-15
-6.0923488476305465e-15
-8.305856002976952e-15
2.123301534595612e-15
8.548717289613705e-15
-8.43769498715119e-15
3.3306690738754696e-16
-1.0977330155981235e-14
7.28583859910259e-15
7.299716386910404e-15
-5.800915303666443e-15
2.9282132274488504e-15
7.854827899222983e-15
-3.6637359812630166e-15
1.532107773982716e-14
-4.163336342344337e-15
-2.475797344914099e-14
8.604228440844963e-16
-1.3683498778505054e-14
2.7200464103316335e-15
-3.191891195797325e-15
2.6922908347160046e-15
-2.5202062658991053e-14
4.829470157119431e-15
-2.9976021664879227e-15
-1.3600232051658168e-14
-3.83026943495679e-15
1.687538997430238e-14
-3.4416913763379853e-15
-9.2148511043888e-15
-1.404432126150823e-14
1.609823385706477e-15
-1.0103029524088925e-14
4.9960036108132044e-15
2.1649348980190553e-14
1.6653345369377348e-14
-7.605027718682322e-15
-1.5432100042289676e-14
8.326672684688674e-15
4.773959005888173e-15
7.605027718682322e-15
9.325873406851315e-15
1.887379141862766e-15
-6.2727600891321345e-15
8.43769498715119e-15
6.661338147750939e-16
-7.771561172376096e-16
3.108624468950438e-14
9.880984919163893e-15
-1.9539925233402755e-14
9.992007221626409e-15
1.27675647831893e-14
1.4432899320127035e-14
1.8762769116165146e-14
8.881784197001252e-15
1.4876988529977098e-14
1.0325074129013956e-14
5.218048215738236e-15
-1.6431300764452317e-14
6.661338147750939e-15
-1.9206858326015208e-14
5.329070518200751e-15
7.549516567451064e-15
-9.2148511043888e-15
-9.992007221626409e-16
3.885780586188048e-15
9.992007221626409e-15
-9.992007221626409e-16
-2.4202861936828413e-14
1.3211653993039363e-14
-1.0880185641326534e-14
2.653433028854124e-14
-1.63202784619898e-14
-1.021405182655144e-14
-1.1102230246251565e-15
-2.220446049250313e-16
1.0880185641326534e-14
-1.2212453270876722e-15
3.3306690738754696e-15
-5.10702591327572e-15
4.440892098500626e-15
-5.995204332975845e-15
-1.9984014443252818e-15
6.439293542825908e-15
-2.7977620220553945e-14
4.218847493575595e-15
1.887379141862766e-15
-7.327471962526033e-15
1.4876988529977098e-14
1.5432100042289676e-14
9.325873406851315e-15
1.5654144647214707e-14
-2.55351295663786e-15
1.432187701766452e-14
1.1102230246251565e-15
7.771561172376096e-15
-5.329070518200751e-15
-1.8318679906315083e-14
2.4424906541753444e-15
2.4424906541753444e-15
4.9960036108132044e-15
2.2648549702353193e-14
-6.772360450213455e-15
6.661338147750939e-16
1.3322676295501878e-15
-1.7763568394002505e-15
-7.438494264988549e-15
-5.773159728050814e-15
-1.63202784619898e-14
