201
0.7240658516027374
0.7155808864998312
0.7071518799334292
0.6987809469505323
0.6904701657628871
0.6822215583282167
0.6740370757374883
0.6659185873530464
0.6578678728968381
0.6498866168749793
0.6419764048635557
0.6341387212813403
0.6263749483575465
0.6186863660577893
0.6110741527822221
0.6035393866805823
0.5960830474629156
0.5887060186018223
0.5814090898457009
0.5741929599689443
0.567058239708158
0.560005454829655
0.5530350492945747
0.5461473884830628
0.5393427624536792
0.5326213892117926
0.5259834179697058
0.5194289323795177
0.5129579537285346
0.5065704440833908
0.5002663093746047
0.49404540241493944
0.4879075258439094
0.4818524349952241
0.47587984068276246
0.4699894119022879
0.46418077844825006
0.4584535334424285
0.4528072357757338
0.44724141246187105
0.4417555609049282
0.43634915107889805
0.4310216276228984
0.4257724118525751
0.4206009036889407
0.4155064835062527
0.4104885139023156
0.40554634139225393
0.4006792980277246
0.39588670294495365
0.3911678638434337
0.38652207839754543
0.3819486356042917
0.37744681706904326
0.3730158982328222
0.368655149541882
0.3643638375652237
0.3601412260591669
0.35598657698492736
0.3518991514789866
0.3478782107815056
0.34392301712336276
0.3400328345754482
0.3362069298633569
0.33244457314920334
0.3287450387837691
0.32510760603227595
0.32153155977577685
0.31801619119153324
0.3145607984156674
0.311164687190508
0.3078271715006102
0.30454757420047807
0.3013252276373849
0.29815947427365097
0.29504966731255333
0.29199517133104186
0.2889953629257806
0.28604963137706135
0.2831573793360791
0.2803180235425139
0.27753099557993005
0.2747957426764672
0.2721117285613709
0.2694784343868415
0.2668953597287578
0.2643620236797761
0.26187796605242086
0.25944274871103284
0.2570559570571289
0.2547172016951061
0.25242612031225403
0.25018237981278874
0.24798567875577773
0.24583575015536227
0.24373236471828183
0.2416753346080736
0.2396645178510087
0.23769982352549546
0.23578121791679246
0.23390873186743966
0.23208246962261936
0.2303026195581517
0.22856946730162514
0.22688341192471453
0.22524498611764815
0.22365488158504862
0.2221139813695887
0.2206234014894123
0.21918454527376155
0.21779917527993314
0.21646950996674663
0.21519835588071481
0.2139892918430765
0.2128469310462379
0.211777302919096
0.21078842455556887
0.2098911823360297
0.2091007410590939
0.2084388915229392
0.20793815955715522
0.20764944306508049
0.20765730774003244
0.2081137098389495
0.20932256359329596
0.21199458362065232
0.21827376043933022
0.2390119968116223
0.9991102835919341
0.15496716362984841
0.1741186603978499
0.18035917328805448
0.18331933276259657
0.18499526012327056
0.18606334462576551
0.18681813120570603
0.18741030997520608
0.1879267564967935
0.18842278882542787
0.18893696566203028
0.1894985982372615
0.1901319096530981
0.1908585383244889
0.19169918580062742
0.19267481801069375
0.193807647025857
0.19512203262774866
0.19664540110109094
0.19840926149377164
0.20045039771871237
0.20281232465088805
0.2055471174072208
0.20871775729440448
0.21240118989889656
0.21669236795820082
0.22170966589361712
0.22760222275121883
0.23456002450528474
0.24282791935714276
0.2527253373267978
0.2646743541178621
0.2792400233976989
0.297188715205834
0.3195724707258557
0.34784924697178915
0.3840467336645464
0.43095869020653876
0.4922887028584593
0.5724183498129513
0.6748311266527746
0.796966701099716
0.9191326811406453
0.994870853323096
0.9731514288659049
0.8549408580787431
0.6970284943949127
0.5516897258718363
0.43829206897757983
0.3556335185138323
0.29658109392570264
0.25429069169824203
0.22362954545630645
0.20104004097771677
0.18411333709230343
0.1712192204143686
0.16124377745274285
0.15341519608100762
0.14719034384785762
0.1421809618643768
0.13810524138170888
0.13475566011143403
0.1319773158401705
0.1296531165803376
0.12769350966618845
0.12602925800959697
0.12460629091526121
0.12338198674912601
0.12232245696301285
0.12140053925770805
0.12059429896135805
0.11988589875658905
