201
0.9400402898937399
0.9404818285318346
0.940911624371822
0.9413304309202766
0.9417389864790363
0.942138016328509
0.9425282346714501
0.9429103463758457
0.9432850485479335
0.9436530319609973
0.9440149823595679
0.9443715816555988
0.9447235090296572
0.9450714419478106
0.9454160571016863
0.9457580312790339
0.9460980421686774
0.9464367691034153
0.9467748937424436
0.9471131006943155
0.9474520780789645
0.947792518027635
0.9481351171170752
0.9484805767338194
0.9488296033624956
0.9491829087910834
0.9495412102241994
0.9499052302937374
0.9502756969541701
0.9506533432480075
0.9510389069239708
0.9514331298876856
0.9518367574620645
0.9522505374301969
0.9526752188299344
0.9531115504643439
0.9535602790870936
0.9540221472153938
0.9544978905156396
0.9549882346995784
0.9554938918582183
0.9560155561506019
0.9565538987514063
0.9571095619466246
0.9576831522504036
0.95827523239503
0.9588863120249365
0.9595168368977143
0.9601671763654823
0.9608376088735229
0.9615283051717893
0.9622393088870976
0.9629705140462801
0.9637216390764062
0.9644921967305325
0.9652814592986566
0.9660884183596062
0.9669117382080569
0.967749701948753
0.9686001490855763
0.9694604032401843
0.9703271884108867
0.9711965319217957
0.972063651910502
0.9729228268519347
0.9737672442125442
0.9745888248655209
0.9753780193673428
0.9761235715949271
0.9768122445680455
0.9774285025308035
0.9779541425502316
0.9783678680183316
0.9786447955496065
0.9787558858945932
0.9786672887232807
0.9783395905868948
0.9777269552293124
0.9767761459480762
0.9754254212887117
0.9736032985141457
0.9712271847720239
0.9682018846657775
0.9644180063277393
0.9597503077574908
0.954056053162784
0.9471734876719486
0.9389205905527266
0.9290943341157188
0.9174707588137365
0.9038062731677292
0.8878406939185729
0.8693026435762955
0.8479179945495071
0.8234220521471252
0.7955760478358987
0.764188201767195
0.7291390426770431
0.6904098035812068
0.6481115708463399
0.6025115961944295
0.554052081057062
0.503356242518146
0.4512170394649391
0.39856589071036613
0.34642197928575175
0.29582669635686093
0.2477713597064736
0.20312836172466422
0.16259557500915378
0.12666117583444764
0.09559186720982572
0.06944308577623741
0.04808636267903513
0.031247256712974583
0.018547218154276505
0.009543919783093028
0.003766366960213921
0.0007429031621930355
2.1699612852130938e-05
0.0011843150279387759
0.0038534515050186943
0.007696216225424761
0.012424148600201614
0.017791096792603607
0.023589805042792192
0.029647853146740247
0.03582339744389741
0.04200100829244424
0.04808778231661546
0.05400982399552135
0.05970913404986016
0.06514090519338377
0.07027120360075849
0.07507500242982963
0.07953452853313349
0.0836378826205972
0.08737789485269067
0.090751180974289
0.09375736786446774
0.09639846129500675
0.09867833247292238
0.1006023034217568
0.10217681438064966
0.10340915912584965
0.1043072764784305
0.10487958826799042
0.10513487572395855
0.10508218768874517
0.1047307752408378
0.1040900483075392
0.10316955066736305
0.10197895042621558
0.1005280436086694
0.0988267689709562
0.09688523251993263
0.09471374053320557
0.09232284012648888
0.08972336661852115
0.08692649710337347
0.08394380976810667
0.08078734858427856
0.07746969306918891
0.07400403285228055
0.07040424679487718
0.06668498640640269
0.06286176326227169
0.05895104007744971
0.05497032500223689
0.05093826860302337
0.04687476285117881
0.04280104127954666
0.03873977926847377
0.03471519319339307
0.030753136905651773
0.026881193717940104
0.02312876174169934
0.019527130060005508
0.016109542835259682
0.012911248046644916
0.00996952713320104
0.007323701408102111
0.005015110713815218
0.0030870594375555557
0.0015847247206585828
0.0005550215116308061
4.641906431963872e-05
0.00010870361032851226
0.0007926822848466313
0.0021498240003646535
0.004231833888221098
0.00709015920247534
0.01077542623300236
0.015336809821042512
0.020821339503143663
0.02727314910084726
0.034732679655876154
0.043235848889058646
0.05281320370121352
0.06348907545368727
0.07528076067537474
