201
0.42823684811912066
0.4284481218543756
0.4286644912615928
0.428885527463943
0.4291108486524259
0.4293401132307357
0.42957301418822297
0.4298092744427161
0.4300486429566145
0.43029089147520394
0.43053581176964295
0.4307832132925553
0.4310329211732915
0.4312847744945961
0.4315386248042614
0.4317943348231915
0.4320517773201449
0.4323108341265185
0.4325713952713885
0.43283335821904967
0.43309662719442366
0.43336111258474225
0.4336267304068252
0.4338934018316614
0.43416105275882383
0.4344296134346528
0.4346990181085374
0.4349692047232062
0.43524011463441936
0.435511692357575
0.4357838853371609
0.43605664373737957
0.4363299202512328
0.4366036699262738
0.43687785000510204
0.43715241977946684
0.43742734045613413
0.43770257503372895
0.43797808818942846
0.43825384617426394
0.4385298167168383
0.4388059689339068
0.4390822732479894
0.4393587013106439
0.43963522593162646
0.43991182101275506
0.4401884614866355
0.4404651232594006
0.44074178315749235
0.44101841887788534
0.44129500894170653
0.44157153265066856
0.4418479700464877
0.4421243018727339
0.44240050953914445
0.4426765750880578
0.4429524811629537
0.44322821097864445
0.44350374829367273
0.44377907738389905
0.444054183017692
0.4443290504326634
0.44460366531382284
0.44487801377231073
0.44515208232618314
0.4454258578814286
0.44569932771474313
0.44597247945625
0.4462453010744456
0.44651778086045874
0.4467899074143118
0.4470616696310136
0.44733305668804135
0.44760405803286996
0.447874663371532
0.44814486265724485
0.44841464608016546
0.4486840040572378
0.44895292722257585
0.4492214064182197
0.44948943268561925
0.4497569972571785
0.45002409154817297
0.45029070714933184
0.4505568358194074
0.4508224694781864
0.4510876001997091
0.45135222020680466
0.45161632186808137
0.4518798976684945
0.45214294025390606
0.4524054423741625
0.452667396904297
0.4529287968340031
0.4531896352625759
0.4534499053949335
0.45370960053668913
0.45396871408970535
0.45422723954841315
0.4544851704956271
0.45474250059878424
0.4549992236061315
0.45525533334316204
0.45551082370932056
0.45576568867458506
0.45601992227612026
0.4562735186155069
0.45652647185539785
0.45677877621672613
0.45703042597602417
0.45728141546253503
0.45753173905559397
0.45778139118216193
0.45803036631428745
0.45827865896663644
0.45852626369425203
0.4587731750903076
0.45901938778376644
0.45926489643738744
0.45950969574553774
0.4597537804321984
0.4599971452490438
0.46023978497342416
0.46048169440658315
0.4607228683717711
0.4609633017124856
0.4612029892907654
0.46144192598544403
0.4616801066905002
0.4619175263135323
0.462154179774002
0.4623900620018826
0.46262516793596065
0.4628594925225306
0.46309303071377195
0.46332577746649095
0.46355772774055654
0.46378887649767736
0.4640192186999546
0.46424874930863663
0.46447746328276635
0.4647053555779206
0.46493242114497124
0.4651586549288334
0.4653840518672499
0.46560860688956873
0.46583231491566
0.46605517085459913
0.46627716960364046
0.4664983060470335
0.4667185750548688
0.4669379714820528
0.46715649016714395
0.46737412593126637
0.46759087357708623
0.4678067278877108
0.4680216836256242
0.4682357355317192
0.4684488783241208
0.4686611066972872
0.4688724153209421
0.4690827988390468
0.46929225186880297
0.4695007689997012
0.46970834479237683
0.4699149737778217
0.47012065045620455
0.4703253692960314
0.4705291247330643
0.47073191116939717
0.4709337229724941
0.4711345544741322
0.4713343999695143
0.4715332537162647
0.47173110993345574
0.47192796280063165
0.47212380645685176
0.4723186349997373
0.4725124424844342
0.4727052229227129
0.47289697028192795
0.4730876784841132
0.4732773414049282
0.47346595287272764
0.4736535066675434
0.47383999652012754
0.47402541611091453
0.47420975906908197
0.4743930189714832
0.4745751893416931
0.47475626364898027
0.4749362353072745
0.47511509767414767
0.47529284404981886
0.4754694676760541
0.47564496173518767
0.4758193193490176
0.4759925335778105
0.4761645974191542
0.47633550380693684
0.4765052456102717
