201
0.5127079580700522
0.5076633189886862
0.5027329734246303
0.49791072364891625
0.4931910431214808
0.4885689779169872
0.48404006581456216
0.47960026934108974
0.47524591994503407
0.47097367112795696
0.46678045884542785
0.46266346785193296
0.4586201029407898
0.4546479642416482
0.4507448259028299
0.4469086176124513
0.4431374085148038
0.43942939315596874
0.4357828791593216
0.43219627637947083
0.42866808732804557
0.4251968986951954
0.4217813738210533
0.4184202459916846
0.41511231245487584
0.41185642906469344
0.4086515054786418
0.405496500840338
0.4023904198908921
0.3993323094597808
0.3963212552918741
0.39335637917367217
0.39043683632595044
0.38756181303444187
0.38473052449325185
0.3819422128395457
0.3791961453593494
0.37649161284785954
0.37382792810899246
0.3712044245802667
0.3686204550715143
0.36607539060632716
0.3635686193569173
0.3610995456637634
0.35866758913206553
0.3562721837987287
0.35391277736313675
0.35158883047631184
0.3492998160835423
0.3470452188156218
0.3448245344249783
0.3426372692626313
0.34048293979268673
0.3383610721413825
0.33627120167777685
0.3342128726235555
0.33218563768976017
0.33018905773794394
0.3282227014644469
0.3262861451052977
0.324378972160774
0.3225007731376305
0.32065114530794336
0.3188296924832332
0.3170360248026089
0.315269758534109
0.31353051588806846
0.31181792484172577
0.3101316189740969
0.30847123731069126
0.3068364241769393
0.3052268290599896
0.3036421064783028
0.3020819158581432
0.30054592141689473
0.2990337920524832
0.2975452012384932
0.2960798269245952
0.29463735144207315
0.29321746141372046
0.29181984766817465
0.29044420515826896
0.2890902328829963
0.28775763381299
0.28644611481922955
0.2851553866047721
0.2838851636392331
0.2826351640959679
0.2814051097915978
0.2801947261278484
0.27900374203563905
0.27783188992092495
0.276678905612559
0.2755445283119649
0.2744285005441218
0.2733305681105296
0.272250480043085
0.2711879885598083
0.2701428490213521
0.2691148198890501
0.26810366268380625
0.26710914194624524
0.2661310251975604
0.26516908290165275
0.26422308842770204
0.26329281801386023
0.26237805073164766
0.26147856845094397
0.2605941558058335
0.2597246001609784
0.25886969157862383
0.25802922278625134
0.25720298914473105
0.2563907886169101
0.25559242173691527
0.2548076915796814
0.2540364037311703
0.2532783662588133
0.2525333896824805
0.2518012869458539
0.25108187338814075
0.25037496671614473
0.24968038697673295
0.24899795652958628
0.24832750002037302
0.24766884435409522
0.24702181866888895
0.24638625431001865
0.24576198480421327
0.24514884583423752
0.24454667521386056
0.24395531286286098
0.24337460078254475
0.24280438303136692
0.2422445057008033
0.2416948168915874
0.24115516669001216
0.24062540714462244
0.24010539224307442
0.2395949778892048
0.23909402188036555
0.23860238388492094
0.23811992542008736
0.23764650982989038
0.2371820022632213
0.23672626965248425
0.23627918069197568
0.2358406058168469
0.23541041718207134
0.2349884886416866
0.23457469572824186
0.23416891563243847
0.23377102718289017
0.23338091082627294
0.23299844860742447
0.23262352414989204
0.2322560226364649
0.23189583079003237
0.23154283685451874
0.231196930576162
0.23085800318483907
0.2305259473756775
0.23020065729070552
0.2298820285010134
0.22956995798864327
0.22926434412906394
0.2289650866735466
0.2286720867319972
0.22838524675569793
0.22810447052035152
0.22782966310935107
0.22756073089717405
0.22729758153291274
0.22704012392409786
0.22678826822052364
0.2265419257984585
0.22630100924484958
0.22606543234179247
0.22583511005115298
0.22560995849933577
0.2253898949622739
0.22517483785049727
0.2249647066944734
0.2247594221301328
0.22455890588425373
0.22436308076051265
0.22417187062530142
0.22398520039384767
0.22380299601647058
0.22362518446509122
0.22345169371966214
0.22328245275511432
0.2231173915280223
0.22295644096390177
0.2227995329441552
0.2226466002936798
0.222497576768197
0.22235239704196869
0.22221099669559832
0.22207331220399124
0.22193928092444937
