201
2.4424906541753444e-15
-2.9976021664879227e-15
-5.218048215738236e-15
-6.106226635438361e-16
-5.162537064506978e-15
-3.608224830031759e-15
-6.994405055138486e-15
7.605027718682322e-15
1.1102230246251565e-16
-1.3766765505351941e-14
-1.4432899320127035e-15
-4.9404924595819466e-15
-6.328271240363392e-15
-3.219646771412954e-15
-1.1657341758564144e-15
-6.106226635438361e-16
-4.6074255521944e-15
-1.3322676295501878e-15
-1.1657341758564144e-15
-4.496403249731884e-15
-2.3869795029440866e-15
-1.887379141862766e-15
1.5543122344752192e-15
1.1102230246251565e-16
-6.494804694057166e-15
-1.3322676295501878e-15
1.4432899320127035e-15
-8.826273045769994e-15
-4.9960036108132044e-15
-2.220446049250313e-15
3.552713678800501e-15
-2.220446049250313e-15
-2.7755575615628914e-16
-2.7755575615628914e-16
3.6637359812630166e-15
-1.6653345369377348e-16
-1.887379141862766e-15
3.497202527569243e-15
-2.6645352591003757e-15
6.661338147750939e-16
5.10702591327572e-15
9.43689570931383e-16
2.7755575615628914e-15
1.27675647831893e-15
-1.1102230246251565e-16
-6.661338147750939e-16
-1.1102230246251565e-16
-1.021405182655144e-14
5.551115123125783e-16
-4.773959005888173e-15
2.4424906541753444e-15
1.27675647831893e-15
-2.9976021664879227e-15
-1.7208456881689926e-15
-4.996003610813204e-16
-7.66053886991358e-15
-5.218048215738236e-15
9.992007221626409e-16
-3.9968028886505635e-15
5.162537064506978e-15
3.164135620181696e-15
3.3306690738754696e-16
-5.773159728050814e-15
8.826273045769994e-15
-5.551115123125783e-17
1.1102230246251565e-15
-1.887379141862766e-15
-7.105427357601002e-15
-5.218048215738236e-15
-7.771561172376096e-16
-7.605027718682322e-15
-1.4988010832439613e-15
-5.329070518200751e-15
-1.0547118733938987e-15
4.440892098500626e-16
-5.495603971894525e-15
-2.942091015256665e-15
-2.1094237467877974e-15
1.6653345369377348e-15
2.7755575615628914e-16
-2.609024107869118e-15
-7.66053886991358e-15
1.1102230246251565e-15
5.551115123125783e-16
1.887379141862766e-15
-2.4980018054066022e-15
-3.4416913763379853e-15
2.6645352591003757e-15
-1.942890293094024e-15
-1.7208456881689926e-15
-6.661338147750939e-16
-3.164135620181696e-15
-5.551115123125783e-17
4.385380947269368e-15
-4.440892098500626e-15
2.886579864025407e-15
1.0158540675320182e-14
-3.1086244689504383e-15
-1.1102230246251565e-15
4.9404924595819466e-15
2.1094237467877974e-15
-5.10702591327572e-15
-5.218048215738236e-15
-9.992007221626409e-16
1.4432899320127035e-15
2.7755575615628914e-16
6.217248937900877e-15
6.661338147750939e-16
-6.161737786669619e-15
-6.328271240363392e-15
-7.66053886991358e-15
-2.0539125955565396e-15
-3.9968028886505635e-15
3.9968028886505635e-15
-8.493206138382448e-15
2.9976021664879227e-15
2.4424906541753444e-15
-6.8833827526759706e-15
2.7755575615628914e-15
9.992007221626409e-16
-4.163336342344337e-15
-2.3869795029440866e-15
-9.71445146547012e-15
-1.7208456881689926e-15
-7.93809462606987e-15
-1.3877787807814457e-16
1.1102230246251565e-16
7.494005416219807e-15
-3.524958103184872e-15
-2.831068712794149e-15
3.0531133177191805e-16
-2.220446049250313e-16
-5.551115123125783e-17
1.27675647831893e-15
8.326672684688674e-16
2.3869795029440866e-15
8.604228440844963e-16
2.220446049250313e-16
3.7192471324942744e-15
5.218048215738236e-15
-7.771561172376096e-16
-1.2101430968414206e-14
-2.0539125955565396e-15
7.382983113757291e-15
4.413136522884997e-15
4.413136522884997e-15
3.0531133177191805e-15
4.9404924595819466e-15
2.3314683517128287e-15
-2.0539125955565396e-15
-1.1102230246251565e-16
-1.7763568394002505e-15
-9.43689570931383e-16
-5.551115123125783e-17
4.9960036108132044e-15
-1.174060848541103e-14
-1.0547118733938987e-15
2.7755575615628914e-17
6.078471059822732e-15
-5.828670879282072e-16
-8.104628079763643e-15
6.827871601444713e-15
2.7478019859472624e-15
1.049160758270773e-14
-7.271960811294775e-15
3.3306690738754696e-16
-3.941291737419306e-15
2.498001805406602e-16
7.66053886991358e-15
4.246603069191224e-15
1.5265566588595902e-15
-1.4988010832439613e-15
7.16093850883226e-15
-7.299716386910404e-15
-8.326672684688674e-17
-9.43689570931383e-16
-9.048317650695026e-15
-1.4710455076283324e-15
4.884981308350689e-15
-1.1379786002407855e-15
8.992806499463768e-15
4.912736883966318e-15
3.6914915568786455e-15
2.4147350785597155e-15
2.3592239273284576e-15
9.603429163007604e-15
2.1094237467877974e-15
6.161737786669619e-15
1.1102230246251565e-16
-1.071365218763276e-14
-1.0269562977782698e-15
1.4988010832439613e-15
1.4988010832439613e-15
7.771561172376096e-16
-5.523359547510154e-15
1.0824674490095276e-15
2.3592239273284576e-15
-7.271960811294775e-15
-2.0261570199409107e-15
-4.9404924595819466e-15
-9.880984919163893e-15
