201
0.8978016587334526
0.8911218790523313
0.8842593696314285
0.8772120001031215
0.869977661284431
0.8625542724432764
0.8549397895654391
0.8471322145528535
0.8391296053164626
0.8309300867462002
0.8225318625587432
0.8139332280314775
0.80513258364053
0.7961284496226463
0.7869194814858115
0.7775044864913401
0.7678824411333759
0.7580525096346699
0.7480140634814932
0.7377667020079308
0.7273102740430046
0.7166449006209248
0.7057709987511626
0.6946893062337927
0.6834009074970095
0.6719072604201384
0.6602102240950902
0.6483120874609576
0.6362155987329541
0.6239239955300291
0.6114410355818938
0.5987710278804216
0.5859188641140253
0.5728900502034089
0.5596907377269927
0.5463277550053053
0.5328086375777039
0.5191416577854583
0.5053358531412202
0.491401053138974
0.4773479041320412
0.4631878918790672
0.44893336133432793
0.434597533235501
0.4201945170251433
0.4057393196256331
0.39124784957892267
0.3767369160565105
0.36222422225050066
0.34772835266463437
0.3332687538437073
0.3188657081093136
0.3045402999064164
0.290314374415261
0.2762104881433852
0.2622518512821247
0.24846226169787988
0.23486603051860144
0.22148789938113675
0.20835294951877548
0.1954865029883453
0.18291401646378025
0.1706609681544553
0.15875273854010058
0.14721448574608856
0.1360710165111958
0.1253466538215167
0.1150651023954629
0.105249313301289
0.0959213490714535
0.08710225073795745
0.07881190825174797
0.07106893576682388
0.06389055325423197
0.05729247587753675
0.05128881249239965
0.04589197454300704
0.0411125965090197
0.03695946891558185
0.03343948475532536
0.030557599992650945
0.028316808624469926
0.026718132568438753
0.0257606264407289
0.025441397076269502
0.025755637438878428
0.026696674373469242
0.028256029469488075
0.030423492138776785
0.033187203865611685
0.036533752463643335
0.040448275076214554
0.0449145685839938
0.049915206037277046
0.055431657710169314
0.06144441537789723
0.06793311844688776
0.07487668061525055
0.08225341581039924
0.09004116223500912
0.09821740344845724
0.10675938551950961
0.11564422940311672
0.12484903780858365
0.13435099595377178
0.14412746571417434
0.15415607279856114
0.1644147866899443
0.17488199320137998
0.18553655958892137
0.19635789225791125
0.20732598717538403
0.21842147317178914
0.2296256483775498
0.24092051008633975
0.25228877838188984
0.26371391389355614
0.2751801300718148
0.286672400389604
0.29817646088121275
0.3096788084412345
0.32116669528940056
0.3326281200140551
0.34405181558396986
0.3554272347080393
0.36674453290460496
0.3779945496219149
0.38916878772813934
0.4002593916717044
0.41125912458504577
0.4221613445865612
0.4329599805099942
0.4436495072705246
0.4542249210534848
0.4646817144935115
0.47501585199139745
0.4852237452944753
0.49530222945743085
0.5052485392731356
0.5150602862588286
0.5247354362621901
0.5342722877427739
0.5436694507721013
0.5529258267865298
0.5620405891156778
0.5710131643026869
0.5798432142281686
0.5885306190352799
0.5970754608585122
0.6054780083454112
0.6137387019601255
0.6218581400565765
0.6298370656987481
0.6376763542131656
0.6453770014479583
0.6529401127168154
0.6603668924036489
0.6676586342010015
0.674816711958369
0.6818425711137671
0.6887377206820541
0.6955037257744856
0.7021422006238534
0.708654802090563
0.7150432236235994
0.7213091896537112
0.7274544503944371
0.7334807770295781
0.7393899572635669
0.7451837912147087
0.7508640876317014
0.7564326604123393
0.7618913254070463
0.7672418974900972
0.7724861878794109
0.7776260016924319
0.7826631357183513
0.7875993763967206
0.7924364979862129
0.7971762609101769
0.8018204102694926
0.8063706745075978
0.810828764220523
0.8151963710981325
0.8194751669896025
0.8236668030831451
0.8277729091919279
0.8317950931360384
0.8357349402170098
0.8395940127745253
0.8433738498194563
0.8470759667393064
0.8507018550664912
0.8542529823080462
0.8577307918287718
0.861136702785186
0.8644721101044988
0.8677383845058038
0.8709368725586389
0.8740688967765716
0.8771357557410917
