201
0.3511247537719622
0.47121880919116776
0.5650277618483905
0.6363346475725099
0.6904233713053328
0.731821639475755
0.763934368796464
0.7892124492716278
0.8094007259500925
0.8257454559903623
0.8391454883947937
0.850257287511067
0.8595668197190949
0.8674387504467462
0.8741503448821936
0.8799150695324945
0.8848992190679318
0.889233775597788
0.8930229729061289
0.8963505564401615
0.8992844125983597
0.9018800303486906
0.904183117132307
0.9062315954860509
0.9080571414109522
0.9096863802454507
0.911141824121742
0.9124426126845139
0.9136051027475411
0.9146433410194901
0.915569445623223
0.9163939159554008
0.9171258858554195
0.9177733316312421
0.9183432439138948
0.9188417703575946
0.9192743347087183
0.9196457366177244
0.9199602356782579
0.9202216224840726
0.9204332789508287
0.9205982297216342
0.9207191861351249
0.9207985839644934
0.9208386159191854
0.9208412597264836
0.9208083024693539
0.9207413617425284
0.920641904095244
0.9205112611530877
0.9203506437482598
0.9201611543357902
0.9199437979305851
0.9196994917642931
0.9194290738313896
0.9191333104688336
0.9188129030931974
0.9184684942008106
0.9181006727228427
0.9177099788133334
0.917296908138547
0.9168619157263997
0.9164054194272774
0.915927803030691
0.91542941907662
0.9149105913955806
0.9143716174072081
0.9138127702033562
0.9132343004387162
0.9126364380493269
0.9120193938166281
0.9113833607930718
0.9107285156031206
0.9100550196320192
0.9093630201135896
0.9086526511267645
0.9079240345093104
0.9071772806970588
0.9064124894954557
0.9056297507894144
0.9048291451973969
0.9040107446747426
0.9031746130704942
0.9023208066422845
0.9014493745323658
0.9005603592086943
0.8996537968734946
0.8987297178426072
0.8977881468974914
0.8968291036125472
0.895852602659597
0.8948586540915006
0.8938472636061163
0.892818432792938
0.8917721593629555
0.8907084373636825
0.8896272573800399
0.8885286067223113
0.8874124696022818
0.8862788272983606
0.8851276583101738
0.8839589385040183
0.8827726412493228
0.8815687375469474
0.8803471961499201
0.8791079836771468
0.8778510647204397
0.8765764019456478
0.8752839561878458
0.8739736865415134
0.872645550445345
0.8712995037629858
0.8699355008590628
0.8685534946714659
0.8671534367796089
0.8657352774694691
0.8642989657951541
0.8628444496376497
0.8613716757603513
0.8598805898622901
0.858371136628596
0.8568432597788932
0.8552969021130704
0.8537320055556339
0.8521485111976035
0.8505463593367392
0.848925489516453
0.8472858405626684
0.8456273506195399
0.8439499571836939
0.8422535971373338
0.8405382067798258
0.8388037218586853
0.8370500775991259
0.8352772087328476
0.8334850495259127
0.8316735338058173
0.8298425949877256
0.8279921661003138
0.8261221798104716
0.8242325684478395
0.8223232640287943
0.8203941982798342
0.8184453026602927
0.8164765083853154
0.8144877464480129
0.8124789476413128
0.8104500425798269
0.8084009617214069
0.8063316353882939
0.8042419937886107
0.8021319670373639
0.8000014851774573
0.797850478200871
0.7956788760697177
0.7934866087373126
0.7912736061694323
0.7890397983657109
0.7867851153809218
0.7845094873468723
0.7822128444942451
0.7798951171746508
0.7775562358831684
0.775196131280994
0.772814734218772
0.7704119757596699
0.7679877872037744
0.7655421001119899
0.7630748463312849
0.7605859580197173
0.758075367672455
0.7555430081484162
0.752988812697139
0.7504127149866204
0.7478146491319448
0.7451945497240738
0.7425523518600851
0.7398879911739213
0.7372014038677267
0.7344925267443811
0.7317612972408479
0.729007653462636
0.7262315342186016
0.7234328790577557
0.7206116283062534
0.7177677231061463
0.7149011054548337
0.7120117182459718
0.7090995053113869
0.706164411464646
0.7032063825455069
0.700225365466079
0.6972213082582942
0.694194160122775
0.6911438714792937
0.6880703940189276
0.6849736807573866
0.6818536860907268
0.6787103658521176
0.6755436773707201
0.6723535795323935
