201
0.46090193070625574
0.4839347412554026
0.5073033636306218
0.5309436517760769
0.5547864192213965
0.5787578227572131
0.6027798441337524
0.6267708673631426
0.6506463462451183
0.674319553681683
0.6977024013549916
0.7207063155397246
0.74324315236478
0.7652261338686865
0.7865707848307454
0.8071958496992758
0.8270241690387489
0.8459834958051188
0.8640072333851961
0.8810350796597293
0.8970135642358091
0.9118964693138512
0.9256451282452488
0.9382285995198751
0.9496237175304929
0.959815024836996
0.968794593660759
0.97656174686456
0.9831226906654534
0.988490072718514
0.9926824800280034
0.995723891390801
0.997643098822108
0.9984731117195687
0.9982505564722824
0.9970150829049547
0.9948087874502536
0.9916756613473824
0.9876610705451809
0.9828112724065997
0.9771729728171805
0.9707929259313404
0.9637175775748289
0.9559927522668094
0.9476633829464441
0.9387732817765044
0.9293649498409846
0.9194794231535737
0.9091561521138734
0.8984329113965496
0.8873457371912841
0.8759288887324344
0.8642148311403879
0.8522342367255973
0.8400160020743219
0.8275872784298212
0.814973513081363
0.802198499695301
0.7892844357303475
0.7762519852845164
0.7631203459323246
0.7499073182859577
0.7366293771978129
0.7233017436827749
0.7099384567802548
0.6965524447161757
0.6831555948331081
0.6697588218722119
0.6563721342719722
0.6430046982358678
0.6296648993830891
0.6163604018640831
0.6030982048614679
0.5898846964466158
0.5767257047947312
0.5636265467891038
0.5505920740657452
0.5376267165744245
0.5247345237390909
0.5119192033141798
0.4991841580444716
0.4865325202335433
0.4739671843359809
0.4614908376879885
0.449105989487171
0.4368149981355475
0.42462009705905157
0.4125234191030243
0.40052701961650156
0.38863289831811054
0.37684302004213105
0.3651593344549818
0.353583794826513
0.3421183759381389
0.33076509120574576
0.31952600908288276
0.3084032688156588
0.2973990956068948
0.2865158152447922
0.27575586824937026
0.2651218235795045
0.2546163919407439
0.2442424387305658
0.2340029966501149
0.22390127800605064
0.21394068672387306
0.20412483008166107
0.19445753017821388
0.18494283513280327
0.17558503001343098
0.16638864748475732
0.15735847815612886
0.1484995806086319
0.1398172910667401
0.13131723267840825
0.12300532435673321
0.11488778912662324
0.10697116191506767
0.09926229671208274
0.09176837301915522
0.0844969014953714
0.07745572869873035
0.0706530408106425
0.06409736622042429
0.05779757683793417
0.05176288798738318
0.0460028567294005
0.040527378443681365
0.03534668149647862
0.030471319805449974
0.02591216310710229
0.02168038472158077
0.017787446603743214
0.014245081462933844
0.011065271731354584
0.008260225156976088
0.005842346800784627
0.0038242072201645615
0.002218506628542608
0.001038034833361313
0.0002956267704372775
4.113473674936439e-06
0.00017626834618295712
0.0008247486312882872
0.0019620320212113667
0.0036003483865609262
0.005751606663299269
0.00842731699273608
0.011638508279677662
0.015395641403022515
0.01970851840335834
0.02458618804835843
0.030036848278769977
0.036067746131035555
0.042685075831752906
0.04989387586638585
0.05769792591930166
0.06609964468818207
0.07509998966278049
0.08469836005139579
0.09489250410708955
0.10567843217388241
0.11705033681087772
0.12900052138775037
0.141519338535858
0.15459513982823553
0.16821423800295446
0.1823608829741999
0.1970172527567666
0.2121634603032448
0.22777757707112525
0.2438356739544631
0.26031187997953337
0.2771784589300344
0.294405903801226
0.31196304870320973
0.32981719756395317
0.3479342686909557
0.36627895397872523
0.3848148912951495
0.40350484832761696
0.4223109159758691
0.4411947091776493
0.46011757293302397
0.4790407911832885
0.49792579615153276
0.5167343757453766
0.5354288766700542
0.5539724009710255
0.5723289938785117
0.5904638209719729
0.6083433329043567
0.6259354161452995
0.6432095284660302
0.6601368181461251
0.676690226174872
0.6928445709776818
0.7085766154947138
0.723865116680123
0.7386908577486891
0.7530366637127978
