201
0.14439513289570174
0.14305771072331666
0.14178787308527854
0.14058106023503583
0.1394330701486158
0.13834002594347428
0.13729834663470908
0.13630472085376952
0.1353560831973595
0.1344495929173412
0.13358261469512764
0.13275270127450772
0.13195757775537537
0.13119512737094538
0.13046337859438933
0.12976049343640428
0.1290847568115556
0.12843456686517116
0.12780842616462598
0.12720493366817093
0.1266227773961452
0.1260607277353043
0.12551763131548477
0.1249924054047741
0.12448403277297526
0.12399155698108183
0.12351407805625639
0.12305074851787168
0.12260076972237229
0.12216338849826595
0.12173789404619335
0.12132361507993411
0.12091991718787692
0.12052620039589776
0.12014189691433419
0.11976646905358967
0.119399407294184
0.11904022849850128
0.11868847425259424
0.11834370932738003
0.11800552024967631
0.11767351397432854
0.11734731664924784
0.11702657246630654
0.11671094259129687
0.11640010416686934
0.11609374938276067
0.11579158460858523
0.11549332958392186
0.115198716662112
0.11490749010314091
0.11461940541255096
0.11433422872271691
0.11405173621355906
0.11377171356999559
0.11349395547319259
0.11321826512371737
0.11294445379396237
0.11267234040807629
0.11240175114742051
0.11213251907980377
0.11186448381103266
0.1115974911570439
0.11133139283555751
0.11106604617573562
0.11080131384474096
0.11053706359015539
0.11027316799725354
0.11000950426003855
0.10974595396537543
0.10948240288924468
0.10921874080446652
0.10895486129911518
0.10869066160503514
0.10842604243584779
0.10816090783372699
0.10789516502475692
0.10762872428190744
0.10736149879562669
0.10709340455130766
0.10682436021343437
0.1065542870157234
0.10628310865735648
0.10601075120461952
0.10573714299774668
0.10546221456271108
0.10518589852772794
0.10490812954403264
0.10462884421096326
0.10434798100497042
0.10406548021219905
0.10378128386485629
0.10349533568081004
0.10320758100629715
0.10291796676185024
0.10262644139089139
0.10233295481125318
0.10203745836908143
0.10173990479534867
0.10144024816471399
0.10113844385650733
0.10083444851792847
0.10052822002926964
0.10021971747100293
0.09990890109278415
0.09959573228415841
0.0992801735469783
0.0989621884693602
0.09864174170122092
0.09831879893129615
0.09799332686547263
0.0976652932064497
0.09733466663480093
0.09700141679103434
0.09666551425902403
0.09632693055038216
0.09598563808996714
0.09564161020239535
0.09529482109942088
0.09494524586835824
0.09459286046125852
0.0942376416849004
0.09387956719165677
0.09351861547094226
0.09315476584145733
0.09278799844398583
0.0924182942348337
0.09204563497975543
0.09167000324840482
0.09129138240919744
0.09090975662461341
0.09052511084672299
0.09013743081308183
0.08974670304276411
0.08935291483257948
0.08895605425329628
0.08855611014592654
0.08815307211783363
0.08774693053868117
0.0873376765360867
0.08692530199085097
0.0865097995316805
0.08609116252918807
0.08566938508917726
0.08524446204479393
0.08481638894763563
0.08438516205737133
0.08395077832987054
0.0835132354032739
0.08307253158207421
0.08262866581860118
0.0821816376915938
0.08173144738161314
0.08127809564254682
0.08082158376885926
0.08036191355796737
0.0798990872669181
0.07943310756270666
0.07896397746528903
0.07849170028221497
0.07801627953373709
0.07753771886700059
0.07705602195786264
0.0765711923981529
0.07608323356691842
0.07559214848242463
0.07509793963289389
0.07460060878189857
0.07410015674513185
0.07359658313370696
0.07308988605870342
0.0725800617906138
0.07206710436639976
0.07155100513495023
0.07103175223051714
0.07050932996153003
0.0699837180991359
0.06945489104734773
0.06892281687220046
0.0683874561624944
0.06784876068888374
0.06730667181975485
0.06676111864291492
0.06621201572948729
0.06565926045994926
0.06510272981181656
0.06454227648083206
0.06397772417187383
0.06340886184822556
0.06283543666429925
0.062257145220731655
0.06167362266375824
0.06108442898811971
0.0604890316766311
0.05988678348798253
0.05927689374373178
0.05865839079269216
0.05803007233400853
0.057390438774745096
0.05673760247865046
0.05606916211241528
