201
0.8335367112182791
0.8214177652908649
0.8091199172961563
0.7966688190470976
0.7840892241162524
0.7714049306521069
0.7586387353415832
0.7458123979267891
0.7329466156116087
0.7200610066518333
0.7071741023758684
0.6943033468771231
0.6814651036069397
0.6686746681105625
0.6559462861623268
0.6432931765852127
0.6307275580735314
0.6182606793720099
0.6059028522118518
0.5936634864448904
0.5815511268637392
0.569573491242456
0.5577375091788761
0.546049361360731
0.5345145189269221
0.5231377826294856
0.511923321547463
0.5008747111334735
0.48999497041250234
0.47928659818235314
0.46875160808945915
0.45839156248482466
0.4482076049850562
0.43820049168251685
0.42837062096771944
0.4187180619484881
0.40924258144951176
0.3999436696062044
0.3908205640639475
0.3818722728038527
0.3730975956306247
0.36449514435411456
0.356063361708835
0.3478005390523528
0.339704832892805
0.3317742802927569
0.32400681319911134
0.3164002717501698
0.30895241661238315
0.3016609403935269
0.2945234781850453
0.2875376172822332
0.28070090612740073
0.2740108625251148
0.2674649811729609
0.26106074054890854
0.2547956092010475
0.24866705147403387
0.24267253271283937
0.23680952397992458
0.23107550631730467
0.22546797458796897
0.2199844409263778
0.21462243782602541
0.20937952089191908
0.2042532712833456
0.19924129787001363
0.1943412391248579
0.1895507647738639
0.18486757722172048
0.18028941277486882
0.17581404267330367
0.1714392739528098
0.167162950148634
0.1629829518558666
0.15889719715882816
0.154903641941878
0.15100028009115743
0.147185143599234
0.14345630258139608
0.13981186521090835
0.13624997758397142
0.13276882351901062
0.1293666242990001
0.12604163836203972
0.12279216094711298
0.11961652369806844
0.11651309423422236
0.11348027568831566
0.11051650621820656
0.10762025849613197
0.10479003917685617
0.10202438835082692
0.09932187898296371
0.09668111633925372
0.09410073740704004
0.09157941030634306
0.08911583369749945
0.08670873618640336
0.08435687572744294
0.08205903902682263
0.07981404094754177
0.0776207239170674
0.07547795733755486
0.07338463700190515
0.07133968451327911
0.06934204671304092
0.06739069511320823
0.06548462533669043
0.06362285656589098
0.06180443099835311
0.06002841331149875
0.05829389013580722
0.05659996953665261
0.05494578050637089
0.053330472464326206
0.05175321476662357
0.050213196227316896
0.04870962464562476
0.04724172634604862
0.04580874572670005
0.04440994481689387
0.0430446028452724
0.0417120158169837
0.04041149609974185
0.0391423720206683
0.03790398747092168
0.03669570152039014
0.035516888041385364
0.03436693534057162
0.03324524580067908
0.03215123553035906
0.031084334021933578
0.030043983819294982
0.02902964019145261
0.028040770817021343
0.027076855474573964
0.02613738574034635
0.025221864696244642
0.024329806642588995
0.023460736819265054
0.022614191133835806
0.021789715896737595
0.02098686756245328
0.020205212479681746
0.019444326643348914
0.018703795460155326
0.017983213510179983
0.017282184332503833
0.016600320183407544
0.015937241844025493
0.015292578396841216
0.014665967028699954
0.014057052827761674
0.013465488594554303
0.012890934650820286
0.012333058657266789
0.011791535434298313
0.011266046789355609
0.010756281346891943
0.01026193438365441
0.009782707667666734
0.00931830930289735
0.008868453575971312
0.008432860808367597
0.00801125721177575
0.007603374747724305
0.0072089509899846424
0.006827728991885025
0.006459457155673731
0.0061038891062025116
0.0057607835676806475
0.00542990424328964
0.0051110196984776365
0.004803903246647096
0.004508332838338817
0.004224090952861821
0.003950964492983943
0.003688744682243363
0.0034372269646526102
0.0031962109075348247
0.002965500106179916
0.0027449020914197798
0.0025342282392908566
0.0023332936831671446
0.002141917227914492
0.001959921266475476
0.0017871316983101378
0.0016233778500408405
0.0014684923980755019
0.0013223112931091516
0.0011846736865978225
0.00105542185899619
0.0009344011498598113
0.0008214598895802534
0.0007164493329335615
0.0006192235941873781
0.0005296395838454611
0.0004475569469553615
0.00037283800290668006
0.0003053476867226859
