201
5.8072692884267156e-05
8.521691461390246e-05
0.00011724585899569519
0.00015402330648139873
0.0001954134054486965
0.00024128070761983368
0.00029149020398276237
0.00034590736113750803
0.0004043981580230859
0.0004668291229865474
0.0005330673711152395
0.000602980641775298
0.0006764373363118617
0.0007533065558893694
0.000833458139326613
0.0009167627009802488
0.0010030916685297674
0.0010923173206638184
0.001184312824659483
0.001278952273608216
0.001376110723543241
0.0014756642301468632
0.0015774898850781276
0.0016814658519833385
0.0017874714019437245
0.0018953869484725295
0.002005094081963128
0.0021164756035190603
0.0022294155581724534
0.00234379926742329
0.0024595133610146353
0.0025764458080846974
0.002694485947395491
0.0028135245168181724
0.002933453681957184
0.0030541670639127327
0.003175559766081754
0.003297528400045741
0.003419971110591017
0.0035427875995597876
0.003665879148930686
0.003789148642638131
0.003912500587515798
0.004035841133220318
0.004159078090879427
0.004282120950889002
0.0044048808994666105
0.004527270834215981
0.004649205378530515
0.004770600894845383
0.004891375496947674
0.005011449060935158
0.005130743235329994
0.00524918144983328
0.005366688923164042
0.005483192669711269
0.005598621505116922
0.005712906050783455
0.005825978737303086
0.00593777380682089
0.006048227314331663
0.00615727712801885
0.006264862928486684
0.006370926207003092
0.00647541026285537
0.006578260199565089
0.006679422920348196
0.006778847122447796
0.006876483290780423
0.006972283690490091
0.007066202358774594
0.007158195095816651
0.00724821945493049
0.007336234731910279
0.007422201953577276
0.007506083865621042
0.007587844919807492
0.0076674512602412075
0.007744870709336375
0.007820072752842959
0.00789302852443437
0.007963710789633375
0.008032093929219173
0.008098153922156074
0.008161868327916048
0.008223216268476139
0.00828217840965914
0.00833873694228494
0.008392875562866433
0.008444579453795856
0.008493835263368615
0.008540631085520263
0.008584956439032088
0.008626802246817661
0.008666160814677411
0.008703025810002561
0.008737392240280323
0.008769256431475466
0.008798616006072797
0.008825469861289393
0.008849818147011912
0.008871662243660296
0.008891004740180673
0.008907849411755637
0.008922201197699403
0.008934066179308022
0.008943451557718491
0.008950365631854362
0.00895481777642913
0.008956818419992813
0.008956379023184536
0.008953512056975574
0.008948230981174525
0.008940550222996007
0.008930485155811959
0.008918052078113109
0.00890326819260649
0.00888615158564896
0.008866721206648031
0.008844996848007085
0.008820999125053014
0.008794749456331023
0.008766270044185068
0.008735583855529224
0.008702714602915834
0.008667686725991433
0.008630525373083762
0.008591256383175367
0.008549906268319493
0.008506502196054665
0.008461071972483409
0.008413644025414151
0.008364247388046317
0.008312911682787588
0.008259667105582546
0.008204544410539836
0.008147574894844935
0.008088790384102144
0.00802822321794045
0.007965906236170345
0.007901872765005917
0.00783615660396097
0.007768792012825818
0.007699813699215526
0.007629256806418792
0.007557156901525848
0.00748354996406785
0.007408472374908921
0.0073319609055473075
0.007254052707787591
0.007174785303756523
0.007094196576338562
0.007012324759862957
0.006929208431221852
0.006844886501427614
0.006759398207356507
0.006672783103971279
0.006585081056874682
0.0064963322351950185
0.006406577104865476
0.006315856422190235
0.006224211227794286
0.0061316828409571115
0.006038312854201354
0.005944143128324117
0.005849215787640125
0.005753573215707637
0.005657258051270407
0.005560313184587983
0.005462781754052737
0.005364707143223029
0.005266132978087748
0.005167103124628164
0.005067661686829814
0.004967853004887366
0.00486772165382169
0.004767312442250917
0.004666670411690362
0.004565840835958762
0.004464869221035147
0.00436380130508972
0.004262683058934352
0.004161560686697852
0.004060480626786279
0.0039594895532211755
0.0038586343771713737
0.0037579622488216023
0.003657520559543977
0.003557356944315816
0.003457519284450171
0.0033580557106340126
0.0032590146061459106
0.0031604446104962864
0.003062394623259536
0.002964913808165425
0.0028680515975713413
0.0027718576970912527
0.002676382090594321
0.0025816750454243395
0.0024877871179206012
0.002394769159196132
