201
0.800375415305097
0.8031471471403512
0.8058864240779826
0.8085935426925256
0.8112688041153733
0.8139125137832927
0.8165249811959905
0.819106519682292
0.8216574461750757
0.8241780809955283
0.8266687476460607
0.8291297726124736
0.831561485175131
0.8339642172298436
0.8363383031173975
0.8386840794631651
0.8410018850256041
0.8432920605547471
0.8455549486604218
0.8477908936897631
0.8500002416153705
0.8521833399331116
0.8543405375700288
0.8564721848031883
0.8585786331884844
0.8606602355008023
0.8627173456849427
0.8647503188179585
0.8667595110831556
0.8687452797560556
0.8707079832024974
0.8726479808899912
0.8745656334117237
0.8764613025248078
0.8783353512024092
0.8801881437012696
0.8820200456444418
0.8838314241207029
0.8856226478015277
0.8873940870755768
0.8891461142034272
0.8908791034920412
0.8925934314914116
0.8942894772146717
0.8959676223823765
0.8976282516941791
0.8992717531285072
0.9008985182734576
0.9025089426905787
0.9041034263146307
0.9056823738923657
0.9072461954631952
0.9087953068861594
0.9103301304163945
0.9118510953365936
0.9133586386478967
0.9148532058263266
0.9163352516507335
0.9178052411099443
0.9192636503963022
0.920710967995243
0.9221476958805249
0.9235743508264352
0.9249914658493266
0.9263995917932916
0.9277992990750048
0.9291911796066138
0.9305758489160287
0.9319539484882515
0.9333261483527064
0.9346931499461127
0.9360556892833518
0.9374145404734504
0.9387705196220735
0.9401244891675227
0.9414773627029125
0.9428301103433991
0.9441837647042077
0.9455394275630502
0.9468982772866397
0.9482615771097433
0.9496306843602274
0.9510070607288987
0.9523922836831866
0.9537880591188344
0.9551962353281007
0.9566188183315505
0.9580579885630249
0.9595161187992807
0.9609957930640095
0.9624998259751633
0.9640312815871945
0.9655934901153252
0.9671900598763946
0.9688248801000227
0.9705021075752532
0.9722261257551853
0.9740014578604975
0.9758326038242552
0.9777237513139531
0.9796782776319951
0.981697901154637
0.9837812375772335
0.9859213276395117
0.9881013489431923
0.9902870376407515
0.9924129628626208
0.9943568914696486
0.9958900734607873
0.9965763402988931
0.9955558021470302
0.9910499531141356
0.9791400968026752
0.9504939077558964
0.8810242066156033
0.7076265340604369
0.32869936763609614
0.002091758640725803
0.1813106662884873
0.4418334057914913
0.6050769324533148
0.7013924773522547
0.7614279746976483
0.801333403297884
0.829373987470794
0.8499943124766107
0.8657299133666374
0.878108284093491
0.888094305909246
0.8963227360084284
0.9032259392148031
0.9091073715181002
0.9141856099033625
0.9186216961230743
0.9225366629006796
0.9260230860363579
0.929152890511565
0.9319827438414163
0.9345578575259368
0.936914715132936
0.9390830622778805
0.9410873798978368
0.9429479898635694
0.9446818950502818
0.9463034249746202
0.9478247372547639
0.9492562109041944
0.9506067575928117
0.9518840700655415
0.9530948219670904
0.9542448297599688
0.9553391848296714
0.9563823619625873
0.9573783089624265
0.9583305211081594
0.9592421033502574
0.9601158225296739
0.9609541514303503
0.9617593061125903
0.9625332776887571
0.9632778594798591
0.9639946703153124
0.9646851745980649
0.9653506996453953
0.9659924507261443
0.9666115241425515
0.9672089186461603
0.9677855454294023
0.9683422368956967
0.9688797543777029
0.9693987949483917
0.9698999974459512
0.9703839478165668
0.9708511838630041
0.9713021994746719
0.9717374484038472
0.9721573476434402
0.97256228045502
0.9729525990877499
0.9733286272249754
0.973690662189305
0.9740389769336459
0.9743738218419367
0.9746954263603662
0.9750040004775208
0.975299736069252
0.9755828081225975
0.9758533758512763
0.9761115837135098
0.976357562342309
0.9765914293966007
0.9768132903410035
0.9770232391612323
0.9772213590210712
0.9774077228663351
0.977582393981121
0.9777454265001471
0.9778968658815429
0.9780367493435198
0.9781651062679667
0.9782819585740566
