201
-2.220446049250313e-15
-3.3306690738754696e-15
5.218048215738236e-15
-1.1102230246251565e-15
-2.1094237467877974e-15
1.1102230246251565e-14
5.662137425588298e-15
3.552713678800501e-15
8.659739592076221e-15
-4.884981308350689e-15
3.1086244689504383e-15
1.4432899320127035e-15
3.1086244689504383e-15
1.4432899320127035e-15
-5.551115123125783e-15
-1.1102230246251565e-16
-9.992007221626409e-16
8.770761894538737e-15
-4.440892098500626e-15
9.992007221626409e-16
4.440892098500626e-16
1.887379141862766e-15
1.0547118733938987e-14
6.772360450213455e-15
4.6629367034256575e-15
-1.5543122344752192e-15
2.6645352591003757e-15
6.439293542825908e-15
-1.3322676295501878e-15
1.1102230246251565e-15
-2.4424906541753444e-15
1.27675647831893e-15
4.440892098500626e-15
9.492406860545088e-15
6.217248937900877e-15
-1.9984014443252818e-15
4.829470157119431e-15
1.1102230246251565e-16
5.828670879282072e-15
3.885780586188048e-16
3.6637359812630166e-15
-9.992007221626409e-15
8.659739592076221e-15
2.6645352591003757e-15
2.4424906541753444e-15
1.5543122344752192e-15
-6.2727600891321345e-15
-5.218048215738236e-15
-8.326672684688674e-16
4.440892098500626e-16
-1.942890293094024e-15
-5.2735593669694936e-15
6.106226635438361e-16
-1.7763568394002505e-15
-8.881784197001252e-16
4.385380947269368e-15
6.661338147750939e-16
1.5543122344752192e-15
4.9960036108132044e-15
-4.440892098500626e-16
-1.3877787807814457e-15
-8.271161533457416e-15
-3.774758283725532e-15
3.3306690738754696e-16
-1.942890293094024e-15
-5.051514762044462e-15
2.942091015256665e-15
-6.494804694057166e-15
5.384581669432009e-15
0.0
8.93729534823251e-15
-7.216449660063518e-16
3.552713678800501e-15
-5.329070518200751e-15
3.4416913763379853e-15
9.547918011776346e-15
5.995204332975845e-15
2.220446049250313e-15
-3.774758283725532e-15
1.1934897514720433e-14
-3.3306690738754696e-16
3.83026943495679e-15
6.494804694057166e-15
-1.9984014443252818e-15
-5.384581669432009e-15
1.887379141862766e-15
-1.587618925213974e-14
-3.0531133177191805e-14
-4.746203430272544e-14
4.243827511629661e-14
2.758904216193514e-14
-5.079270337660091e-15
2.4702462297909733e-15
5.245803791353865e-15
-1.5432100042289676e-14
1.2323475573339238e-14
5.9674487573602164e-15
2.1649348980190553e-15
7.13318293321663e-15
3.608224830031759e-15
-6.966649479522857e-15
-2.3592239273284576e-15
7.216449660063518e-16
5.134781488891349e-15
5.551115123125783e-17
4.3576253716537394e-15
0.0
-6.106226635438361e-15
2.886579864025407e-15
3.0253577421035516e-15
9.381384558082573e-15
-1.6653345369377348e-16
-6.661338147750939e-16
7.771561172376096e-16
4.052314039881821e-15
8.354428260304303e-15
3.858025010572419e-15
9.409140133698202e-15
-6.772360450213455e-15
2.4147350785597155e-15
3.0531133177191805e-15
-1.6930901125533637e-15
-1.887379141862766e-15
-6.938893903907228e-15
2.3314683517128287e-15
2.831068712794149e-15
7.993605777301127e-15
-1.0880185641326534e-14
2.220446049250313e-16
-1.942890293094024e-16
-3.7192471324942744e-15
-8.049116928532385e-16
-4.413136522884997e-15
-7.216449660063518e-16
-5.995204332975845e-15
-1.7208456881689926e-15
3.0531133177191805e-15
9.853229343548264e-16
-2.914335439641036e-15
-1.3530843112619095e-14
2.3869795029440866e-15
7.979727989493313e-15
-2.706168622523819e-15
-8.104628079763643e-15
-5.245803791353865e-15
4.218847493575595e-15
-2.5396351688300456e-15
6.022959908591474e-15
1.4710455076283324e-15
6.356026815979021e-15
-8.604228440844963e-16
3.039235529911366e-15
-2.220446049250313e-15
4.718447854656915e-15
8.923417560424696e-15
-9.71445146547012e-16
2.0497492592141953e-14
-5.551115123125783e-17
-9.2148511043888e-15
4.1772141301521515e-15
1.887379141862766e-15
-2.0539125955565396e-15
1.942890293094024e-15
8.465450562766819e-16
1.8318679906315083e-15
-1.0408340855860843e-15
-4.579669976578771e-15
2.636779683484747e-16
3.622102617839573e-15
9.853229343548264e-15
-3.400058012914542e-15
-1.7763568394002505e-15
-2.9282132274488504e-15
5.88418203051333e-15
-4.260480856999038e-15
8.076872504148014e-15
1.5265566588595902e-15
-2.5396351688300456e-15
-3.733124920302089e-15
-6.300515664747763e-15
8.493206138382448e-15
7.965850201685498e-15
6.9111383282915995e-15
2.643718577388654e-15
-5.738465258531278e-15
2.671474153004283e-15
1.4502288259166107e-15
1.6237011735142914e-15
2.1788126858268697e-15
-5.322131624296844e-15
8.98586760555986e-15
-4.961309141293668e-15
7.688294445529209e-15
2.8102520310824275e-15
1.908195823574488e-15
9.145462165349727e-15
-5.113964807179627e-15
7.049916206369744e-15
6.411537967210279e-15
5.585809592645319e-15
2.2343238370581275e-15
