201
0.0913327182487497
0.09078981079400783
0.09026119118504082
0.08974707826297114
0.08924771804770062
0.08876338486815942
0.0882943826533495
0.08784104639870303
0.08740374382265367
0.0869828772337087
0.08657888562711426
0.0861922470368758
0.0858234811692431
0.08547315234992159
0.08514187282064732
0.08483030642600192
0.08453917273758801
0.08426925166913025
0.08402138864464861
0.08379650039002098
0.08359558143018908
0.08341971138551602
0.08327006317648983
0.08314791226189469
0.08305464705677545
0.08299178069888914
0.08296096436177092
0.0829640023430702
0.08300286919845548
0.08307972923635817
0.08319695874346425
0.08335717137934506
0.08356324725595968
0.08381836631367309
0.08412604672121717
0.08449018916729528
0.0849151280768887
0.08540569099749507
0.08596726764830441
0.08660589043499559
0.08732832861595143
0.08814219877348865
0.08905609482774098
0.0900797415562819
0.0912241764901038
0.09250196619190407
0.09392746435616103
0.09551712097799753
0.09728985413667597
0.09926749885936353
0.10147535127236311
0.10394283103947972
0.10670429125379918
0.10980001290816038
0.11327743135207216
0.11719265544539402
0.12161235732882618
0.1266161329172676
0.1322994616926645
0.1387774305152916
0.14618943123161315
0.15470509633785695
0.16453179917215005
0.1759241083952553
0.18919563341492374
0.20473368817902868
0.2230170513668215
0.24463664144223513
0.2703178242405202
0.3009407093610409
0.3375500738830859
0.38133771294556196
0.4335647235522799
0.49536795445764664
0.5673679850583871
0.64898877630374
0.7374747591421551
0.8268544945125452
0.9075857373827911
0.9679755272719623
0.9978213837494199
0.9927123907968483
0.9559455498350908
0.8965629607381634
0.8252712017432562
0.7511010518488673
0.6800718790642002
0.6153961647672671
0.5582914035140981
0.5087884941704441
0.46631889332117205
0.43007577097918626
0.399211075394322
0.37293079081072267
0.3505329899673854
0.3314162819979261
0.31507434160253034
0.3010848917827049
0.2890973434008077
0.27882103533485947
0.27001484673352577
0.2624783743573001
0.25604460314701827
0.2505738935470287
0.24594908278674446
0.24207150664784646
0.2388577714977255
0.2362371331640428
0.2341493646691296
0.23254301719834902
0.2313739974425672
0.23060439979754394
0.2302015443105249
0.23013718115886875
0.23038683032385887
0.23092923138992832
0.23174588334028634
0.23282065815001135
0.2341394751403596
0.23569002548251117
0.23746153828160932
0.23944458123401077
0.2416308901223355
0.24401322245191545
0.24658523136092297
0.24934135658878326
0.2522767298697487
0.25538709252667
0.25866872342888264
0.26211837577669983
0.2657332214017951
0.26951080150601714
0.27344898291224534
0.2775459190293453
0.2818000149029704
0.2862098957334288
0.29077437842791776
0.295492445753973
0.3003632227092058
0.3053859548527518
0.3105599883014865
0.31588475117154385
0.3213597362707003
0.3269844848769634
0.3327585714282041
0.3386815890649521
0.3447531357978829
0.3509728013898104
0.3573401545240033
0.3638547309007098
0.37051602109326354
0.3773234592804899
0.38427641199317353
0.3913741672743213
0.3986159239748068
0.4060007813730638
0.41352772895549117
0.4211956364230993
0.42900324387599215
0.43694915223001507
0.44503181383477697
0.45324952332632024
0.46160040868515373
0.4700824226025341
0.4786933340891893
0.48743072041432983
0.49629195936875203
0.5052742219224348
0.514374465256074
0.5235894262782289
0.5329156156022161
0.5423493120619276
0.5518865578097217
0.5615231540207222
0.5712546572798928
0.5810763766684242
0.5909833716196524
0.6009704505721152
0.6110321704710713
0.6211628371691206
0.6313565067255249
0.6416069876919532
0.6519078443591589
0.6622524010139205
0.6726337471999368
0.6830447439939445
0.6934780312591078
0.7039260358684618
0.7143809808213556
0.7248348951824435
0.7352796247331296
0.7457068431748326
0.7561080636933344
0.7664746506103346
0.7767978307939958
0.787068704370474
0.7972782541762209
0.8074173532078379
0.8174767691062114
0.8274471644350045
0.8373190911158261
