201
-2.914335439641036e-15
5.440092820663267e-15
-4.315992008230296e-15
4.427014310692812e-15
1.7486012637846216e-15
4.954370247389761e-15
-2.0608514894604468e-14
7.563394355258879e-15
-2.0289325775024736e-14
2.525757381022231e-15
1.4530043834781736e-14
-2.155220446553585e-14
3.219646771412954e-15
2.0539125955565396e-14
-5.412337245047638e-16
3.0531133177191805e-15
2.045585922871851e-14
-9.450773497121645e-15
7.299716386910404e-15
-8.576472865229334e-15
-6.439293542825908e-15
2.015054789694659e-14
-1.1657341758564144e-15
-1.0241807402167069e-14
-1.021405182655144e-14
-1.9012569296705806e-15
-3.6637359812630166e-15
1.124100812432971e-15
-1.8041124150158794e-15
1.8041124150158794e-15
-1.4682699500667695e-14
-2.220446049250313e-16
-1.990074771640593e-14
7.799316747991725e-15
4.3021142204224816e-16
-1.659783421814609e-14
1.0241807402167069e-14
-1.4876988529977098e-14
-6.647460359943125e-15
-2.145505995088115e-14
-9.894862706971708e-15
4.73232564246473e-15
3.594347042223944e-15
8.049116928532385e-15
9.298117831235686e-16
9.686695889854491e-15
2.0011770018868447e-14
6.494804694057166e-15
4.85722573273506e-16
1.7208456881689926e-15
-8.146261443187086e-15
-2.9559688030644793e-15
-1.7513768213461844e-14
1.8596235662471372e-14
-2.856048730848215e-14
-5.412337245047638e-16
-2.5354718324877012e-14
1.5432100042289676e-14
-5.551115123125783e-15
-1.04638520070921e-14
5.051514762044462e-15
-4.996003610813204e-16
3.036459972349803e-14
-7.382983113757291e-14
-2.3314683517128287e-14
2.478572902475662e-14
-4.754530102957233e-14
-1.5265566588595902e-14
4.107825191113079e-15
-2.653433028854124e-14
1.687538997430238e-14
-1.9984014443252818e-15
1.226796442210798e-14
3.7914116290949096e-14
-7.438494264988549e-15
-5.595524044110789e-14
-2.864375403532904e-14
-5.995204332975845e-15
-3.1086244689504383e-15
-2.864375403532904e-14
-2.6645352591003757e-15
-2.4646951146678475e-14
6.539213615042172e-14
-5.6288307348495437e-14
4.6074255521943996e-14
1.3655743202889425e-14
-1.4876988529977098e-14
-1.9095836023552692e-14
6.772360450213455e-15
3.6637359812630166e-14
-3.708144902248023e-14
1.942890293094024e-14
1.176836406102666e-14
-2.90878432451791e-14
-3.7470027081099033e-14
4.3021142204224816e-14
-8.881784197001252e-15
3.3084646133829665e-14
3.6193270602780103e-14
-8.881784197001252e-15
3.680389326632394e-14
1.459943277382081e-14
4.8183679268731794e-14
6.938893903907228e-15
-3.799738301779598e-14
5.9119376061289586e-15
-1.2351231148954867e-14
-3.938516179857743e-14
1.5543122344752192e-15
4.884981308350689e-14
1.4710455076283324e-14
-2.942091015256665e-15
3.747002708109903e-15
7.135958490778194e-14
-4.440892098500626e-16
-8.787415239908114e-14
-8.926193117986259e-14
-7.743805596760467e-14
1.3766765505351941e-14
-8.881784197001252e-15
-1.3744561044859438e-13
-2.550737399076297e-14
-8.24618151540335e-14
-1.3405943022348765e-14
-1.3550272015550036e-13
2.6145752229922437e-14
-2.55351295663786e-15
-1.566524687746096e-13
8.271161533457416e-15
-8.104628079763643e-15
1.2212453270876722e-14
2.886579864025407e-15
-3.8469227803261674e-14
1.2156942119645464e-14
8.953948693601887e-14
-3.47499806707674e-14
-2.353672812205332e-14
1.8068879725774423e-13
2.3947510641164627e-13
1.9551027463649007e-13
-2.9254376698872875e-14
-2.736699755701011e-14
-9.564571357145724e-14
-1.4210854715202004e-14
-1.48991929904696e-13
-3.8863356977003605e-13
4.1655567883935873e-13
1.3684053890017367e-12
-3.263778136641804e-12
-1.016242645590637e-12
-1.1945999744966684e-13
5.35682609381638e-14
2.2437607327674414e-13
1.2578826869003024e-13
-3.0780933357732465e-13
-2.7805535651737046e-13
1.815214645262131e-13
2.495781359357352e-13
1.542654892716655e-13
1.2723155862204294e-13
1.3000711618360583e-13
-6.400435736964027e-14
1.5221157667610896e-13
-1.1335377081422848e-13
-6.189493362285248e-14
-6.722400414105323e-14
4.574118861455645e-14
-1.4988010832439613e-14
2.5424107263916085e-14
-4.363176486776865e-14
-7.593925488436071e-14
7.949196856316121e-14
2.1005419625907962e-13
-5.306866057708248e-14
8.959499808725013e-14
6.206146707654625e-14
-5.495603971894525e-14
-5.906386491005833e-14
2.7533531010703882e-14
-2.275957200481571e-14
-5.762057497804562e-14
9.303668946358812e-14
-1.9539925233402755e-14
-1.0236256287043943e-13
3.375077994860476e-14
-1.2212453270876722e-15
3.6415315207705135e-14
-7.582823258189819e-14
-1.0669243266647754e-13
-2.90878432451791e-14
5.46229728115577e-14
5.3512749786932545e-14
7.993605777301127e-14
2.55351295663786e-15
9.814371537686384e-14
-1.1057821325266559e-13
1.1102230246251565e-16
-3.452793606584237e-14
5.917488721252084e-14
-6.23945339839338e-14
-2.9976021664879227e-15
