201
0.9578422903028943
0.9593866247242053
0.9608575544027049
0.9622394144692713
0.9635127272590992
0.9646533568827134
0.9656314355338543
0.9664099977460778
0.9669432384462934
0.9671742836745612
0.9670323270321928
0.9664289374433231
0.9652532811733329
0.963365919216112
0.9605907362001342
0.956704426614441
0.9514228116669428
0.9443831025203987
0.9351211113058124
0.9230424547569371
0.9073872453311292
0.887189129014733
0.8612327849047501
0.8280208940878092
0.7857748704213068
0.732516651984232
0.6663125093616188
0.5857932503908321
0.4910558079127814
0.3849046300210669
0.27400194832035274
0.1689613959645657
0.08234640337880027
0.024718596260553442
0.000829078466953815
0.008495114708099267
0.040614698457465195
0.08846437641486658
0.14425668355329455
0.20225520707960995
0.25880665299039307
0.31189065310362485
0.3605934372477745
0.40467786611878753
0.4442839429144403
0.479738995195935
0.5114452767568909
0.5398174073108009
0.5652500704875711
0.5881032845784131
0.6086974561828916
0.6273136038857666
0.6441960994037687
0.6595564454595901
0.6735772942964195
0.6864163029445844
0.6982096412727322
0.7090750887721454
0.7191147186517286
0.7284171981546471
0.7370597465180101
0.7451097949859743
0.7526263914688269
0.7596613884432426
0.7662604479410173
0.7724638927128906
0.7783074282549085
0.7838227564728106
0.7890380983858855
0.793978640399382
0.7986669162607826
0.803123134797146
0.8073654618520925
0.8114102634500114
0.8152723160585053
0.8189649888658115
0.8225004021953752
0.8258895655243439
0.8291424980237441
0.8322683340858236
0.8352754159230806
0.83817137500867
0.8409632038615902
0.8436573194590103
0.8462596193690254
0.8487755315442157
0.8512100585774185
0.8535678171141302
0.8558530730167956
0.8580697727971068
0.8602215717622322
0.8623118592630035
0.8643437813795887
0.8663202613391412
0.8682440179208668
0.8701175820725534
0.8719433119357942
0.8737234064505833
0.8754599176922588
0.8771547620740852
0.8788097305331914
0.8804264978034948
0.8820066308696486
0.8835515966817531
0.8850627692055333
0.8865414358709305
0.887988803478511
0.8894060036135055
0.8907940976150495
0.8921540811401362
0.8934868883608799
0.8947933958266142
0.8960744260217194
0.8973307506448777
0.8985630936351345
0.8997721339647018
0.9009585082201971
0.9021228129876483
0.9032656070592979
0.9043874134751949
0.9054887214140901
0.9065699879432868
0.9076316396409094
0.9086740740979524
0.9096976613106038
0.9107027449693099
0.9116896436536617
0.9126586519376755
0.9136100414129269
0.9145440616340189
0.91546094099155
0.9163608875167506
0.9172440896216234
0.9181107167778633
0.9189609201378761
0.9197948331003941
0.920612571822006
0.9214142356782138
0.9221999076734572
0.9229696548025361
0.9237235283639188
0.924461564224116
0.9251837830347344
0.9258901904007079
0.9265807769981746
0.9272555186416492
0.9279143762980346
0.9285572960441622
0.9291842089658441
0.929795030993254
0.930389662668182
0.9309679888380041
0.9315298782681628
0.9320751831661461
0.9326037386072558
0.9331153618504132
0.9336098515316834
0.9340869867198877
0.9345465258164003
0.9349882052788635
0.9354117381440201
0.9358168123212015
0.9362030886240926
0.9365701985005976
0.9369177414161926
0.9372452818361267
0.937552345744282
0.9378384166233902
0.9381029308082026
0.9383452721079525
0.9385647655736196
0.9387606702626994
0.9389321708246959
0.9390783676982206
0.939198265664822
0.9392907604584135
0.9393546230608073
0.9393884812415921
0.9393907978031646
0.9393598448731418
0.9392936734439011
0.9391900771726152
0.9390465492301618
0.9388602306992551
0.9386278486595125
0.9383456416391189
0.9380092695257851
0.9376137042774468
0.9371530968114793
0.9366206141942236
0.9360082396270153
0.9353065255941427
0.9345042877252372
0.9335882232130349
0.9325424326633102
0.9313478176077885
0.9299813169311782
0.9284149332599015
0.9266144836695814
0.92453798608641
0.9221335609148311
