201
0.7722751484129862
0.7701739321788158
0.7680754906923284
0.7659788959536316
0.7638833222696023
0.7617880311249869
0.759692358788893
0.7575957060762818
0.7554975298269727
0.7533973357632773
0.7512946724647586
0.7491891262551065
0.7470803168381588
0.7449678935545856
0.7428515321544384
0.7407309320029936
0.7386058136498875
0.7364759167075031
0.7343409979897447
0.732200829876991
0.7300551988710221
0.7279039043164643
0.7257467572650802
0.7235835794640322
0.7214142024524075
0.7192384667520536
0.7170562211415746
0.7148673220021989
0.7126716327289427
0.7104690231976574
0.7082593692826755
0.7060425524188646
0.7038184592038406
0.7015869810354489
0.6993480137809553
0.697101457474826
0.6948472160422574
0.6925851970455146
0.6903153114510094
0.6880374734155653
0.6857516000892705
0.6834576114338272
0.6811554300553044
0.6788449810490231
0.6765261918567721
0.6741989921337496
0.6718633136262061
0.6695190900572467
0.6671662570211151
0.6648047518845412
0.6624345136959068
0.6600554830995443
0.6576676022568297
0.6552708147720465
0.6528650656237098
0.6504503011001685
0.6480264687397044
0.645593517274427
0.6431513965779486
0.6407000576166775
0.6382394524039641
0.635769533957468
0.6332902562593054
0.630801574218882
0.6283034436376805
0.6257958211773519
0.6232786643288253
0.620751931384334
0.6182155814108886
0.6156695742257339
0.6131138703733544
0.6105484311044445
0.6079732183560619
0.6053881947334276
0.6027933234931433
0.6001885685275058
0.5975738943504445
0.5949492660843956
0.5923146494484559
0.5896700107476416
0.5870153168632913
0.5843505352442923
0.5816756338996284
0.5789905813917855
0.5762953468308003
0.5735898998699155
0.5708742107014226
0.5681482500537047
0.5654119891894265
0.5626653999039729
0.559908454525166
0.5571411259139308
0.5543633874651387
0.551575213109883
0.5487765773184807
0.5459674551039122
0.5431478220266241
0.5403176541994542
0.5374769282940437
0.5346256215478167
0.5317637117713419
0.528891177357368
0.526007997290025
0.52311415115504
0.5202096191509402
0.5172943821010692
0.5143684214665266
0.5114317193595621
0.508484258558919
0.505526022525005
0.5025569954166552
0.49957716210863934
0.4965865082104091
0.4935850200857511
0.4905726848733016
0.4875494905084011
0.4845154257461834
0.4814704801854956
0.4784146442941308
0.4753479094355217
0.47227026789625615
0.4691817129154067
0.46608223871465826
0.4629718405304521
0.459850514647087
0.4567182584313215
0.4535750703691398
0.4504209501031597
0.44725589847246827
0.44407991755392934
0.4408930107051782
0.4376951826093774
0.43448643932250913
0.4312667883216433
0.4280362385561961
0.4247948005009197
0.4215424862108678
0.4182793093794159
0.4150052853978955
0.4117204314181241
0.4084247664174641
0.4051183112666962
0.4018010888005273
0.39847312389082007
0.395134443523539
0.39178507687808967
0.3884250554103538
0.38505441293912884
0.3816731857361684
0.3782814126194495
0.37487913505112125
0.3714663972387715
0.36804324624121554
0.36460973207852676
0.361165907846741
0.357711829837418
0.35424755766147337
0.35077315437888706
0.34728868663375806
0.34379422479428423
0.34028984309945626
0.3367756198110539
0.3332516373725545
0.3297179825743629
0.3261747467260976
0.32262202583591426
0.3190599207977067
0.3154885375856727
0.31190798745752957
0.30831838716592075
0.30471985917904776
0.3011125319105983
0.2974965399590984
0.29387202435778836
0.2902391328352305
0.286598020086345
0.28294884805571674
0.2792917862331695
0.27562701196096484
0.2719547107552811
0.26827507664115297
0.26458831250185844
0.26089463044297195
0.2571942521732622
0.25348740940093134
0.24977434424803485
0.2460553096822774
0.24233056996809388
0.23860040113717226
0.2348650914799476
0.2311249420582884
0.22738026724105412
0.22363139526309245
0.21987866880903573
0.2161224456226614
0.21236309914385162
0.20860101917291846
0.20483661256547417
0.20107030395766035
0.19730253652350982
0.19353377276691408
