201
0.3340793214141143
0.3396189241688374
0.34515673693875704
0.3506928158947565
0.35622708981320433
0.36175937719174117
0.3672894007897889
0.37281680008274226
0.3783411420105056
0.38386193031743543
0.3893786137198484
0.39489059309400826
0.4003972278335968
0.40589784150442937
0.4113917268977867
0.41687815056485983
0.42235635690510825
0.4278255718636407
0.4332850062883012
0.4387338589873714
0.4441713195210039
0.44959657075823956
0.45500879122254306
0.4604071572488317
0.46579084496945544
0.4711590321465501
0.47651089986245165
0.48184563408225883
0.48716242709697377
0.4924604788595702
0.49773899821771733
0.502997204054255
0.5082343263393858
0.5134496071011743
0.5186423013193537
0.5238116777463118
0.5289570196606802
0.5340776255557979
0.5391728097673179
0.5442419030431127
0.5492842530579509
0.5542992248760413
0.5592862013631416
0.5642445835519203
0.5691737909617135
0.5740732618749569
0.5789424535723416
0.583780842528618
0.5885879245710585
0.5933632150018545
0.5981062486864747
0.6028165801089536
0.6074937833967269
0.6121374523160541
0.6167472002384105
0.6213226600809935
0.6258634842220051
0.6303693443912488
0.6348399315389279
0.6392749556820758
0.64367414573187
0.6480372493012133
0.6523640324946818
0.6566542796821153
0.660907793256369
0.6651243933764819
0.6693039176981377
0.6734462210907082
0.6775511753436972
0.6816186688625435
0.6856486063546234
0.6896409085069993
0.6935955116563115
0.6975123674516918
0.7013914425118888
0.7052327180767235
0.7090361896540707
0.7128018666634668
0.7165297720759842
0.7202199420519956
0.7238724255772826
0.7274872840975355
0.7310645911523732
0.7346044320096061
0.7381069032995959
0.7415721126507583
0.7450001783263223
0.7483912288635178
0.7517454027142912
0.7550628478891627
0.758343721604801
0.7615881899335497
0.7647964274579883
0.7679686169291159
0.7711049489293195
0.7742056215388237
0.777270840008556
0.7803008164369817
0.783295769452721
0.7862559239025992
0.789181510545038
0.792072765749913
0.7949299312037743
0.7977532536212961
0.8005429844632539
0.8032993796598249
0.8060226993415457
0.8087132075756991
0.8113711721092982
0.8139968641192503
0.8165905579679626
0.8191525309664817
0.821683063143825
0.8241824370225646
0.8266509374017663
0.8290888511455707
0.831496466979107
0.8338740752904282
0.8362219679390619
0.8385404380710676
0.8408297799405096
0.843090288736939
0.8453222604199417
0.8475259915589064
0.8497017791801005
0.8518499206187472
0.8539707133783965
0.8560644549951328
0.8581314429084875
0.860171974338316
0.8621863461667
0.8641748548267281
0.8661377961960175
0.8680754654966165
0.8699881571999823
0.871876164937802
0.8737397814183724
0.8755792983481855
0.877395006359004
0.8791871949406014
0.8809561523784264
0.8827021656967939
0.8844255206075912
0.8861265014638092
0.8878053912188544
0.8894624713907225
0.8910980220321285
0.8927123217048565
0.894305647461016
0.8958782748283799
0.897430477802025
0.8989625288411074
0.9004746988717021
0.9019672572951903
0.9034404720024957
0.904894609394708
0.9063299344094908
0.9077467105547142
0.9091451999476363
0.9105256633621037
0.911888360282473
0.913233548965042
0.9145614865075636
0.9158724289269666
0.9171666312459297
0.9184443475887357
0.9197058312868526
0.9209513349950088
0.9221811108186176
0.9233954104525894
0.9245944853336492
0.9257785868053691
0.9269479662989212
0.9281028755288163
0.9292435667064042
0.9303702927714036
0.9314833076438225
0.9325828664972656
0.9336692260562597
0.9347426449189806
0.9358033839079161
0.9368517064513947
0.9378878789977994
0.9389121714664459
0.9399248577379786
0.9409262161878509
0.9419165302672988
0.9428960891355185
0.9438651883482266
0.9448241306073454
0.9457732265772016
0.9467127957729577
0.9476431675267405
0.9485646820380296
0.949477691513347
0.9503825614011109
0.9512796717262376
0.9521694185270706
0.9530522153960713
0.9539284951206592
0.9547987114165062
