201
0.49266674748464834
0.49249431469527755
0.49232366509986036
0.49215481084445195
0.4919877639563108
0.4918225363476496
0.49165913981855536
0.49149758606052096
0.49133788665936773
0.49118005309851165
0.491024096761996
0.49087002893746096
0.4907178608190993
0.4905676035105493
0.4904192680277673
0.4902728653017824
0.49012840618147524
0.48998590143617426
0.4898453617584685
0.489706797766676
0.48957022000740347
0.4894356389581107
0.4893030650295309
0.48917250856810685
0.48904397985830994
0.48891748912514715
0.4887930465361511
0.48867066220392186
0.4885503461883034
0.48843210849826724
0.4883159590945233
0.4882019078912347
0.4880899647582164
0.4879801395230041
0.48787244197286767
0.48776688185664396
0.4876634688868179
0.4875622127413274
0.4874631230654495
0.48736620947370746
0.4872714815515296
0.48717894885723684
0.4870886209235871
0.4870005072595778
0.486914617352209
0.4868309606680491
0.4867495466549024
0.48667038474348795
0.4865934843489863
0.4865188548725326
0.486446505702875
0.48637644621784143
0.4863086857858188
0.4862432337673368
0.48618009951634367
0.4861192923817754
0.48606082170887444
0.486004696840708
0.48595092711938315
0.4858995218874813
0.48585049048944934
0.4858038422727353
0.4857595865893165
0.4857177327967092
0.48567829025954296
0.48564126835053173
0.4856066764517998
0.4855745239561303
0.4855448202681431
0.4855175748054196
0.48549279699975906
0.4854704962982403
0.48545068216441734
0.4854333640793783
0.48541855154295493
0.48540625407470694
0.4853964812151358
0.4853892425265392
0.4853845475942544
0.48538240602770893
0.48538282746132694
0.4853858215556182
0.485391397998158
0.48539956650464094
0.4854103368198128
0.48542371871845874
0.48543972200641655
0.48545835652135516
0.48547963213398615
0.4855035587488461
0.48553014630513536
0.485559404777806
0.48559134417840266
0.4856259745558944
0.4856633059976453
0.48570334863024134
0.48574611262042783
0.4857916081758826
0.48583984554606946
0.48589083502323593
0.4859445869429924
0.48600111168533033
0.48606041967546715
0.486122521384531
0.48618742733032977
0.4862551480784016
0.48632569424251365
0.486399076485637
0.4864753055205768
0.48655439211092844
0.48663634707165354
0.4867211812699454
0.48680890562590595
0.4868995311133061
0.4869930687604421
0.48708952965063523
0.4871889249231363
0.4872912657737407
0.4873965634556018
0.4875048292797452
0.48761607461594536
0.48773031089346514
0.4878475496014039
0.48796780228967773
0.488091080569687
0.48821739611479775
0.48834676066111005
0.4884791860081237
0.48861468401935526
0.4887532666229058
0.48889494581223675
0.48903973364669173
0.48918764225216693
0.48933868382164736
0.48949287061593133
0.48965021496406125
0.4898107292641082
0.4899744259836688
0.4901413176604432
0.49031141690275515
0.4904847363902238
0.4906612888743033
0.4908410871786978
0.491024144200202
0.49121047290884395
0.4914000863488588
0.4915929976387625
0.4917892199723247
0.4919887666186254
0.49219165092295625
0.4923978863070403
0.49260748626967615
0.4928204643871766
0.4930368343137693
0.49325660978214314
0.49347980460394175
0.49370643267007475
0.4939365079512699
0.49417004449852303
0.4944070564433541
0.4946475579983999
0.49489156345772606
0.4951390871973761
0.495390143675394
0.4956447474326455
0.4959029130927777
0.49616465536294896
0.4964299890339358
0.4966989289804452
0.49697149016159936
0.4972476876212155
0.4975275364879113
0.49781105197563685
0.49809824938391106
0.49838914409791946
0.4986837515889134
0.4989820874145328
0.4992841672188302
0.4995900067326088
0.4998996217735974
0.5002130282466271
0.5005302421439037
0.5008512795449602
0.5011761566170304
0.5015048896150834
0.5018374948818343
0.5021739888481189
0.502514388032688
0.5028587090424107
0.5032069685722718
0.5035591834056089
0.5039153704138296
0.5042755465565664
0.5046397288816561
0.505007934525177
0.5053801807110919
0.5057564847516531
0.5061368640468016
0.5065213360844628
0.50690991844019
0.5073026287769303
