201
-2.7755575615628914e-15
2.886579864025407e-15
-3.219646771412954e-15
-1.1102230246251565e-16
-1.5543122344752192e-15
-2.3314683517128287e-15
-2.55351295663786e-15
5.329070518200751e-15
-8.881784197001252e-16
-2.1094237467877974e-14
-2.7755575615628914e-15
-1.5543122344752192e-15
-2.6645352591003757e-15
-4.9960036108132044e-15
-7.771561172376096e-16
1.1102230246251565e-16
3.3306690738754696e-16
-6.661338147750939e-16
-8.881784197001252e-16
1.1102230246251565e-15
3.219646771412954e-15
-2.6645352591003757e-15
-1.4432899320127035e-15
-3.9968028886505635e-15
-2.886579864025407e-15
-1.5543122344752192e-15
-5.440092820663267e-15
2.220446049250313e-15
9.992007221626409e-16
1.4432899320127035e-15
3.885780586188048e-15
-7.771561172376096e-16
-1.7763568394002505e-15
8.881784197001252e-16
1.5543122344752192e-15
2.1094237467877974e-15
5.440092820663267e-15
1.6653345369377348e-15
1.1102230246251565e-16
1.1102230246251565e-16
8.881784197001252e-16
2.3314683517128287e-15
5.551115123125783e-16
9.992007221626409e-16
4.773959005888173e-15
4.440892098500626e-16
1.887379141862766e-15
-3.4416913763379853e-15
1.4432899320127035e-15
-2.220446049250313e-15
-2.220446049250313e-16
-9.992007221626409e-16
-3.6637359812630166e-15
4.6629367034256575e-15
-1.2212453270876722e-15
-1.6653345369377348e-15
2.55351295663786e-15
-2.3314683517128287e-15
1.3322676295501878e-15
-8.881784197001252e-16
7.771561172376096e-16
-2.1094237467877974e-15
-1.9984014443252818e-15
1.9984014443252818e-15
2.4424906541753444e-15
-3.219646771412954e-15
4.3298697960381105e-15
1.1102230246251565e-15
6.661338147750939e-16
1.887379141862766e-15
-1.887379141862766e-15
-5.551115123125783e-16
9.992007221626409e-16
2.220446049250313e-16
-2.1094237467877974e-15
2.220446049250313e-15
-2.9976021664879227e-15
2.55351295663786e-15
-7.771561172376096e-16
-9.992007221626409e-16
4.9960036108132044e-15
7.66053886991358e-15
-1.1102230246251565e-15
1.5543122344752192e-15
-2.1094237467877974e-15
1.7763568394002505e-15
-2.1094237467877974e-15
-2.220446049250313e-16
3.3306690738754696e-15
1.1102230246251565e-15
-1.5543122344752192e-15
-8.881784197001252e-16
2.220446049250313e-16
-8.881784197001252e-16
-8.992806499463768e-15
4.440892098500626e-15
4.440892098500626e-16
1.1102230246251565e-16
3.3306690738754696e-15
3.885780586188048e-15
-1.4432899320127035e-15
-5.88418203051333e-15
3.3306690738754696e-16
1.2212453270876722e-15
-2.1094237467877974e-15
5.995204332975845e-15
3.552713678800501e-15
1.7763568394002505e-15
-2.220446049250313e-16
-6.661338147750939e-15
7.771561172376096e-16
-1.4432899320127035e-15
-2.55351295663786e-15
4.6629367034256575e-15
-3.4416913763379853e-15
3.885780586188048e-15
8.881784197001252e-16
-2.9976021664879227e-15
1.1102230246251565e-16
-2.886579864025407e-15
-2.220446049250313e-16
-4.440892098500626e-15
-1.6653345369377348e-15
5.329070518200751e-15
-2.55351295663786e-15
-1.9984014443252818e-15
2.1094237467877974e-15
8.326672684688674e-15
-3.219646771412954e-15
-1.5543122344752192e-15
1.5543122344752192e-15
8.881784197001252e-16
2.220446049250313e-16
3.6637359812630166e-15
6.661338147750939e-16
-1.887379141862766e-15
-4.6629367034256575e-15
2.886579864025407e-15
1.887379141862766e-15
-1.7763568394002505e-14
5.773159728050814e-15
3.6637359812630166e-15
-5.440092820663267e-15
1.2212453270876722e-15
2.1094237467877974e-15
3.4416913763379853e-15
3.4083846855992306e-14
-8.215650382226158e-14
1.2312373343092986e-13
-7.549516567451064e-14
-7.427392034742297e-14
1.0547118733938987e-14
6.5503158452884236e-15
6.661338147750939e-15
9.880984919163893e-15
2.55351295663786e-15
-1.887379141862766e-15
-5.551115123125783e-15
2.3314683517128287e-15
6.661338147750939e-16
-4.440892098500626e-16
-1.1102230246251565e-16
2.4424906541753444e-15
5.440092820663267e-15
4.773959005888173e-15
1.7208456881689926e-14
-3.552713678800501e-15
1.6209256159527285e-14
-2.220446049250313e-15
4.3298697960381105e-15
7.882583474838611e-15
-2.886579864025407e-15
-6.661338147750939e-15
3.9968028886505635e-15
-8.992806499463768e-15
-1.1102230246251565e-16
-1.6653345369377348e-15
1.2212453270876722e-15
-2.1094237467877974e-15
-2.886579864025407e-15
8.992806499463768e-15
6.439293542825908e-15
-2.7755575615628914e-15
4.440892098500626e-15
9.992007221626409e-16
-4.6629367034256575e-15
3.6637359812630166e-15
2.220446049250313e-15
5.440092820663267e-15
-2.220446049250313e-16
3.3306690738754696e-16
6.994405055138486e-15
4.218847493575595e-15
2.4424906541753444e-15
-2.9976021664879227e-15
-1.2212453270876722e-15
5.10702591327572e-15
5.551115123125783e-16
-6.439293542825908e-15
1.3655743202889425e-14
-3.3306690738754696e-16
