201
2.4424906541753444e-15
2.0095036745715333e-14
-7.993605777301127e-15
-5.773159728050814e-15
-9.547918011776346e-15
-1.1546319456101628e-14
-4.08006961549745e-14
1.4654943925052066e-14
-6.217248937900877e-14
7.93809462606987e-15
5.928590951498336e-14
-7.138734048339757e-14
5.495603971894525e-15
4.7406523151494184e-14
-1.7930101847696278e-14
-4.440892098500626e-15
4.196643033083092e-14
-3.11972669919669e-14
1.4155343563970746e-14
-1.8818280267396403e-14
-2.4091839634365897e-14
5.639932965095795e-14
-2.2426505097428162e-14
-1.2878587085651816e-14
-2.2093438190040615e-14
1.1324274851176597e-14
-2.2037927038809357e-14
-1.7985612998927536e-14
-1.8485213360008856e-14
1.7763568394002505e-15
-3.441691376337985e-14
-2.0872192862952943e-14
-4.191091917959966e-14
3.885780586188048e-16
2.3425705819590803e-14
-1.7208456881689926e-14
1.4876988529977098e-14
-2.5979218776228663e-14
-4.9960036108132044e-15
-2.3869795029440866e-14
2.220446049250313e-16
2.6867397195928788e-14
3.219646771412954e-15
9.992007221626409e-15
7.438494264988549e-15
3.3306690738754696e-16
4.141131881851834e-14
8.881784197001252e-16
1.1546319456101628e-14
-6.661338147750939e-16
2.2426505097428162e-14
-1.5210055437364645e-14
-3.9745984281580604e-14
1.3877787807814457e-14
-3.086420008457935e-14
1.2101430968414206e-14
4.773959005888173e-15
-6.5503158452884236e-15
8.770761894538737e-15
-1.8540724511240114e-14
2.55351295663786e-15
-2.220446049250313e-16
3.9968028886505635e-14
-5.762057497804562e-14
-1.4765966227514582e-14
1.2101430968414206e-14
-7.616129948928574e-14
-2.4424906541753444e-14
1.1102230246251565e-15
-5.040412531798211e-14
3.774758283725532e-14
1.3322676295501878e-14
-1.965094753586527e-14
3.6637359812630166e-15
-1.3988810110276972e-14
-2.1538326677728037e-14
4.518607710224387e-14
-1.3211653993039363e-14
3.042011087472929e-14
-2.6867397195928788e-14
-2.6978419498391304e-14
5.329070518200751e-15
1.3433698597964394e-14
1.609823385706477e-14
-3.552713678800501e-15
-1.7763568394002505e-15
-2.0650148258027912e-14
-4.6629367034256575e-15
6.328271240363392e-15
-3.530509218307998e-14
1.1546319456101628e-14
4.2299497238218464e-14
1.787459069646502e-14
-1.7763568394002505e-14
-4.884981308350689e-15
-3.1086244689504383e-15
-1.0658141036401503e-14
1.3100631690576847e-14
6.994405055138486e-15
-3.175237850427948e-14
2.9531932455029164e-14
4.440892098500626e-14
4.6851411639181606e-14
8.215650382226158e-15
-1.509903313490213e-14
1.5987211554602254e-14
-1.3988810110276972e-14
-2.9753977059954195e-14
-4.218847493575595e-15
2.864375403532904e-14
1.6653345369377348e-14
1.5987211554602254e-14
5.10702591327572e-15
6.23945339839338e-14
1.765254609153999e-14
-3.930189507173054e-14
-4.8183679268731794e-14
-1.4988010832439613e-14
3.6637359812630166e-15
2.4868995751603507e-14
-4.7628567756419216e-14
-1.7985612998927536e-14
-4.3298697960381105e-14
-4.218847493575595e-15
-2.6645352591003757e-14
1.8207657603852567e-14
2.020605904817785e-14
-7.738254481637341e-14
-1.0658141036401503e-14
1.532107773982716e-14
-1.0436096431476471e-14
-2.1538326677728037e-14
-2.8310687127941492e-14
1.9761969838327786e-14
-3.9745984281580604e-14
3.275157922644212e-14
-2.9976021664879227e-15
-1.4099832412739488e-14
-8.992806499463768e-15
5.484501741648273e-14
-7.138734048339757e-14
-5.240252676230739e-14
-1.0269562977782698e-13
-6.683542608243442e-14
-1.8207657603852567e-14
-1.0114131754335176e-13
-8.30002733209767e-13
-1.4932499681208355e-13
-8.996137168537643e-13
-5.324629626102251e-13
-1.0602629885170245e-13
6.294964549624638e-14
-1.3877787807814457e-14
8.903988657493755e-14
-4.107825191113079e-14
-5.4067861299245124e-14
-5.950795411990839e-14
3.4083846855992306e-14
4.3298697960381105e-14
3.6415315207705135e-14
-1.9317880628477724e-14
-1.099120794378905e-14
1.2434497875801753e-14
-1.7541523789077473e-14
-5.329070518200751e-15
-2.864375403532904e-14
5.440092820663267e-15
1.7430501486614958e-14
1.4765966227514582e-14
-2.3203661214665772e-14
-9.992007221626409e-15
9.769962616701378e-15
4.296563105299356e-14
-7.66053886991358e-15
-2.3314683517128287e-15
-6.439293542825908e-15
-1.1102230246251565e-15
5.184741524999481e-14
1.9984014443252818e-15
-1.787459069646502e-14
2.9976021664879227e-14
-1.5654144647214707e-14
2.7755575615628914e-15
3.1086244689504383e-15
-8.104628079763643e-15
1.4654943925052066e-14
-7.327471962526033e-15
-5.995204332975845e-15
-4.107825191113079e-15
1.3322676295501878e-14
8.215650382226158e-15
6.772360450213455e-15
2.5979218776228663e-14
-1.7985612998927536e-14
-3.241851231905457e-14
6.106226635438361e-15
2.142730437526552e-14
1.0103029524088925e-14
2.220446049250313e-14
-4.551914400963142e-15
1.7763568394002505e-14
