201
0.07658507289361043
0.07576206856371495
0.07494107932915256
0.07412215706234251
0.07330535304949908
0.07249071799611757
0.07167830203208642
0.0708681547175952
0.07006032504905955
0.06925486146555264
0.06845181185530169
0.06765122356261181
0.06685314339492336
0.0660576176304196
0.06526469202551308
0.06447441182290556
0.06368682175976825
0.06290196607611041
0.0621198885236137
0.06134063237452459
0.0605642404308075
0.05979075503360561
0.0590202180730514
0.05825267099790108
0.05748815482591782
0.056726710154270416
0.05596837716991673
0.05521319566073623
0.054461205026505484
0.05371244429007646
0.05296695210933917
0.05222476678855548
0.05148592629068091
0.05075046824955125
0.05001842998245545
0.04928984850280752
0.04856476053319202
0.04784320251867721
0.047125210640265966
0.046410820828676196
0.04570006877837218
0.04499298996195497
0.04428961964462472
0.04358999289908421
0.042894144620742494
0.04220210954310931
0.041513922253602197
0.040829617209530225
0.04014922875461985
0.03947279113558315
0.038800338519333795
0.03813190501031578
0.03746752466834426
0.03680723152687994
0.036151059611394386
0.035499042958556555
0.034851215635544316
0.03420761176000714
0.03356826552030366
0.03293321119633498
0.032302483180980834
0.03167611600171817
0.03105414434328034
0.030436603070376298
0.02982352725146477
0.02921495218277902
0.028610913413310044
0.028011446770220005
0.027416588385188265
0.02682637472135005
0.026240842601128512
0.025660029234802
0.025083972250029073
0.024512709722218785
0.023946280205865145
0.023384722766907548
0.022828077016140095
0.022276383143654113
0.021729681954573813
0.02118801490592181
0.02065142414471161
0.020119952547633137
0.019593643761809335
0.019072542247382893
0.018556693321454584
0.018046143203814435
0.017540939064351956
0.01704112907228679
0.016546762447525953
0.016057889513813275
0.015574561754237269
0.01509683186899688
0.014624753835479329
0.014158382971030035
0.013697775998333005
0.013242991113678347
0.012794088058222927
0.012351128192412254
0.011914174573900035
0.011483292038892845
0.011058547287328175
0.010640008972137516
0.010227747792642973
0.009821836592532421
0.009422350462566897
0.009029366848422626
0.008642965663830025
0.008263229409512018
0.007890243298126825
0.007524095385724399
0.007164876710014175
0.006812681435987004
0.006467607009270967
0.006129754317805204
0.005799227862317137
0.0054761359361548256
0.005160590815271133
0.004852708958771079
0.00455261122098135
0.004260423075666979
0.0039762748533370825
0.0037003019924521895
0.0034326453055747858
0.0031734512614823387
0.002922872284429289
0.0026810670716850026
0.002448200930759991
0.0022244461377903192
0.0020099823184669997
0.001804996853411463
0.0016096853096582476
0.001424251900329291
0.0012489099745844048
0.0010838825402494862
0.0009294028216065786
0.0007857148551640995
0.0006530741264319024
0.0005317482509164391
0.00042201770302545313
0.00032417659673187574
0.00023853352230507644
0.0001654124438092861
0.00010515366246660558
5.8114851540154585e-05
2.467216888111349e-05
5.22145392367062e-06
1.7951655402920512e-07
9.985526045506587e-06
3.510250905981275e-05
7.601896664778839e-05
0.00013325062119214358
0.0002073423054023029
0.00029887000670458455
0.00040844308185901363
0.0005367066581586764
0.0006843442394104491
0.0008520805368960538
0.0010406845477232151
0.0012509729055604775
0.0014838135316002558
0.0017401296167582206
0.002020903969812404
0.0023271837702922666
0.002660085769523644
0.003020801988478677
0.003410605967312215
0.003830859627787255
0.004283020818092602
0.004768651617934377
0.005289427492034298
0.005847147391769537
0.006443744917659733
0.0070813006707548835
0.007762055938059141
0.008488427877489792
0.009263026390458501
0.010088672896916553
0.010968421258417231
0.011905581130006004
0.012903744063052834
0.013966812728739758
0.015099033687233553
0.016305034192357754
0.017589863596270773
0.018959040006703006
0.020418602951149334
0.02197517292229706
0.023636018818660554
0.025409134457624834
0.027303325529863046
0.029328308587509323
0.031494823920417615
0.03381476447998878
0.03630132336604251
0.03896916280536917
0.041834608027870694
0.044915869995457304
0.04823330156233953
0.05180969234656434
0.0556706083668763
0.0598447833254519
