201
-2.942091015256665e-15
-2.886579864025407e-15
-2.6645352591003757e-15
-3.83026943495679e-15
8.326672684688674e-16
-1.0547118733938987e-15
-8.770761894538737e-15
5.329070518200751e-15
-1.1102230246251565e-16
-7.771561172376096e-16
1.021405182655144e-14
-4.107825191113079e-15
6.217248937900877e-15
3.941291737419306e-15
-2.220446049250313e-15
6.661338147750939e-16
1.0103029524088925e-14
-2.0539125955565396e-15
4.107825191113079e-15
-4.6074255521944e-15
-8.326672684688674e-16
4.496403249731884e-15
-5.995204332975845e-15
4.9960036108132044e-15
-4.107825191113079e-15
-3.608224830031759e-15
1.4988010832439613e-15
2.7755575615628914e-15
-9.381384558082573e-15
2.7755575615628914e-15
-8.104628079763643e-15
2.220446049250313e-16
-5.717648576819556e-15
1.3322676295501878e-15
6.661338147750939e-15
-1.0658141036401503e-14
-9.992007221626409e-16
1.887379141862766e-15
1.2212453270876722e-15
-7.716050021144838e-15
-4.440892098500626e-16
2.4980018054066022e-15
-3.6637359812630166e-15
5.051514762044462e-15
2.942091015256665e-15
4.773959005888173e-15
1.0325074129013956e-14
1.7763568394002505e-15
2.9976021664879227e-15
2.220446049250313e-15
-3.7192471324942744e-15
-8.881784197001252e-16
-5.995204332975845e-15
3.885780586188048e-15
-4.9404924595819466e-15
3.497202527569243e-15
-1.3322676295501878e-15
-1.6653345369377348e-16
-1.3877787807814457e-15
-7.382983113757291e-15
-4.551914400963142e-15
-2.831068712794149e-15
2.9976021664879227e-15
-1.887379141862766e-14
-5.88418203051333e-15
4.9960036108132044e-15
-1.0103029524088925e-14
-2.6645352591003757e-15
-6.661338147750939e-16
-3.6637359812630166e-15
3.4416913763379853e-15
1.1046719095020308e-14
-4.6629367034256575e-15
-9.43689570931383e-16
-3.941291737419306e-15
-7.16093850883226e-15
1.8818280267396403e-14
-1.887379141862766e-15
2.220446049250313e-16
1.27675647831893e-15
-9.492406860545088e-15
-1.609823385706477e-15
1.1213252548714081e-14
5.440092820663267e-15
-6.5503158452884236e-15
7.66053886991358e-15
-4.884981308350689e-15
-1.8318679906315083e-15
2.220446049250313e-15
-8.104628079763643e-15
2.886579864025407e-15
8.1601392309949e-15
-2.1649348980190553e-15
-8.604228440844963e-15
-1.226796442210798e-14
-1.1102230246251565e-15
-3.608224830031759e-15
5.329070518200751e-15
-1.3322676295501878e-15
3.885780586188048e-16
1.7319479184152442e-14
1.5265566588595902e-14
9.880984919163893e-15
-3.497202527569243e-15
-6.439293542825908e-15
2.942091015256665e-15
-2.6645352591003757e-15
3.1086244689504383e-15
1.0935696792557792e-14
2.0539125955565396e-15
5.218048215738236e-15
1.3322676295501878e-15
9.43689570931383e-16
7.93809462606987e-15
-1.0547118733938987e-15
-1.5376588891058418e-14
-1.687538997430238e-14
-8.43769498715119e-15
8.881784197001252e-16
-4.163336342344337e-15
-1.199040866595169e-14
-7.216449660063518e-15
-2.842170943040401e-14
-1.2101430968414206e-14
-1.4654943925052066e-14
1.326716514427062e-14
4.773959005888173e-15
-2.5757174171303632e-14
1.2212453270876722e-14
-4.440892098500626e-15
-5.051514762044462e-15
-3.608224830031759e-15
-4.718447854656915e-15
9.103828801926284e-15
-5.1458837191376006e-14
-2.90878432451791e-14
1.8318679906315083e-15
4.5630166312093934e-14
2.8976820942716586e-14
5.206945985491984e-14
-3.042011087472929e-14
-1.3100631690576847e-14
-1.5765166949677223e-14
-1.5210055437364645e-14
-4.118927421359331e-14
-4.8183679268731794e-14
4.3853809472693683e-14
-1.0103029524088925e-14
-5.944689185355401e-13
-2.102207297127734e-13
-9.43689570931383e-15
-9.880984919163893e-15
7.260858581048524e-14
6.011857678345223e-14
-5.617728504603292e-14
-4.785061236134425e-14
3.086420008457935e-14
2.631228568361621e-14
4.551914400963142e-15
-1.1546319456101628e-14
-1.1102230246251565e-16
-2.1760371282653068e-14
1.6708856520608606e-14
-1.7208456881689926e-14
1.7208456881689926e-14
-2.403632848313464e-14
-9.270362255620057e-15
2.609024107869118e-15
3.3861802251067274e-15
5.218048215738236e-15
-1.2101430968414206e-14
9.936496070395151e-15
2.3869795029440866e-14
-1.887379141862766e-15
5.551115123125783e-16
1.0547118733938987e-14
1.1102230246251565e-14
-8.881784197001252e-15
4.440892098500626e-15
-8.326672684688674e-15
-1.1102230246251565e-15
3.608224830031759e-15
-8.326672684688674e-16
-1.6209256159527285e-14
5.10702591327572e-15
3.7192471324942744e-15
-6.439293542825908e-15
-1.4765966227514582e-14
-2.3037127760971998e-14
-1.2490009027033011e-14
4.496403249731884e-15
1.176836406102666e-14
2.1649348980190553e-15
3.3306690738754696e-16
7.216449660063518e-15
-1.2545520178264269e-14
3.1086244689504383e-15
-2.1649348980190553e-15
7.494005416219807e-15
-6.328271240363392e-15
-1.4432899320127035e-15
