201
4.718447854656915e-15
-3.885780586188048e-15
-7.549516567451064e-15
6.161737786669619e-15
-6.661338147750939e-16
1.942890293094024e-15
-8.770761894538737e-15
-1.0436096431476471e-14
1.176836406102666e-14
5.218048215738236e-15
4.551914400963142e-15
2.603472992745992e-14
-8.93729534823251e-15
6.433742427702782e-14
-5.717648576819556e-15
-9.459100169806334e-14
3.785860513971784e-14
-8.273381979506667e-13
-4.761746552617296e-13
1.900701818158268e-13
6.078471059822732e-14
-1.6708856520608606e-14
5.978550987606468e-14
1.8318679906315083e-15
2.8033131371785203e-15
1.3572476476042539e-14
-2.3037127760972e-15
5.717648576819556e-15
1.3405943022348765e-14
3.191891195797325e-15
2.6645352591003757e-15
2.609024107869118e-15
6.2727600891321345e-15
-6.994405055138486e-15
-1.27675647831893e-15
5.384581669432009e-15
0.0
-1.0380585280245214e-14
2.4147350785597155e-15
-3.747002708109903e-15
-5.995204332975845e-15
8.881784197001252e-16
6.2450045135165055e-15
3.4416913763379853e-15
-2.914335439641036e-15
-3.4139358007223564e-15
-2.3869795029440866e-15
-1.4432899320127035e-15
1.0824674490095276e-15
-4.0245584642661925e-15
-1.0436096431476471e-14
1.27675647831893e-15
2.55351295663786e-15
-1.6653345369377348e-16
-1.6653345369377348e-16
5.773159728050814e-15
2.1649348980190553e-15
2.7755575615628914e-16
-8.215650382226158e-15
-1.3322676295501878e-15
-1.0547118733938987e-15
2.275957200481571e-15
9.43689570931383e-16
7.549516567451064e-15
6.217248937900877e-15
9.936496070395151e-15
-6.5503158452884236e-15
4.773959005888173e-15
-7.993605777301127e-15
-4.3298697960381105e-15
7.771561172376096e-15
6.8833827526759706e-15
-1.7208456881689926e-15
-2.220446049250313e-15
1.226796442210798e-14
-5.773159728050814e-15
-8.826273045769994e-15
-2.298161660974074e-14
1.6209256159527285e-14
1.2212453270876722e-15
1.3433698597964394e-14
-7.216449660063518e-15
-1.4976908602193362e-13
1.2656542480726785e-14
3.397282455352979e-14
5.662137425588298e-15
1.765254609153999e-14
3.1086244689504383e-15
-3.608224830031759e-14
-4.923839114212569e-14
-7.91033905045424e-15
2.453592884421596e-14
3.6692870963861424e-14
-9.593020822151743e-16
7.76895908716213e-15
-5.255258034297938e-14
-9.046582927219049e-15
-5.93275428784068e-15
-1.1527237497865883e-14
-1.3999218451132833e-14
1.5102502581854083e-14
-3.29250515740398e-15
-6.800116025829084e-15
-8.43769498715119e-15
3.802513859341161e-15
8.052586375484339e-15
4.2327252813834093e-16
1.8735013540549517e-16
-4.6004866582904924e-15
-7.327471962526033e-15
-9.818534874028728e-15
-9.71445146547012e-17
-6.58501031480796e-15
1.6653345369377348e-16
2.3592239273284576e-15
5.273559366969494e-16
1.0547118733938987e-15
-8.527900607901984e-15
-1.8665624601510444e-15
5.3013149425851225e-15
-3.1988300897012323e-15
1.6375789613221059e-15
-7.549516567451064e-15
1.8318679906315083e-15
-9.43689570931383e-16
6.050715484207103e-15
-2.1094237467877974e-15
7.521760991835436e-15
-2.5396351688300456e-15
3.594347042223944e-15
4.8433479449272454e-15
2.5673907444456745e-16
-2.157996004115148e-15
9.110767695830191e-15
4.315992008230296e-15
-4.676814491233472e-15
1.817990202823694e-15
-1.5404344466674047e-15
-2.192690473634684e-15
-1.915134717478395e-15
4.413136522884997e-15
-5.6066262743570405e-15
-2.5673907444456745e-15
-9.409140133698202e-15
-5.648259637780484e-15
4.0245584642661925e-16
-2.1788126858268697e-15
-3.5388358909926865e-15
-7.91033905045424e-15
-5.412337245047638e-16
4.718447854656915e-16
3.3584246494910985e-15
4.191091917959966e-15
-2.220446049250313e-15
-5.6066262743570405e-15
-3.191891195797325e-16
1.5265566588595902e-16
6.661338147750939e-16
2.0122792321330962e-15
3.0531133177191805e-16
-4.0245584642661925e-16
2.914335439641036e-16
-5.412337245047638e-16
-4.912736883966318e-15
-1.887379141862766e-15
1.8596235662471372e-15
1.3739009929736312e-15
3.469446951953614e-15
-1.0547118733938987e-15
-2.0816681711721685e-15
-1.2628786905111156e-15
-2.0816681711721685e-15
-3.164135620181696e-15
7.077671781985373e-16
3.469446951953614e-16
1.5681900222830336e-15
-7.494005416219807e-16
-3.5388358909926865e-15
3.344546861683284e-15
1.1102230246251565e-15
-6.800116025829084e-16
4.121702978920894e-15
4.440892098500626e-15
6.661338147750939e-16
-3.622102617839573e-15
-1.1518563880486e-15
-4.579669976578771e-16
1.4710455076283324e-15
-5.134781488891349e-16
-4.718447854656915e-15
1.3877787807814457e-16
-4.0245584642661925e-16
-4.3576253716537394e-15
-1.5265566588595902e-15
1.1102230246251565e-15
-3.608224830031759e-16
2.1649348980190553e-15
1.7486012637846216e-15
-1.0824674490095276e-15
1.942890293094024e-16
1.0547118733938987e-15
