201
6.439293542825908e-15
7.66053886991358e-15
5.995204332975845e-15
3.774758283725532e-15
1.2212453270876722e-15
-6.661338147750939e-16
-4.6629367034256575e-15
-3.4416913763379853e-15
3.4416913763379853e-15
6.8833827526759706e-15
2.6645352591003757e-15
-6.661338147750939e-16
-2.6645352591003757e-15
-6.328271240363392e-15
-1.4432899320127035e-15
3.885780586188048e-15
-3.219646771412954e-15
-5.773159728050814e-15
8.548717289613705e-15
-1.887379141862766e-15
5.329070518200751e-15
-8.215650382226158e-15
2.55351295663786e-15
5.551115123125783e-16
-1.1102230246251565e-15
7.549516567451064e-15
-2.4424906541753444e-15
-5.440092820663267e-15
1.3322676295501878e-15
3.774758283725532e-15
-6.772360450213455e-15
6.439293542825908e-15
-6.328271240363392e-15
5.329070518200751e-15
-4.107825191113079e-15
-7.216449660063518e-15
-8.215650382226158e-15
-8.659739592076221e-15
-1.7763568394002505e-15
-1.0769163338864018e-14
-1.1102230246251565e-16
1.1213252548714081e-14
5.551115123125783e-16
-3.3306690738754696e-15
3.552713678800501e-15
1.1102230246251565e-15
1.1102230246251565e-15
9.43689570931383e-15
2.7755575615628914e-15
-2.9976021664879227e-15
-1.3322676295501878e-15
6.994405055138486e-15
-5.551115123125783e-16
1.1102230246251565e-15
3.219646771412954e-15
-2.220446049250313e-16
2.9976021664879227e-15
-1.1657341758564144e-14
-6.8833827526759706e-15
2.1094237467877974e-15
1.27675647831893e-14
5.551115123125783e-16
4.440892098500626e-16
5.551115123125783e-16
-5.329070518200751e-15
-2.55351295663786e-15
-1.5543122344752192e-15
-5.88418203051333e-15
-4.440892098500626e-15
-1.454392162258955e-14
7.771561172376096e-15
6.217248937900877e-15
4.440892098500626e-16
-8.659739592076221e-15
2.7755575615628914e-15
-1.1102230246251565e-16
5.88418203051333e-15
4.6629367034256575e-15
2.1094237467877974e-15
-6.994405055138486e-15
3.9968028886505635e-15
-4.218847493575595e-15
-8.548717289613705e-15
-4.218847493575595e-15
-2.220446049250313e-15
7.771561172376096e-16
2.6645352591003757e-15
-3.219646771412954e-15
6.217248937900877e-15
-5.995204332975845e-15
3.4416913763379853e-15
2.3314683517128287e-15
1.1102230246251565e-15
1.6653345369377348e-14
-4.107825191113079e-15
-1.2989609388114332e-14
3.1086244689504383e-15
4.440892098500626e-15
-6.8833827526759706e-15
-8.215650382226158e-15
3.9968028886505635e-15
-3.552713678800501e-15
7.438494264988549e-15
-5.995204332975845e-15
6.106226635438361e-15
5.218048215738236e-15
-3.552713678800501e-15
-3.1086244689504383e-15
-4.107825191113079e-15
-8.770761894538737e-15
-7.771561172376096e-15
-1.3655743202889425e-14
-1.6209256159527285e-14
-8.215650382226158e-15
-3.552713678800501e-15
7.216449660063518e-15
-1.0436096431476471e-14
-1.2323475573339238e-14
-8.104628079763643e-15
-3.3306690738754696e-16
-1.4099832412739488e-14
-1.5543122344752192e-15
-7.66053886991358e-15
-1.4876988529977098e-14
-1.3322676295501878e-15
-4.440892098500626e-16
-1.5987211554602254e-14
7.105427357601002e-15
4.773959005888173e-15
3.1086244689504383e-15
-1.3322676295501878e-14
-1.4432899320127035e-15
-7.549516567451064e-15
-5.773159728050814e-15
-1.432187701766452e-14
-2.120525977034049e-14
-4.440892098500626e-15
1.2434497875801753e-14
4.440892098500626e-16
-7.993605777301127e-15
-4.163336342344337e-14
-4.6074255521943996e-14
-2.631228568361621e-14
-9.370282327836321e-14
1.0325074129013956e-14
-6.5503158452884236e-15
6.8833827526759706e-15
4.218847493575595e-15
1.1102230246251565e-16
-1.1213252548714081e-14
8.326672684688674e-15
9.325873406851315e-15
1.0436096431476471e-14
-5.440092820663267e-15
5.218048215738236e-15
-2.886579864025407e-15
2.9976021664879227e-15
-6.106226635438361e-15
-1.9984014443252818e-15
-4.884981308350689e-15
-7.771561172376096e-16
-3.219646771412954e-15
3.774758283725532e-15
-8.659739592076221e-15
-4.6629367034256575e-15
6.106226635438361e-15
1.5543122344752192e-15
1.1213252548714081e-14
-1.0436096431476471e-14
1.709743457922741e-14
-4.551914400963142e-15
3.774758283725532e-15
-2.55351295663786e-15
8.43769498715119e-15
-9.547918011776346e-15
2.1094237467877974e-15
-1.5543122344752192e-15
6.217248937900877e-15
6.8833827526759706e-15
-1.6653345369377348e-15
-7.438494264988549e-15
-2.1094237467877974e-15
1.1213252548714081e-14
-1.0658141036401503e-14
-3.885780586188048e-15
3.1086244689504383e-15
2.4424906541753444e-14
7.66053886991358e-15
2.7533531010703882e-14
-1.5654144647214707e-14
-3.774758283725532e-15
-1.354472090042691e-14
-1.1102230246251565e-16
-1.3766765505351941e-14
1.2878587085651816e-14
-1.2545520178264269e-14
5.995204332975845e-15
-6.439293542825908e-15
-5.10702591327572e-15
1.354472090042691e-14
6.217248937900877e-15
