201
0.10219834126655017
0.10887812094765685
0.11574063036857861
0.12278799989688213
0.13002233871557276
0.13744572755672257
0.14506021043456663
0.1528677854471399
0.1608703946835389
0.16906991325375853
0.1774681374412563
0.18606677196851815
0.1948674163594844
0.20387155037735835
0.21308051851419255
0.22249551350864885
0.2321175588666293
0.24194749036532748
0.2519859365184995
0.26223329799206735
0.27268972595699503
0.2833550993790728
0.2942290012488395
0.3053106937662095
0.316599092502994
0.32809273957986756
0.3397897759049158
0.35168791253904114
0.3637844012670379
0.3760760044699757
0.3885589644180988
0.4012289721195751
0.41408113588598383
0.4271099497966065
0.4403092622729988
0.4536722449946838
0.4671913624222953
0.48085834221453316
0.4946641468587811
0.5085989468610355
0.5226520958679536
0.5368121081209308
0.5510666386656621
0.5654024667644877
0.5798054829748502
0.5942606803743712
0.608752150421084
0.6232630839434883
0.6377757777494922
0.6522716473353752
0.66673124615628
0.6811342918906808
0.6954597000935828
0.7096856255847477
0.7237895118566136
0.737748148717869
0.751537738302115
0.7651339694813895
0.7785121006188644
0.7916470504812096
0.8045134970116532
0.8170859835362301
0.8293390318455537
0.8412472614598995
0.8527855142539141
0.8639289834888089
0.8746533461784833
0.8849348976045249
0.8947506866986968
0.9040786509285328
0.9128977492620467
0.9211880917482463
0.9289310642331894
0.9361094467457646
0.94270752412247
0.9487111875076081
0.9541080254570099
0.9588874034909688
0.9630405310844135
0.966560515244672
0.9694424000073391
0.9716831913755338
0.9732818674315586
0.9742393735592875
0.9745586029237439
0.9742443625611312
0.9733033256265353
0.9717439705305122
0.9695765078612154
0.9668127961343953
0.9634662475363611
0.9595517249237804
0.9550854314160019
0.950084793962729
0.944568342289839
0.9385555846221006
0.9320668815531037
0.9251233193847579
0.9177465841896004
0.9099588377650019
0.9017825965515355
0.8932406144804831
0.8843557705968891
0.8751509621914134
0.8656490040462204
0.8558725342858293
0.8458439272014235
0.8355852133100599
0.8251180067986448
0.8144634404110778
0.8036421077421024
0.7926740128246132
0.781578526828214
0.7703743516224475
0.7590794899136855
0.7477112216181053
0.7362860861064469
0.7248198699281988
0.7133275996103998
0.7018235391187704
0.6903211915587689
0.6788333047106087
0.6673718799859589
0.6559481844160285
0.6445727652919708
0.63325546709539
0.6220054503780634
0.610831212271844
0.5997406083283032
0.5887408754149697
0.5778386554134305
0.567040019490001
0.5563504927294678
0.5457750789465059
0.5353182855064866
0.5249841480086088
0.5147762547055162
0.5046977705425685
0.49475146072686516
0.4849397137411403
0.4752645637378
0.46572771225724563
0.45633054922788874
0.44707417321345744
0.4379594108843078
0.4289868356972944
0.4201567857718224
0.4114693809647052
0.40292453914147747
0.39452199165458357
0.386261298039891
0.37814185994341687
0.3701629343012711
0.362323645786829
0.35462299855203416
0.34705988728319376
0.3396331075963521
0.3323413657989947
0.325183288041621
0.31815742888623383
0.3112622793179701
0.3044962742255012
0.29785779937615753
0.2913451979094105
0.2849567763764169
0.27869081034629906
0.27254554960556404
0.2665192229704221
0.26061004273642224
0.2548162087852926
0.2491359123682952
0.24356733958766583
0.2381086745929493
0.23275810250990886
0.22751381212059107
0.2223739983075617
0.21733686428167662
0.2124006236032752
0.2075635020137853
0.20282373908983037
0.19817958973049252
0.1936293254923868
0.18917123577946768
0.18480362890185184
0.18052483301040004
0.17633319691684057
0.17222709080807103
0.16820490686395384
0.1642650597829956
0.1604059872254931
0.15662615018054132
0.1529240332606912
0.14929814493350385
0.14574701769193107
0.14226920817123498
0.13886329721481344
0.13552788989549994
0.132261615494198
0.1290631274413685
0.12593110322343418
0.12286424425892459
