201
0.47733749108312146
0.49904247481285174
0.521054083572663
0.5433398978090045
0.5658616178809779
0.5885748750808761
0.611429081151732
0.634367332589078
0.6573263860946861
0.6802367214073515
0.703022707185465
0.725602884511338
0.7478903807991337
0.7697934643059036
0.7912162460128785
0.8120595313511302
0.8322218191445211
0.8516004393550791
0.8700928149607584
0.8875978268316553
0.9040172541599355
0.9192572572343849
0.9332298645354561
0.9458544226832983
0.9570589660376598
0.9667814629972329
0.9749708984183985
0.9815881560644396
0.9866066714408132
0.9900128334610744
0.9918061226595715
0.991998983588908
0.990616438999338
0.9876954628123081
0.9832841372173224
0.9774406260093974
0.9702320012141008
0.9617329629775322
0.9520244935934536
0.9411924855535089
0.9293263808479031
0.9165178547725806
0.9028595725515788
0.8884440415590258
0.8733625761775016
0.8577043866966705
0.8415557983466757
0.8249996018609862
0.8081145329049163
0.7909748744087268
0.7736501733356866
0.7562050616039937
0.7386991697579466
0.7211871214495559
0.7037185967293365
0.6863384524941845
0.6690868890750074
0.6519996527979924
0.6351082653174891
0.6184402716044466
0.6020194995078485
0.5858663248718765
0.5699979371758888
0.5544286016090104
0.5391699142665571
0.5242310479802929
0.509618986866103
0.4953387482933332
0.48139359138426
0.4677852116427436
0.4545139215043493
0.44157881698029755
0.42897793068137263
0.41670837170411845
0.40476645295824615
0.39314780659490123
0.381847488240157
0.3708600707770614
0.36017972840438195
0.3498003117255889
0.33971541457503773
0.3299184332673514
0.3204026189532462
0.31116112367822746
0.30218704077208447
0.29347344005476883
0.2850133984405579
0.2768000263559663
0.26882649041249523
0.2610860328503931
0.2535719877165938
0.24627779480477655
0.23919701092337878
0.23232331921281757
0.22565053662528503
0.21917261978277852
0.21288366940449338
0.2067779335332961
0.20084980964280014
0.19509384583171718
0.18950474120167832
0.18407734554158903
0.17880665840799032
0.1736878277018443
0.16871614781396505
0.16388705741520643
0.1591961369388261
0.15463910582737034
0.15021181957901408
0.14591026663448448
0.1417305651518049
0.13766895968802584
0.13372181782249992
0.12988562674405518
0.12615698982278228
0.12253262318196208
0.11900935228751058
0.11558410856874733
0.11225392607704834
0.10901593819654601
0.10586737441003184
0.1028055571285102
0.09982789858981628
0.09693189782814096
0.09411513771954347
0.09137528210401033
0.08871007298726843
0.08611732782111119
0.0835949368657911
0.08114086063071821
0.07875312739674406
0.07642983081614238
0.07416912759203696
0.07196923523450484
0.06982842989214662
0.06774504425784968
0.06571746554802803
0.06374413355144293
0.06182353874798805
0.059954220494603534
0.058134765275542614
0.05636380501777633
0.05464001546649797
0.05296211462058673
0.05132886122578221
0.049739053323739464
0.048191526854732145
0.046685154312494606
0.04521884344931513
0.043791536029439485
0.04240220662968323
0.041049861484284016
0.0397335373736403
0.03845230055507032
0.037205245733116565
0.03599149506916297
0.03481019722800151
0.0336605264603215
0.032541681719622274
0.03145288581247362
0.030393384580424742
0.02936244611243823
0.028359359987362973
0.027383436543963042
0.0264340061786628
0.025510418669325
0.02461204252402126
0.023738264354054815
0.022888488270194157
0.022062135300999174
0.021258642832835854
0.02047746407040696
0.019718067516654565
0.01897993647228507
0.01826256855300486
0.017565475224516396
0.016888181354423718
0.01623022478012845
0.015591155892378578
0.014970537233815466
0.014367943111741648
0.013782959224823811
0.013215182302992894
0.012664219760106383
0.012129689358885306
0.011611218887607362
0.01110844584814667
0.010621017154916248
0.010148588844238995
0.00969082579386932
0.00924740145214938
0.008817997576433811
0.008402303980609921
0.008000018291125255
0.007610845711337541
0.0072344987938616065
0.006870697220635354
0.006519167590270823
0.006179643212566708
0.005851863909973537
0.005535575825447419
