201
0.5506290293574987
0.5510875966102162
0.5515232724509425
0.5519382957964248
0.5523346347155241
0.5527140264930561
0.5530780105386432
0.5534279556377573
0.5537650826843187
0.5540904837733486
0.5544051383371089
0.5547099268609346
0.5550056426049692
0.555293001671073
0.5555726516886905
0.5558451793416221
0.5561111169163707
0.5563709480208565
0.5566251125964629
0.5568740113247618
0.5571180095147306
0.5573574405415201
0.5575926088962787
0.5578237928996111
0.5580512471199374
0.5582752045352247
0.5584958784687576
0.5587134643268618
0.55892814116129
0.5591400730770666
0.5593494105030543
0.55955629134111
0.559760842006103
0.559963178369866
0.5601634066181954
0.5603616240305792
0.560557919690323
0.5607523751321442
0.5609450649336162
0.5611360572556631
0.5613254143375426
0.5615131929498054
0.5616994448102833
0.5618842169654666
0.5620675521413687
0.5622494890658516
0.5624300627654537
0.5626093048389191
0.56278724370924
0.5629639048561402
0.5631393110310768
0.563313482455278
0.5634864370034951
0.5636581903734196
0.5638287562429934
0.5639981464156829
0.5641663709553726
0.5643334383113716
0.5644993554342366
0.5646641278834476
0.5648277599273371
0.5649902546357851
0.5651516139664294
0.5653118388449078
0.5654709292392711
0.565628884229354
0.5657857020712506
0.5659413802574215
0.5660959155723242
0.5662493041448972
0.5664015414964864
0.5665526225864335
0.5667025418539633
0.5668512932573538
0.566998870310519
0.5671452661170907
0.5672904734020593
0.567434484541416
0.5675772915898416
0.5677188863062541
0.5678592601777586
0.5679984044421933
0.5681363101087318
0.5682729679774444
0.5684083686573097
0.5685425025830433
0.5686753600308166
0.5688069311328992
0.5689372058912042
0.5690661741899671
0.5691938258075424
0.5693201504273825
0.5694451376480417
0.5695687769929366
0.5696910579187904
0.5698119698240456
0.569931502056227
0.5700496439191005
0.5701663846789804
0.570281713570835
0.5703956198037743
0.5705080925661484
0.5706191210302172
0.5707286943565857
0.5708368016980205
0.570943432203255
0.5710485750200751
0.5711522192987494
0.571254354194366
0.5713549688696398
0.5714540524970532
0.5715515942609568
0.5716475833594099
0.571742009005805
0.5718348604303187
0.571926126881236
0.5720157976260201
0.572103861952346
0.5721903091688756
0.5722751286059765
0.5723583096162838
0.5724398415752036
0.572519713881174
0.572597915955999
0.5726744372449162
0.572749267216704
0.5728223953636616
0.5728938112014799
0.5729635042690663
0.5730314641283065
0.5730976803638336
0.5731621425824832
0.5732248404129927
0.5732857635056436
0.5733449015314493
0.5734022441817828
0.5734577811678674
0.5735115022197985
0.573563397086231
0.5736134555334229
0.5736616673445347
0.5737080223190074
0.5737525102714799
0.57379512103124
0.5738358444412388
0.5738746703572154
0.5739115886468968
0.5739465891889951
0.5739796618723768
0.5740107965950368
0.5740399832632814
0.5740672117906245
0.5740924720968861
0.5741157541072903
0.5741370477513373
0.5741563429618607
0.5741736296740709
0.574188897824548
0.5742021373501396
0.5742133381870367
0.5742224902696621
0.5742295835297372
0.5742346078952699
0.5742375532893511
0.5742384096293467
0.5742371668257098
0.5742338147810385
0.5742283433889354
0.5742207425331304
0.5742110020863331
0.5741991119091786
0.5741850618493506
0.5741688417403334
0.5741504414005915
0.5741298506324507
0.5741070592209842
0.5740820569332132
0.5740548335168694
0.5740253786994796
0.573993682187403
0.5739597336646937
0.5739235227921984
0.5738850392064699
0.5738442725188897
0.5738012123145109
0.5737558481511965
0.5737081695585475
0.573658166036994
0.5736058270566747
0.5735511420566686
0.5734941004437996
0.5734346915918259
0.5733729048403732
0.5733087294940663
0.573242154821453
0.5731731700541232
0.573101764385777
0.5730279269712115
0.5729516469253831
0.5728729133226079
0.5727917151953865
