201
1.3322676295501878e-15
-5.447031714567174e-15
2.942091015256665e-15
-1.3600232051658168e-15
4.253541963095131e-15
-2.9559688030644793e-15
-1.672273430841642e-15
1.304512053934559e-14
-4.6629367034256575e-15
-2.1024848528838902e-15
7.369105325949477e-15
-2.1718737919229625e-15
-8.18789480661053e-15
-2.2343238370581275e-15
6.938893903907228e-18
7.049916206369744e-15
-6.0298988024953815e-15
-8.645861804268407e-15
4.3576253716537394e-15
5.564992910933597e-15
-7.320533068622126e-15
-4.6074255521944e-15
4.496403249731884e-15
-6.612765890423589e-15
3.684552662974738e-15
-2.2898349882893854e-16
-3.3029134982598407e-15
2.609024107869118e-15
4.593547764386585e-15
6.168676680573526e-15
7.840950111415168e-16
-1.790234627208065e-15
2.67841304690819e-15
1.2212453270876722e-15
5.002942504717112e-15
-8.652800698172314e-15
3.5388358909926865e-16
2.0122792321330962e-15
6.543376951384516e-15
-8.03523914072457e-15
-7.945033519973776e-15
6.314393452555578e-16
-1.2698175844150228e-14
-5.821731985378165e-15
-4.8155923693116165e-15
-8.409939411535561e-15
-7.077671781985373e-16
1.1102230246251565e-16
1.4016565685892601e-15
1.8457457784393227e-15
-1.0422218643668657e-14
-3.941291737419306e-15
-3.2751579226442118e-15
5.731526364627371e-15
-1.5959455978986625e-15
7.91033905045424e-15
5.176414852314792e-15
-1.4710455076283324e-15
-4.343747583845925e-15
1.790234627208065e-15
-8.548717289613705e-15
-2.400857290751901e-15
-5.551115123125783e-17
-2.4980018054066022e-15
-5.1209037010835345e-15
-4.440892098500626e-16
-2.2343238370581275e-15
-9.700573677662305e-15
-8.146261443187086e-15
7.258083023486961e-15
-2.886579864025407e-15
5.537237335317968e-15
4.135580766728708e-15
-1.9012569296705806e-15
-5.1486592766991635e-15
-8.715250743307479e-15
5.689893001203927e-16
4.038436252074007e-15
-3.7192471324942744e-15
6.231126725708691e-15
3.0531133177191805e-16
2.275957200481571e-15
-1.058875209736243e-14
-2.0261570199409107e-15
6.938893903907228e-16
-4.9404924595819466e-15
-1.1102230246251565e-16
9.71445146547012e-16
-5.023759186428833e-15
6.439293542825908e-15
3.7192471324942744e-15
-5.551115123125783e-16
2.55351295663786e-15
-1.6930901125533637e-15
4.690692279041286e-15
-6.938893903907228e-16
-4.801714581503802e-15
-5.384581669432009e-15
-1.2212453270876722e-15
-5.023759186428833e-15
7.716050021144838e-15
-1.915134717478395e-15
-6.411537967210279e-15
7.216449660063518e-16
1.2989609388114332e-14
1.6431300764452317e-14
-5.9396931817445875e-15
-3.6637359812630166e-15
-1.5765166949677223e-14
5.2735593669694936e-15
8.326672684688674e-16
-3.885780586188048e-16
-3.747002708109903e-15
-9.880984919163893e-15
-1.942890293094024e-15
2.6922908347160046e-15
-2.1760371282653068e-14
1.7208456881689926e-15
-2.942091015256665e-15
-8.604228440844963e-16
-4.496403249731884e-15
-1.1823875212257917e-14
1.3988810110276972e-14
5.440092820663267e-15
-6.439293542825908e-15
-1.0658141036401503e-14
-2.3314683517128287e-15
-8.659739592076221e-15
-6.494804694057166e-15
2.220446049250313e-15
-3.164135620181696e-15
-1.887379141862766e-15
4.551914400963142e-15
-3.3861802251067274e-15
-2.9976021664879227e-15
-1.021405182655144e-14
-1.1213252548714081e-14
3.3306690738754696e-15
-1.3766765505351941e-14
1.9984014443252818e-15
1.9984014443252818e-15
-2.098321516541546e-14
-1.3988810110276972e-14
2.220446049250313e-15
-1.2434497875801753e-14
-4.996003610813204e-16
-1.1324274851176597e-14
3.774758283725532e-15
-6.716849298982197e-15
-5.773159728050814e-15
-2.1926904736346842e-14
1.2212453270876722e-15
1.2212453270876722e-14
-9.880984919163893e-15
-9.936496070395151e-15
5.828670879282072e-15
2.55351295663786e-15
-3.3861802251067274e-15
-5.773159728050814e-15
-1.7763568394002505e-14
-4.440892098500626e-15
1.3322676295501878e-15
7.382983113757291e-15
-2.886579864025407e-15
-2.55351295663786e-15
-4.218847493575595e-15
-1.8318679906315083e-14
-1.0658141036401503e-14
-6.661338147750939e-16
1.5543122344752192e-15
-1.6764367671839864e-14
-1.9317880628477724e-14
4.3298697960381105e-15
3.9968028886505635e-15
-9.992007221626409e-15
-4.884981308350689e-15
-2.942091015256665e-14
8.215650382226158e-15
-3.774758283725532e-15
2.9976021664879227e-15
-3.6637359812630166e-15
-1.6653345369377348e-15
-5.88418203051333e-15
1.0769163338864018e-14
-5.218048215738236e-15
2.886579864025407e-15
-1.8540724511240114e-14
8.881784197001252e-16
3.1086244689504383e-15
-2.3092638912203256e-14
2.020605904817785e-14
-4.440892098500626e-15
-4.3298697960381105e-15
4.3298697960381105e-15
8.881784197001252e-16
-7.105427357601002e-15
5.662137425588298e-15
1.3988810110276972e-14
5.10702591327572e-15
7.66053886991358e-15
-4.773959005888173e-15
