201
0.16778746234331274
0.16755196514686313
0.16731678722280321
0.16708192229676216
0.16684736430749741
0.16661310740795338
0.1663791459660817
0.1661454745659349
0.16591208800882812
0.16567898131444192
0.16544614972217037
0.16521358869248773
0.16498129390832245
0.16474926127666367
0.16451748693011625
0.16428596722858252
0.16405469876111023
0.16382367834771205
0.16359290304131044
0.16336237012984048
0.1631320771383418
0.16290202183123137
0.16267220221457504
0.16244261653859782
0.16221326330014718
0.16198414124532606
0.16175524937227947
0.16152658693390962
0.16129815344099002
0.1610699486649992
0.1608419726414936
0.16061422567321026
0.16038670833358704
0.16015942147012757
0.15993236620819684
0.15970554395460004
0.1594789564015522
0.1592526055307168
0.15902649361724291
0.15880062323405472
0.15857499725637123
0.15834961886606916
0.15812449155654193
0.15789961913744352
0.157675005739751
0.15745065582078757
0.15722657416973326
0.15700276591287718
0.15677923651941886
0.15655599180717494
0.15633303794865136
0.15611038147714515
0.15588802929314943
0.15566598867083778
0.1554442672648808
0.1552228731173707
0.15500181466490628
0.1547811007460475
0.15456074060885383
0.15434074391872193
0.15412112076642487
0.15390188167634947
0.15368303761506244
0.15346460000011902
0.15324658070905825
0.15302899208872395
0.15281184696484995
0.1525951586519944
0.15237894096354757
0.15216320822242607
0.1519479752716367
0.15173325748550193
0.15151907078109084
0.1513054316299342
0.15109235707021396
0.15087986471922865
0.1506679727862543
0.1504567000858545
0.15024606605149346
0.1500360907495944
0.14982679489408995
0.14961819986138575
0.14941032770569826
0.1492032011749874
0.1489968437272372
0.14879127954745008
0.14858653356495208
0.14838263147133843
0.1481795997390042
0.147977465640168
0.14777625726654547
0.14757600354969788
0.14737673428194586
0.1471784801378571
0.14698127269674313
0.1467851444655206
0.1465901289024179
0.14639626044163168
0.14620357451854962
0.1460121075958674
0.14582189719061023
0.14563298190203672
0.145445401440346
0.1452591966565335
0.1450744095730697
0.14489108341571072
0.14470926264632195
0.14452899299687005
0.14435032150455784
0.14417329654801503
0.14399796788503255
0.143824386691276
0.14365260560059612
0.14348267874657136
0.14331466180564745
0.1431486120416305
0.14298458835196284
0.14282265131542995
0.14266286324177527
0.1425052882229851
0.14234999218638006
0.14219704294982563
0.14204651027878445
0.14189846594556108
0.14175298379069917
0.14161013978672893
0.14147001210414445
0.1413326811800958
0.1411982297894217
0.14106674311870496
0.14093830884274142
0.14081301720445785
0.14069096109738158
0.1405722361518496
0.14045694082418858
0.14034517648959946
0.1402370475387775
0.14013266147816753
0.1400321290344276
0.13993556426313264
0.13984308466172932
0.1397548112871996
0.1396708688784971
0.139591385984265
0.13951649509553135
0.13944633278413365
0.13938103984699596
0.13932076145649192
0.13926564731728353
0.1392158518293838
0.1391715342591913
0.13913285891707083
0.13909999534310064
0.1390731185010586
0.1390524089805889
0.13903805320870394
0.13903024367071276
0.1390291791409192
0.13903506492385082
0.13904811310665063
0.1390685428227317
0.1390965805278957
0.13913246028897347
0.13917642408631758
0.1392287221301055
0.13928961319195815
0.13935936495206977
0.1394382543632832
0.13952656803215135
0.13962460261922652
0.1397326652581846
0.13985107399604335
0.13998015825469332
0.1401202593157287
0.14027173082937336
0.14043493934895412
0.14061026489239323
0.1407981015327089
0.14099885801820208
0.14121295842505
0.14144084284345215
0.14168296810002406
0.14193980851757115
0.14221185671548686
0.14249962445235895
0.14280364351402774
0.14312446664880205
0.14346266855402062
0.143818846915682
0.14419362350541906
0.14458764533767182
0.1450015858910909
0.1454361463977597
0.14589205720509824
0.14637007921394377
0.14687100539861644
0.14739566241323107
0.1479449122901455
0.14851965423643015
0.1491208265339364
0.149749408550285
