201
0.8657284523333593
0.8577003895719164
0.8494506050844934
0.84097816664371
0.8322825876841919
0.8233638391490454
0.8142223635731931
0.8048590907568773
0.7952754544948714
0.7854734099019686
0.7754554509253231
0.7652246276784169
0.7547845632484549
0.7441394696557299
0.7332941626468255
0.7222540750279955
0.7110252682295388
0.6996144418367314
0.6880289407912935
0.6762767600059661
0.6643665461426336
0.65230759630381
0.6401098534295847
0.6277838981895879
0.6153409372016242
0.6027927874268727
0.5901518566318558
0.5774311198201245
0.5646440916186188
0.5518047945838938
0.53892772350032
0.5260278057350931
0.513120357793608
0.5002210382492078
0.4873457972860207
0.47451082311041776
0.46173248556904717
0.44902727731846587
0.4364117529500504
0.42390246651341174
0.4115159078831212
0.39926843847172117
0.3871762267891309
0.37525518436601585
0.3635209025565917
0.3519885907584126
0.34067301652967186
0.32958844811794763
0.3187485998676557
0.3081665809186882
0.2978548476309101
0.2878251600675168
0.27808854285938633
0.2686552507120257
0.2595347387584961
0.2507356379150664
0.24226573533821277
0.234131960029075
0.2263403735489798
0.2188961658174854
0.21180365584458274
0.20506629724789308
0.19868668834331307
0.1926665865816824
0.18700692701990843
0.18170784455930022
0.17676869959515285
0.1721881067509085
0.1679639663181161
0.16409349806888301
0.16057327704168062
0.1573992709613552
0.15456687892809248
0.1520709710305093
0.14990592855401072
0.14806568446973642
0.14654376390865892
0.1453333243494812
0.14442719527009276
0.14381791703271335
0.14349777880306558
0.14345885532495553
0.1436930423950342
0.14419209090933754
0.1449476393617658
0.1459512447402553
0.14719441171073358
0.1486686200780914
0.15036535050128888
0.1522761083258997
0.15439244591946583
0.15670598285623322
0.1592084247012783
0.16189157997173848
0.1647473754623902
0.16776786999588378
0.170945266668858
0.17427192358314958
0.17774036325172232
0.18134328064752583
0.18507355002309342
0.1889242305494874
0.1928885708807711
0.19696001268922048
0.20113219326171275
0.20539894721413005
0.2097543074264295
0.2141925052228828
0.21870796989508332
0.22329532762953708
0.2279493998732124
0.23266520122737042
0.2374379369019961
0.2422629997894865
0.2471359671994841
0.2520525973115051
0.2570088253743763
0.26200075969205905
0.26702467744124553
0.2720770203398265
0.2771543902084942
0.28225354444692385
0.28737139144576873
0.29250498596673774
0.2976515245016374
0.30280834063703566
0.30797290043218645
0.3131427978361539
0.31831575014238467
0.323489593508077
0.328662278534517
0.33383186592833025
0.33899652224126553
0.3441545157001737
0.3493042121335964
0.3544440709968168
0.359572641493666
0.3646885588118967
0.3697905404582466
0.3748773827036652
0.37994795714165963
0.3850012073471712
0.3900361456515453
0.3950518500232269
0.4000474610569446
0.4050221790666033
0.4099752612861513
0.4149060191712167
0.4198138158023479
0.42469806338859295
0.42955822086456646
0.4343937915860788
0.43920432111616153
0.4439893950983482
0.44874863722087327
0.4534817072630536
0.45818829922409465
0.4628681395313109
0.467520985325215
0.47214662281809233
0.4767448657245732
0.4813155537630588
0.4858585512192407
0.49037374557914737
0.49486104622029525
0.499320383163099
0.5037517058804325
0.5081549821608602
0.51253019702479
0.5168773516927304
0.5211964625995856
0.5254875604559074
0.529750689357088
0.5339859059301365
0.5381932785257011
0.5423728864466713
0.5465248192148153
0.5506491758741748
0.5547460643279426
0.5588156007075155
0.5628579087744641
0.5668731193511771
0.5708613697800455
0.574822803410536
0.5787575691120015
0.5826658208112785
0.5865477170540415
0.590403420588718
0.5942330979720221
0.5980369191949535
0.6018150573280217
0.6055676881864556
0.6092949900111784
0.6129971431683895
0.6166743298645112
0.6203267338767131
0.6239545402975964
0.6275579352946226
0.6311371058824499
0.6346922397066814
0.6382235248421178
