201
0.8907827070900229
0.8911157051087603
0.891314037159293
0.8913744181390655
0.891292426696134
0.8910624594768248
0.8906776597537924
0.8901298196093146
0.8894092537930929
0.8885046423195302
0.8874028377525717
0.8860886318810941
0.8845444750553135
0.8827501397653772
0.8806823180196952
0.8783141396353018
0.8756145955815411
0.8725478469052863
0.8690723953750092
0.8651400866757246
0.860694910636177
0.8556715554777237
0.8499936644653371
0.8435717338398702
0.8363005811891671
0.828056304945991
0.8186926513946071
0.808036710928027
0.7958838902756249
0.7819921696299378
0.7660757835241585
0.7477987135473634
0.7267688346540705
0.7025343503291142
0.6745854886982032
0.6423665884115954
0.6053069811726998
0.5628836039077664
0.5147334511591892
0.4608372838271973
0.4017909547473407
0.33915487695761803
0.27580957271989553
0.21614262469147388
0.16579640613897745
0.13074393723315753
0.11576959165411743
0.12293157465263871
0.1508396773207929
0.19519229038320995
0.2502257033225324
0.3102615370509413
0.37072357561166225
0.42848489347507496
0.48174529165374275
0.5297067532323834
0.572231969440078
0.6095692183902448
0.6421606335314296
0.6705214185992046
0.6951701557343672
0.7165924509970016
0.7352248350455297
0.7514502136874965
0.7655994429565187
0.7779558124685022
0.7887606171058427
0.7982188417590633
0.806504476973915
0.81376526135895
0.8201267968847505
0.8256960595618877
0.8305643627047794
0.8348098420199671
0.8384995320203439
0.8416910979174486
0.8444342795650923
0.8467720960001863
0.8487418515333529
0.8503759775592723
0.8517027384043003
0.852746824576025
0.8535298526524772
0.8540707876325191
0.8543863007605415
0.8544910735344573
0.8543980567254791
0.8541186916928849
0.853663100021143
0.8530402464717304
0.8522580793988219
0.8513236520833176
0.850243227868487
0.8490223715109526
0.8476660287715844
0.8461785959498174
0.8445639807970537
0.84282565602449
0.8409667064342982
0.8389898705479769
0.8368975774779317
0.8346919796781478
0.8323749821173193
0.8299482683427305
0.8274133238352457
0.8247714570023394
0.8220238181064385
0.819171416388992
0.8162151356118039
0.813155748212901
0.809993928244126
0.8067302632390554
0.8033652651402529
0.7998993803977803
0.7963329993379178
0.7926664648889461
0.7889000807384927
0.7850341189905702
0.7810688273788424
0.7770044360893844
0.7728411642346418
0.7685792260222364
0.7642188366487688
0.7597602179509767
0.7552036038399157
0.750549245540608
0.7457974166553896
0.7409484180698435
0.7360025827122947
0.7309602801810531
0.7258219212466179
0.7205879622378797
0.7152589093161631
0.7098353226427498
0.7043178204409054
0.6987070829523445
0.6930038562914616
0.6872089561895414
0.681323271631482
0.675347768377689
0.6692834923665003
0.6631315729923655
0.6568932262512093
0.6505697577453614
0.644162565541218
0.6376731428685095
0.6311030806509588
0.6244540698615352
0.6177279036866886
0.610926479492103
0.6040518005777684
0.5971059777081028
0.5900912304111497
0.5830098880284124
0.575864390509065
0.5686572889341796
0.5613912457605306
0.5540690347745949
0.5466935407447067
0.5392677587619218
0.5317947932618001
0.5242778567188042
0.5167202680058672
0.5091254504112617
0.5014969293126241
0.4938383294988209
0.4861533721417158
0.4784458714130132
0.47071973075065593
0.4629789387749518
0.45522756485628785
0.4474697543439314
0.43970972346115206
0.4319517538732254
0.42420018694548384
0.41645941769499384
0.40873388846066816
0.401028082298607
0.3933465161255017
0.38569373363059456
0.37807429797197145
0.3704927842875425
0.3629537720363174
0.3554618372035285
0.3480215443913907
0.34063743882331626
0.33331403829095607
0.32605582507744924
0.3188672378782748
0.31175266375702093
0.3047164301659502
0.29776279705615405
0.29089594911663746
0.2841199881633445
0.27743892571497053
0.2708566757780069
0.2643770478744002
0.2580037403335459
0.2517403338776003
0.24559028552069911
0.2395569228085
