201
0.41300145796599014
0.41794755026170777
0.4228901298679572
0.4278298384612628
0.4327671605531965
0.43770244623879195
0.442635929873496
0.44756774554327483
0.4524979399868946
0.4574264834743904
0.4623532790324536
0.46727817032465735
0.47220094842576144
0.4771213576842789
0.48203910082584334
0.4869538434233687
0.49186521783356224
0.4967728266839708
0.5016762459761058
0.5065750278645292
0.5114687031538527
0.5163567835570617
0.5212387637442482
0.5261141232116646
0.530982327992421
0.5358428322298169
0.5406950796291254
0.545538504802791
0.5503725345205034
0.555196588875015
0.5600100823730711
0.5648124249577571
0.5696030229712061
0.5743812800612794
0.5791465980386414
0.5838983776880706
0.5886360195374406
0.5933589245888302
0.5980664950133255
0.6027581348132248
0.607433250452059
0.6120912514572177
0.6167315509940592
0.6213535664144723
0.6259567197806156
0.6305404383661449
0.6351041551340951
0.6396473091935946
0.6441693462360979
0.6486697189517345
0.6531478874256585
0.6576033195168351
0.6620354912173617
0.6664438869950543
0.6708280001176331
0.6751873329614893
0.6795213973020828
0.683829714589526
0.688111816207401
0.6923672437164655
0.6965955490824665
0.7007962948892068
0.7049690545369995
0.7091134124258356
0.71322896412494
0.7173153165279713
0.7213720879942322
0.725398908476294
0.7293954196350853
0.7333612749401748
0.737296139759285
0.7411996914334817
0.7450716193407738
0.7489116249478132
0.7527194218493753
0.756494735796008
0.7602373047113895
0.7639468786976981
0.7676232200303883
0.7712661031428834
0.7748753146010102
0.7784506530669069
0.7819919292543821
0.7854989658737874
0.7889715975688524
0.792409670844168
0.7958130439844976
0.7991815869657407
0.8025151813586223
0.8058137202240925
0.8090771080019348
0.8123052603923039
0.8154981042311455
0.8186555773580961
0.8217776284799441
0.8248642170268556
0.8279153130043371
0.8309308968392584
0.8339109592216899
0.8368555009414551
0.8397645327211828
0.84263807504467
0.8454761579821547
0.848278821011454
0.8510461128367475
0.8537780912035549
0.8564748227119804
0.8591363826264767
0.8617628546845957
0.8643543309029627
0.8669109113819126
0.869432704108581
0.8719198247587734
0.874372396497814
0.8767905497805266
0.8791744221505904
0.881524158039521
0.8838399085652325
0.8861218313307854
0.888370090223023
0.8905848552114396
0.892766302147561
0.8949146125648623
0.8970299734793613
0.8991125771908283
0.9011626210854172
0.9031803074386928
0.9051658432203209
0.9071194398998588
0.9090413132537416
0.9109316831737204
0.9127907734770528
0.9146188117178685
0.916416029000224
0.9181826597929605
0.9199189417460988
0.9216251155088958
0.9233014245497579
0.9249481149776102
0.9265654353654301
0.9281536365750505
0.9297129715837759
0.9312436953128426
0.9327460644573933
0.9342203373178213
0.9356667736328297
0.937085634413999
0.9384771817815553
0.9398416788013074
0.9411793893230616
0.9424905778196989
0.9437755092274605
0.9450344487868451
0.9462676618840999
0.9474754138932353
0.9486579700182558
0.9498155951353906
0.9509485536351934
0.952057109264379
0.9531415249667473
0.9542020627234273
0.9552389833917728
0.9562525465428399
0.9572430102969971
0.9582106311572669
0.9591556638402507
0.9600783611039427
0.9609789735723102
0.9618577495557861
0.9627149348677171
0.9635507726358632
0.9643655031083656
0.9651593634540818
0.9659325875560787
0.9666854057980396
0.9674180448429321
0.9681307274027809
0.9688236719993253
0.969497092714529
0.9701511989299505
0.9707861950545107
0.9714022802393307
0.971999648078983
0.9725784862979481
0.9731389764215486
0.9736812934299617
0.9742056053945933
0.9747120730954149
0.9752008496183767
0.9756720799316122
0.9761259004396363
0.9765624385139392
0.9769818119996385
0.9773841286965476
0.9777694858142746
0.978137969400312
0.978489653740644
0.9788246007324624
0.9791428592287355
0.9794444643549092
0.9797294367983104
