201
-1.5543122344752192e-15
5.828670879282072e-16
-3.4416913763379853e-15
3.497202527569243e-15
-3.747002708109903e-15
1.1934897514720433e-15
-4.163336342344337e-16
1.8596235662471372e-15
2.525757381022231e-15
-2.275957200481571e-15
-4.3576253716537394e-15
-1.2490009027033011e-15
6.189493362285248e-15
-2.1371793224034263e-15
2.7755575615628914e-17
-1.7763568394002505e-15
-1.4432899320127035e-15
-3.0531133177191805e-15
-4.496403249731884e-15
-5.551115123125783e-16
1.942890293094024e-15
-1.6653345369377348e-15
3.3306690738754696e-16
-2.248201624865942e-15
-7.216449660063518e-16
-2.275957200481571e-15
-2.3869795029440866e-15
3.747002708109903e-15
2.525757381022231e-15
2.7755575615628914e-17
-8.049116928532385e-16
5.551115123125783e-16
-1.3877787807814457e-15
-2.7755575615628914e-16
-6.38378239159465e-16
1.4432899320127035e-15
6.938893903907228e-15
-1.4988010832439613e-15
-4.440892098500626e-16
-2.4147350785597155e-15
-4.440892098500626e-16
-1.942890293094024e-16
-3.0531133177191805e-16
-2.942091015256665e-15
1.2490009027033011e-15
-2.7755575615628914e-16
6.2450045135165055e-15
-3.608224830031759e-16
1.5543122344752192e-15
3.6637359812630166e-15
-8.049116928532385e-16
-2.581268532253489e-15
1.2212453270876722e-15
8.049116928532385e-16
-9.159339953157541e-16
-3.608224830031759e-16
-1.915134717478395e-15
-2.220446049250313e-15
1.6653345369377348e-15
9.159339953157541e-16
5.551115123125783e-16
5.551115123125783e-16
1.0269562977782698e-15
-2.581268532253489e-15
-3.858025010572419e-15
-8.604228440844963e-16
2.914335439641036e-15
-3.608224830031759e-15
-2.1094237467877974e-15
-1.5543122344752192e-15
9.43689570931383e-16
-1.2490009027033011e-15
1.0547118733938987e-15
3.247402347028583e-15
-2.609024107869118e-15
-9.159339953157541e-16
-1.915134717478395e-15
-4.163336342344337e-16
-1.1102230246251565e-16
-8.049116928532385e-16
-8.049116928532385e-16
-2.7755575615628914e-17
-1.7763568394002505e-15
-8.049116928532385e-16
1.3877787807814457e-16
1.942890293094024e-16
-1.1379786002407855e-15
-1.1102230246251565e-15
4.3298697960381105e-15
2.6645352591003757e-15
-2.3037127760972e-15
-1.4432899320127035e-15
-7.216449660063518e-16
3.3584246494910985e-15
5.273559366969494e-16
-7.771561172376096e-16
-3.219646771412954e-15
-6.938893903907228e-16
-3.3306690738754696e-16
6.38378239159465e-16
-2.6645352591003757e-15
2.220446049250313e-16
5.828670879282072e-16
2.942091015256665e-15
-2.3869795029440866e-15
3.6914915568786455e-15
-2.609024107869118e-15
8.326672684688674e-16
-6.661338147750939e-16
1.7763568394002505e-15
5.551115123125783e-17
-3.3306690738754696e-16
-2.275957200481571e-15
4.440892098500626e-15
-7.771561172376096e-16
0.0
1.3877787807814457e-15
-1.0269562977782698e-15
-5.551115123125783e-16
-2.886579864025407e-15
-5.551115123125783e-17
6.106226635438361e-16
-1.942890293094024e-15
-9.71445146547012e-16
1.304512053934559e-15
1.1379786002407855e-15
3.3306690738754696e-15
3.941291737419306e-15
-1.7486012637846216e-15
-4.440892098500626e-16
3.3306690738754696e-15
-5.551115123125783e-17
-2.914335439641036e-15
5.551115123125783e-17
-3.885780586188048e-16
-1.8318679906315083e-15
-3.635980405647388e-15
1.970645868709653e-15
-4.218847493575595e-15
-3.969047313034935e-15
9.43689570931383e-16
-1.942890293094024e-16
1.0547118733938987e-15
-4.440892098500626e-16
7.771561172376096e-16
-1.3322676295501878e-15
1.1657341758564144e-15
-4.718447854656915e-15
2.498001805406602e-16
1.6930901125533637e-15
-2.192690473634684e-15
-4.163336342344337e-16
-4.163336342344337e-16
3.6637359812630166e-15
2.498001805406602e-16
-1.1934897514720433e-15
1.4432899320127035e-15
-4.385380947269368e-15
6.078471059822732e-15
-3.6637359812630166e-15
-5.551115123125783e-17
1.3877787807814457e-16
-3.913536161803677e-15
1.7763568394002505e-15
-7.216449660063518e-16
4.551914400963142e-15
1.7486012637846216e-15
3.4139358007223564e-15
3.2751579226442118e-15
3.0531133177191805e-16
-1.1102230246251565e-16
-2.581268532253489e-15
-2.4980018054066022e-15
-4.551914400963142e-15
-6.966649479522857e-15
-4.274358644806853e-15
-3.2751579226442118e-15
1.6653345369377348e-15
-1.4988010832439613e-15
-7.771561172376096e-16
-3.3584246494910985e-15
1.27675647831893e-15
-6.661338147750939e-16
-2.7755575615628914e-16
3.3306690738754696e-15
3.497202527569243e-15
-2.0261570199409107e-15
1.609823385706477e-15
-8.049116928532385e-16
5.551115123125783e-17
1.4155343563970746e-15
-2.9976021664879227e-15
-4.996003610813204e-16
2.858824288409778e-15
-4.440892098500626e-16
-8.604228440844963e-16
2.248201624865942e-15
-4.9682480351975755e-15
-8.881784197001252e-16
3.7192471324942744e-15
-2.4424906541753444e-15
