201
0.8445883253414942
0.8517674608784742
0.8586380075068559
0.8652164072243949
0.8715179172592082
0.8775567143247422
0.8833459866686
0.8888980158289894
0.8942242496177519
0.8993353675509392
0.9042413397250777
0.9089514799617927
0.9134744939094261
0.9178185226804824
0.9219911825203229
0.9259996009289919
0.9298504496024995
0.9335499745110267
0.9371040233920458
0.9405180709011288
0.9437972416357188
0.9469463312215816
0.9499698256296246
0.9528719188733977
0.9556565292205257
0.9583273140364403
0.9608876833673059
0.9633408123569253
0.9656896525823077
0.9679369423845879
0.970085216262059
0.9721368133871482
0.9740938853002741
0.9759584028288044
0.9777321622735212
0.9794167908996525
0.9810137517650144
0.9825243479130504
0.9839497259550677
0.9852908790616244
0.9865486493788986
0.9877237298833426
0.9888166656834834
0.9898278547753103
0.9907575482533012
0.9916058499771021
0.9923727156894833
0.9930579515791715
0.9936612122772398
0.9941819982742476
0.9946196527399926
0.994973357725379
0.9952421297216553
0.9954248145480157
0.9955200815350865
0.9955264169664158
0.9954421167362233
0.99526527817599
0.994993790997214
0.9946253272919183
0.9941573305259747
0.993587003453887
0.992911294875692
0.9921268851498569
0.9912301703660882
0.9902172450740243
0.989083883453298
0.9878255187995364
0.9864372211899415
0.984913673179068
0.9832491433630965
0.9814374576353095
0.9794719679423525
0.9773455183335211
0.9750504080793705
0.972578351618464
0.9699204350741171
0.9670670690637425
0.9640079375072034
0.9607319421222175
0.9572271422809131
0.9534806898865165
0.9494787589209651
0.9452064693098774
0.9406478047530755
0.9357855241818872
0.9306010665333819
0.9250744485705304
0.9191841555531207
0.9129070246538021
0.9062181211615656
0.8990906076982625
0.8914956069341933
0.8834020586294897
0.874776572275385
0.8655832771934181
0.8557836727077953
0.8453364819737953
0.8341975142889319
0.8223195422759805
0.8096522023262841
0.7961419291755939
0.7817319386013858
0.7663622761026428
0.7499699541861873
0.7324892067368246
0.7138518960358925
0.6939881165592957
0.6728270498513217
0.6502981367669561
0.6263326472567929
0.6008657437133662
0.5738391515965593
0.5452045704329093
0.5149279789948824
0.48299501029349906
0.4494175949908553
0.414242097270785
0.3775591989696757
0.3395158354947994
0.3003295713840175
0.2603059663216614
0.21985980540122885
0.17954170550396475
0.14007285451819304
0.10239304176590461
0.06773173992134897
0.03772079190804034
0.014583993828005414
0.001470130211781607
0.0030501751752055207
0.026567201269531472
0.08345344086073334
0.19043153522214898
0.3623366507220942
0.5700911180569539
0.6724498077780529
0.5555746855793504
0.3449670687513558
0.17703783855514957
0.07520470391002175
0.022596388165895688
0.002032230661536096
0.0020837021364293502
0.0156405599147852
0.03820516089004702
0.0668160572660578
0.0994389129577492
0.1346252286561998
0.1713162417338904
0.20872542236463693
0.2462643855984026
0.2834935709483406
0.3200876535811974
0.35581016563832407
0.39049420057703954
0.42402736125662693
0.456339816854432
0.4873947272806228
0.5171805203990998
0.5457046432554937
0.5729884943373231
0.5990633012006457
0.6239667480948313
0.6477401874240637
0.6704262900939046
0.6920670043955172
0.712701701496778
0.732365387633796
0.7510868578770716
0.7688866523807527
0.7857746509815603
0.8017471024141458
0.8167828252238013
0.8308382315389752
0.8438407024189218
0.8556796713440624
0.8661945342974765
0.875158182988242
0.882254539669158
0.8870479687215297
0.8889419312195852
0.887123985325986
0.8804948652153051
0.8675823955241961
0.8464496103326792
0.8146267637619512
0.769138734641453
0.7067722770095514
0.6248208820751227
0.5225713574462639
0.40351422218701005
0.2773678274692783
0.1598148108786624
0.0681347311814733
0.014262811436001456
0.0002619191336648868
0.019446681012795047
0.06115731839339158
0.1151618517877464
0.17377577349145742
