201
0.5676292223074717
0.5678298536593506
0.5680297167322886
0.568228803237799
0.5684271048755952
0.5686246133318184
0.5688213202771505
0.5690172173651219
0.5692122962302903
0.5694065484865247
0.5695999657252431
0.5697925395137098
0.5699842613933147
0.5701751228778869
0.5703651154519916
0.5705542305692922
0.5707424596508096
0.5709297940833327
0.5711162252177182
0.5713017443672754
0.5714863428061201
0.5716700117674911
0.5718527424421985
0.5720345259769001
0.5722153534725384
0.5723952159827266
0.5725741045120251
0.572752010014433
0.5729289233917028
0.5731048354916736
0.5732797371067596
0.5734536189721762
0.5736264717643996
0.5737982860994923
0.5739690525314753
0.5741387615506245
0.5743074035819122
0.5744749689832245
0.5746414480437965
0.5748068309824632
0.5749711079459963
0.5751342690074218
0.5752963041642878
0.5754572033369532
0.5756169563668609
0.5757755530148192
0.5759329829592027
0.5760892357942246
0.5762443010281642
0.5763981680815198
0.576550826285241
0.5767022648789133
0.57685247300887
0.5770014397263906
0.577149153985791
0.577295604642525
0.5774407804512821
0.5775846700640744
0.5777272620282531
0.5778685447845269
0.5780085066650408
0.5781471358912338
0.5782844205719277
0.5784203487011704
0.578554908156215
0.5786880866953201
0.5788198719557155
0.5789502514513688
0.5790792125707782
0.5792067425748252
0.5793328285944356
0.5794574576283917
0.5795806165409303
0.5797022920594739
0.5798224707722083
0.5799411391257068
0.580058283422493
0.5801738898185248
0.5802879443207383
0.5804004327844758
0.5805113409108688
0.5806206542443199
0.5807283581697075
0.5808344379097681
0.580938878522385
0.5810416648977056
0.5811427817553951
0.5812422136417277
0.5813399449267072
0.5814359598010566
0.5815302422732537
0.5816227761664597
0.5817135451153922
0.5818025325632303
0.581889721758311
0.5819750957509808
0.5820586373901601
0.5821403293200926
0.5822201539768346
0.5822980935848006
0.5823741301532115
0.5824482454725042
0.58252042111066
0.5825906384094678
0.5826588784806984
0.5827251222023418
0.5827893502145424
0.582851542915725
0.5829116804584237
0.582969742745243
0.5830257094245245
0.5830795598861462
0.583131273257117
0.5831808283970996
0.5832282038939691
0.5832733780590643
0.5833163289226189
0.583357034228868
0.5833954714312519
0.5834316176873646
0.5834654498540051
0.5834969444819373
0.5835260778106357
0.5835528257629324
0.5835771639396496
0.583599067613903
0.5836185117254832
0.5836354708751595
0.5836499193186664
0.5836618309607718
0.5836711793491032
0.5836779376679685
0.583682078731928
0.5836835749793662
0.5836823984657593
0.583678520857057
0.5836719134227234
0.5836625470286106
0.5836503921300906
0.5836354187643804
0.58361759654324
0.5835968946454394
0.5835732818089066
0.5835467263223041
0.5835171960187353
0.5834846582645634
0.5834490799534988
0.5834104274969423
0.5833686668151701
0.5833237633285764
0.5832756819485101
0.5832243870677349
0.5831698425510725
0.5831120117255233
0.5830508573702787
0.5829863417066667
0.5829184263876305
0.5828470724871512
0.5827722404894086
0.5826938902776255
0.5826119811227932
0.582526471672094
0.5824373199370125
0.582344483281254
0.5822479184084595
0.5821475813494159
0.5820434274492933
0.5819354113543271
0.581823486998395
0.5817076075890845
0.5815877255938048
0.5814637927250568
0.5813357599258537
0.5812035773546252
0.5810671943696792
0.5809265595134447
0.5807816204963496
0.5806323241801691
0.5804786165612172
0.5803204427530022
0.5801577469684374
0.579990472501835
0.5798185617102354
0.5796419559944639
0.5794605957796887
0.5792744204954833
0.5790833685555291
0.5788873773366435
0.5786863831574869
0.578480321256654
0.5782691257702918
0.578052729709187
0.5778310649351719
0.5776040621371156
0.5773716508062886
0.577133759211023
0.5768903143709225
0.576641242030207
0.5763864666306872
0.5761259112838044
0.5758594977421181
