201
0.15643933237225452
0.16123617462263337
0.16615375573817917
0.17119292951184845
0.176354465797746
0.18163904425006508
0.18704724796300282
0.1925795570221978
0.19823634198355006
0.20401785728979419
0.20992423464728915
0.2159554763777241
0.2221114487693155
0.22839187544895903
0.23479633080040338
0.24132423345689444
0.24797483989643815
0.2547472381718504
0.2616403418066598
0.2686528838940743
0.27578341143252927
0.28303027993757
0.2903916483672624
0.29786547440290617
0.30544951012377186
0.3131412981197359
0.3209381680800313
0.3288372339042159
0.33683539137305696
0.3449293164203525
0.3531154640491643
0.36139006792540934
0.36974914068783926
0.37818847500914576
0.38670364544017827
0.39529001105823564
0.40394271895818834
0.412656708593935
0.42142671699118384
0.4302472848487559
0.43911276352533823
0.44801732292087815
0.45695496024241544
0.46591950964923023
0.4749046527551075
0.48390392996844234
0.4929107526394163
0.5019184159804507
0.5109201127115848
0.5199089473920174
0.5288779513756422
0.5378200983319883
0.5467283202707046
0.5555955239938377
0.5644146079034663
0.5731784790867279
0.5818800705909061
0.5905123588089949
0.5990683808850151
0.6075412520491735
0.6159241827971315
0.6242104958223409
0.6323936426116593
0.6404672196220171
0.6484249839495683
0.6562608684152087
0.6639689959864274
0.6715436934643827
0.6789795043726709
0.6862712009829826
0.693413795421436
0.7004025498179659
0.7072329854441177
0.7139008908158331
0.7204023287326946
0.7267336422317526
0.7328914594494629
0.7388726973881639
0.7446745645863179
0.7502945627091332
0.7557304870747843
0.76098042614005
0.7660427599777069
0.7709161577797975
0.7755995744286822
0.780092246180748
0.7843936855145883
0.7885036751922365
0.792422261594196
0.7961497473839884
0.799686683560073
0.803033860961297
0.8061923012818507
0.80916324766014
0.8119481549046645
0.8145486794114732
0.8169666688396853
0.8192041515953558
0.82126332618491
0.823146550487655
0.8248563309997885
0.8263953120980028
0.8277662653651372
0.8289720790239953
0.8300157475139051
0.8309003612488265
0.8316290965877228
0.8322052060457988
0.8326320087741863
0.8329128813298617
0.8330512487554343
0.8330505759851572
0.8329143595923815
0.8326461198878825
0.8322493933799083
0.8317277255979606
0.8310846642883141
0.8303237529836106
0.8294485249384076
0.8284624974399433
0.8273691664818345
0.8261720017973726
0.8248744422513221
0.8234798915733355
0.8219917144316676
0.8204132328351789
0.8187477228533188
0.816998411641539
0.8151684747642961
0.8132610338012349
0.8112791542245079
0.809225843536483
0.8071040496509284
0.804916659516312
0.802666497948882
0.8003563266901474
0.797988843650424
0.795566682336666
0.7930924114678994
0.7905685347380866
0.7879974907367402
0.7853816530082303
0.7827233302425344
0.7800247665796928
0.7772881420405925
0.7745155730263253
0.7717091129574136
0.7688707529271955
0.76600242258333
0.7631059907477105
0.7601832665582225
0.7572360002690156
0.7542658843099539
0.7512745542967311
0.7482635901398087
0.745234517127567
0.7421888070658852
0.7391278794265972
0.736053102523841
0.7329657946906059
0.729867225469234
0.7267586168010345
0.7236411442350658
0.7205159381129584
0.7173840847662531
0.7142466277019052
0.7111045687836193
0.707958869393444
0.7048104515986644
0.7016601992855267
0.6985089592919392
0.695357542520915
0.692206725031925
0.6890572491223604
0.6859098243798676
0.6827651287252737
0.6796238094263554
0.676486484096607
0.6733537416712502
0.6702261433562344
0.6671042235673496
0.6639884908333111
0.6608794286873805
0.6577774965299873
0.6546831304749139
0.6515967441670183
0.6485187295847769
0.6454494578152138
0.6423892798096245
0.6393385271197065
0.6362975126084925
0.633266531144638
0.6302458602723802
0.6272357608654896
0.6242364777560531
0.6212482403494259
0.6182712632157057
0.6153057466651118
0.6123518773039789
0.6094098285729487
0.6064797612667205
