201
0.9732223822326138
0.9728992425733034
0.9726024327434195
0.9723311262248344
0.9720845459227732
0.971861958013148
0.9716626668672065
0.9714860108202901
0.9713313586090095
0.9711981063429989
0.9710856749077323
0.9709935077187808
0.9709210687635645
0.9708678408816822
0.970833324243479
0.9708170349951409
0.9708185040444915
0.9708372759662718
0.9708729080097978
0.9709249691946784
0.9709930394828752
0.9710767090168616
0.9711755774161007
0.9712892531245021
0.9714173528030091
0.9715595007620871
0.9717153284302353
0.9718844738541251
0.9720665812276502
0.9722613004467696
0.9724682866878951
0.9726872000074526
0.972917704960921
0.9731594702394931
0.9734121683230399
0.9736754751479466
0.9739490697886077
0.9742326341516371
0.974525852681881
0.9748284120791031
0.9751400010248674
0.9754603099188419
0.9757890306238275
0.9761258562189262
0.9764704807604743
0.9768225990501234
0.9771819064097106
0.9775480984624791
0.9779208709203449
0.9782999193770192
0.9786849391061145
0.9790756248649926
0.9794716707030062
0.9798727697747822
0.9802786141578715
0.9806888946747043
0.9811033007188131
0.9815215200852242
0.9819432388044547
0.9823681409808727
0.9827959086343886
0.983226221546214
0.983658757108179
0.9840931901757174
0.984529192924726
0.9849664347119058
0.9854045819389328
0.9858432979205447
0.9862822427563838
0.9867210732068505
0.987159442573059
0.9875970005810106
0.988033393270295
0.9884682628871713
0.9889012477826933
0.9893319823157901
0.9897600967616192
0.990185217225798
0.990606965564522
0.9910249593110081
0.9914388116090636
0.9918481311537883
0.9922525221403113
0.9926515842209358
0.9930449124717091
0.9934320973687548
0.9938127247755542
0.9941863759420909
0.994552627516712
0.994911051572274
0.995261215647533
0.9956026828056377
0.9959350117113862
0.9962577567289524
0.996570468042698
0.9968726918032349
0.9971639703020033
0.9974438421772387
0.9977118426554612
0.9979675038327938
0.9982103550009884
0.9984399230242371
0.9986557327734424
0.9988573076259699
0.9990441700401602
0.9992158422155586
0.9993718468519366
0.9995117080222133
0.9996349521778087
0.9997411093081563
0.9998297142806057
0.9999003083925542
0.9999524411740106
0.9999856724876415
0.9999995749836245
0.9999937369798793
0.9999677658556445
0.999921292067271
0.9998539739236745
0.9997655032945302
0.9996556124716056
0.9995240824659468
0.9993707531059581
0.9991955354126203
0.9989984268778432
0.9987795304776134
0.9985390785363463
0.9982774629570164
0.9979952738981888
0.9976933497935271
0.9973728428010629
0.9970353055389666
0.9966828076427483
0.9963180948095496
0.9959448095031681
0.9955678029912473
0.9951935857520924
0.9948309928311971
0.9944921925264785
0.9941942605985001
0.9939617179015291
0.9938307688265378
0.9938566465580874
0.9941267515842138
0.994784148779466
0.9960625641810614
0.9982436217708957
0.999802825340071
0.9086382674307991
0.8163447334514098
0.928605232211124
0.9489667569639703
0.9561547068976639
0.9592459737566803
0.9605496577352606
0.9609056506635563
0.9606892829886672
0.96009247929255
0.9592231820000621
0.9581465493446639
0.956904113791775
0.9555235115458018
0.9540237798125533
0.9524184085211328
0.9507171826662767
0.9489273393196559
0.9470543191947017
0.9451022693274477
0.9430743880083823
0.940973166883402
0.9388005643427138
0.9365581319701612
0.9342471082871018
0.9318684892976568
0.9294230823099723
0.9269115475229992
0.924334430539538
0.9216921880653499
0.9189852084330126
0.9162138281508136
0.913378345367618
0.9104790309237332
0.9075161374916512
0.9044899071955758
0.9014005780060772
0.8982483891428963
0.8950335856658643
0.8917564223972523
0.8884171672887424
0.8850161043229283
0.881553536021596
0.8780297856196895
0.8744451989517233
0.8708001460892059
0.8670950227599147
0.8633302515763297
0.859506283092528
0.8556235967083816
0.8516827014351385
0.8476841365351565
0.8436284720450452
