201
0.9906077287837511
0.9876038916808378
0.9836540249878314
0.9783771095169513
0.9711802539924341
0.9611034286038613
0.9465182862322066
0.9245098118683561
0.8895297097589046
0.8303227461167397
0.7230756974831712
0.52199988920522
0.20699113863786703
0.06904206508598891
0.34037864303478804
0.6151954278771996
0.7708235268024457
0.8547456888859313
0.9026894558793876
0.9319987850068845
0.951000919091332
0.963923917135318
0.9730551143731839
0.9797058329782804
0.9846666508788243
0.9884351813017882
0.9913364008540257
0.9935893735111628
0.9953458655772145
0.9967135489725629
0.9977704134299406
0.9985739847062179
0.9991673765020326
0.9995833574259838
0.9998471419391953
0.9999783422322377
0.9999923569310754
0.9999013747000352
0.9997151099890427
0.9994413495511614
0.9990863633491172
0.9986552169854255
0.9981520117449104
0.9975800708209858
0.9969420851105908
0.9962402283341836
0.9954762486699926
0.9946515422519042
0.993767212549836
0.9928241186778547
0.9918229149568725
0.9907640835238642
0.9896479613772667
0.9884747629447319
0.9872445990267503
0.985957492791031
0.9846133933561313
0.9832121873930776
0.9817537090925333
0.980237748775955
0.978664060378237
0.9770323679881404
0.975342371597008
0.9735937521818112
0.9717861762252096
0.969919299758051
0.9679927719953171
0.966006238625332
0.9639593448002426
0.9618517378709642
0.9596830698997307
0.9574529999804966
0.955161196391413
0.9528073385997395
0.9503911191370141
0.94791224535921
0.9453704411036052
0.9427654482533645
0.9400970282180484
0.9373649633374284
0.9345690582149208
0.9317091409845737
0.9287850645173179
0.9257967075676992
0.9227439758653965
0.9196268031531436
0.9164451521713813
0.9131990155927454
0.9098884169054682
0.9065134112467346
0.9030740861867403
0.8995705624624772
0.8960029946614989
0.8923715718547295
0.8886765181792121
0.884918093369065
0.8810965932328442
0.8772123500800957
0.8732657330927993
0.8692571486428227
0.8651870405539521
0.8610558903088219
0.8568642171980076
0.8526125784134528
0.8483015690824478
0.8439318222451844
0.8395040087722677
0.8350188372241439
0.8304770536510688
0.8258794413332151
0.8212268204630715
0.8165200477670763
0.8117600160694636
0.8069476537976952
0.8020839244293183
0.7971698258819253
0.7922063898473004
0.7871946810689084
0.7821357965664604
0.7770308648061293
0.7718810448193177
0.7666875252717895
0.7614515234836722
0.7561742844025768
0.7508570795320934
0.7455012058171023
0.7401079844886725
0.7346787598704247
0.7292148981479261
0.723717786106209
0.7181888298341268
0.7126294534018086
0.7070410975104998
0.7014252181220828
0.6957832850657191
0.690116780627551
0.6844271981284886
0.6787160404865707
0.6729848187733294
0.6672350507638791
0.6614682594842421
0.6556859717586051
0.649889716759411
0.6440810245655579
0.6382614247254711
0.6324324448361645
0.6265956091334328
0.6207524370998961
0.6149044420933667
0.6090531299970532
0.6031999978927374
0.5973465327622969
0.591494210217962
0.5856444932629751
0.5797988310855198
0.5739586578875484
0.5681253917508612
0.5623004335402001
0.556485165846277
0.5506809519715856
0.5448891349556029
0.5391110366463332
0.5333479568134565
0.5276011723088005
0.5218719362714578
0.5161614773793838
0.5104709991483272
0.5048016792781096
0.499154669044098
0.493531092739374
0.48793204716158467
0.4823586011480235
0.47681179515705036
0.47129264089659173
0.4658021209978084
0.46034118873531693
0.45491076778961653
0.44951175205718613
0.44414500549971786
0.4388113620385537
0.433511625487741
0.4282465695296299
0.423016937727169
0.417823443575409
0.41266677058851764
0.4075475724240605
0.4024664730381186
0.39742406687565063
0.39242091909144894
0.3874575658003776
0.3825345143568467
0.3776522436614514
0.3728112044920714
0.3680118198613062
0.3632544853949372
0.3585395697326773
0.35386741494898466
0.3492383369921347
0.3446526261412528
0.3401105474782631
0.33561234137553414
