201
1.5543122344752192e-15
1.7763568394002505e-15
-8.659739592076221e-15
7.216449660063518e-15
-2.220446049250313e-15
-6.439293542825908e-15
-1.0547118733938987e-14
1.4432899320127035e-15
3.552713678800501e-15
-1.887379141862766e-15
3.1086244689504383e-15
1.4432899320127035e-15
5.329070518200751e-15
1.509903313490213e-14
3.219646771412954e-15
3.6637359812630166e-15
1.2545520178264269e-14
-2.4424906541753444e-15
7.771561172376096e-16
-1.1102230246251565e-14
-3.4416913763379853e-15
5.551115123125783e-16
1.887379141862766e-15
7.549516567451064e-15
4.551914400963142e-15
2.220446049250313e-15
-9.43689570931383e-15
-6.772360450213455e-15
2.886579864025407e-15
3.6637359812630166e-15
-4.9960036108132044e-15
-3.774758283725532e-15
-7.105427357601002e-15
-8.881784197001252e-15
1.0103029524088925e-14
1.887379141862766e-15
-1.9984014443252818e-15
-7.549516567451064e-15
5.329070518200751e-15
-9.992007221626409e-16
-9.992007221626409e-16
1.3211653993039363e-14
4.884981308350689e-15
6.5503158452884236e-15
1.1102230246251565e-16
5.329070518200751e-15
1.1102230246251565e-16
8.43769498715119e-15
1.8984813721090177e-14
2.9976021664879227e-15
-5.551115123125783e-15
7.993605777301127e-15
-1.4432899320127035e-14
2.2870594307278225e-14
-1.1546319456101628e-14
1.0658141036401503e-14
0.0
1.2212453270876722e-15
-1.354472090042691e-14
-2.1094237467877974e-15
-5.551115123125783e-15
-1.099120794378905e-14
1.2212453270876722e-15
-1.1657341758564144e-14
1.4876988529977098e-14
-4.3298697960381105e-15
-3.219646771412954e-15
-1.4432899320127035e-15
-6.5503158452884236e-15
1.8762769116165146e-14
7.105427357601002e-15
1.587618925213974e-14
-6.661338147750939e-15
7.327471962526033e-15
-7.771561172376096e-15
-5.218048215738236e-15
-4.440892098500626e-16
5.995204332975845e-15
7.771561172376096e-16
-3.930189507173054e-14
-7.993605777301127e-15
1.7208456881689926e-14
1.27675647831893e-14
1.4432899320127035e-15
-2.2870594307278225e-14
3.397282455352979e-14
2.0650148258027912e-14
-5.218048215738236e-15
1.2656542480726785e-14
3.7192471324942744e-14
-1.3433698597964394e-14
1.5210055437364645e-14
-1.5654144647214707e-14
5.88418203051333e-15
-1.354472090042691e-14
4.0745185003743245e-14
2.4424906541753444e-15
-3.341771304121721e-14
-2.531308496145357e-14
2.4313884239290928e-14
-1.1324274851176597e-14
1.6431300764452317e-14
9.992007221626409e-15
-3.2862601528904634e-14
-2.0539125955565396e-14
1.2323475573339238e-14
1.709743457922741e-14
5.995204332975845e-15
0.0
-6.772360450213455e-15
-4.574118861455645e-14
-1.965094753586527e-14
-1.587618925213974e-14
-8.104628079763643e-15
-1.2212453270876722e-14
1.9984014443252818e-15
-4.9404924595819466e-14
-7.605027718682322e-15
1.587618925213974e-14
2.220446049250313e-14
-3.5860203695392556e-14
1.2989609388114332e-14
-5.551115123125783e-16
4.6102011097559625e-14
-9.126033262418787e-14
3.22519788653608e-14
1.0824674490095276e-15
-4.266031972122164e-14
3.544387006115812e-14
2.881028748902281e-14
4.929390229335695e-14
-1.6431300764452317e-14
3.039235529911366e-14
4.0870085094013575e-14
1.6667223157185163e-14
-4.043987367197133e-14
-2.6978419498391304e-14
1.5942802633617248e-13
1.493805079633148e-13
3.22519788653608e-14
7.327471962526033e-14
-5.564992910933597e-15
-1.059777265943751e-13
-2.1773555181070492e-13
1.8637869025894815e-14
-1.9052814881348468e-13
5.878630915390204e-14
2.0668397548995188e-12
-1.1278131206715614e-12
-6.913636330097006e-13
4.948819132266635e-14
5.667688540711424e-14
1.9600987499757139e-13
-4.246603069191224e-15
-8.278100427361323e-15
-1.6581874762167104e-13
1.449604325465259e-13
8.641004578535671e-14
2.1184443088628768e-14
-3.610306498202931e-14
8.263528750163118e-14
4.621303340002214e-15
5.962591531627481e-14
-3.794881076046863e-14
-2.355754480376504e-14
-2.1774249070460883e-14
-3.039235529911366e-15
-5.1264548162066603e-14
-4.40619762898109e-15
-1.2302658891627516e-14
3.0808688933348094e-15
4.8960835385969403e-14
5.09731146181025e-14
1.1435297153639112e-14
1.2226331058684536e-14
3.717165464323102e-14
-7.577272143066693e-15
-3.0933589023618424e-14
3.1002977962657496e-14
-3.066991105526995e-15
-1.73749903353837e-14
4.0648040489088544e-14
-1.9789725413943415e-14
-7.140121827120538e-14
-2.456368441983159e-15
-9.575673587391975e-16
5.1486592766991635e-15
-3.975986206938842e-14
-3.827493877395227e-14
-1.7305601396344628e-14
3.910760604242114e-14
3.073929999430902e-14
1.5432100042289676e-14
-1.4654943925052066e-14
1.3850032232198828e-14
-3.758104938356155e-14
1.2281842209915794e-14
-2.590982983718959e-14
2.0372592501871623e-14
-2.8227420401094605e-14
-3.344546861683284e-15
