201
7.771561172376096e-16
9.769962616701378e-15
-1.887379141862766e-15
-2.4424906541753444e-15
-1.5543122344752192e-15
-1.887379141862766e-15
-4.440892098500626e-16
-1.4432899320127035e-15
2.7755575615628914e-15
-2.4424906541753444e-15
-2.220446049250313e-16
9.992007221626409e-16
3.3306690738754696e-15
1.3322676295501878e-15
-1.5543122344752192e-15
8.881784197001252e-16
3.3306690738754696e-16
1.4432899320127035e-15
1.1102230246251565e-15
2.9976021664879227e-15
9.992007221626409e-16
-2.220446049250313e-15
1.1102230246251565e-15
7.327471962526033e-15
2.4424906541753444e-15
-1.6653345369377348e-15
2.4424906541753444e-15
-7.771561172376096e-16
3.0753177782116836e-14
2.1094237467877974e-15
2.220446049250313e-15
3.9968028886505635e-15
-1.2212453270876722e-15
4.440892098500626e-16
4.551914400963142e-15
-3.3306690738754696e-15
2.55351295663786e-15
2.1094237467877974e-15
2.220446049250313e-15
9.992007221626409e-16
3.3306690738754696e-16
-6.661338147750939e-16
0.0
9.992007221626409e-16
-1.5543122344752192e-15
-1.1102230246251565e-15
1.3322676295501878e-15
-3.1086244689504383e-15
3.3306690738754696e-16
5.440092820663267e-15
-4.440892098500626e-15
3.3306690738754696e-16
-1.5543122344752192e-15
5.551115123125783e-16
0.0
1.9984014443252818e-15
7.771561172376096e-16
-1.1102230246251565e-16
-3.552713678800501e-15
1.5543122344752192e-15
8.881784197001252e-16
-4.440892098500626e-16
2.7755575615628914e-15
-2.55351295663786e-15
2.4424906541753444e-15
5.551115123125783e-16
1.9984014443252818e-15
1.7763568394002505e-15
4.440892098500626e-15
-2.220446049250313e-16
2.55351295663786e-15
8.43769498715119e-15
1.7763568394002505e-15
-8.881784197001252e-16
-3.219646771412954e-15
1.4432899320127035e-15
6.661338147750939e-16
5.773159728050814e-15
1.6653345369377348e-15
-9.658940314238862e-15
-2.886579864025407e-15
4.107825191113079e-15
7.771561172376096e-16
-3.774758283725532e-15
-4.3298697960381105e-15
5.329070518200751e-15
-9.103828801926284e-15
-9.992007221626409e-16
-8.881784197001252e-16
1.3322676295501878e-15
-5.551115123125783e-15
0.0
-4.6629367034256575e-15
-5.773159728050814e-15
-4.218847493575595e-15
1.0880185641326534e-14
-2.55351295663786e-15
-3.219646771412954e-15
1.1102230246251565e-16
-2.7755575615628914e-15
1.1102230246251565e-15
3.3306690738754696e-15
2.4424906541753444e-15
3.1086244689504383e-15
-9.2148511043888e-15
-1.7763568394002505e-15
1.4432899320127035e-15
-1.4432899320127035e-15
-2.3314683517128287e-15
-3.774758283725532e-15
-8.43769498715119e-15
-1.6653345369377348e-15
-1.3322676295501878e-15
4.107825191113079e-15
-6.5503158452884236e-15
-1.5765166949677223e-14
-4.6629367034256575e-15
1.887379141862766e-15
-5.88418203051333e-15
-4.107825191113079e-15
-5.773159728050814e-15
1.1102230246251565e-16
-9.992007221626409e-16
-1.1102230246251565e-16
4.773959005888173e-15
6.661338147750939e-16
8.770761894538737e-15
5.218048215738236e-15
1.532107773982716e-14
-9.992007221626409e-16
1.1102230246251565e-16
-5.773159728050814e-15
1.1102230246251565e-14
-5.440092820663267e-15
8.659739592076221e-15
-2.4424906541753444e-15
-5.551115123125783e-16
-3.552713678800501e-15
-5.995204332975845e-15
5.329070518200751e-15
3.2307490016592055e-14
-7.327471962526033e-15
3.774758283725532e-15
-3.6637359812630166e-15
-6.328271240363392e-15
6.661338147750939e-16
2.4313884239290928e-14
1.1257661469699087e-13
-1.021405182655144e-14
3.885780586188048e-15
-9.769962616701378e-15
2.1094237467877974e-15
-1.6986412276764895e-14
-2.7755575615628914e-15
-3.7414515929867775e-14
-1.6986412276764895e-14
-1.554312234475219e-14
-2.0539125955565396e-14
1.6653345369377348e-15
-1.0769163338864018e-14
-2.0317081350640365e-14
7.216449660063518e-15
-3.552713678800501e-15
-5.329070518200751e-15
3.8191672047105385e-14
-1.9317880628477724e-14
4.18554080283684e-14
1.1324274851176597e-14
-1.3367085216486885e-13
2.8754776337791554e-14
-2.3314683517128287e-14
4.9960036108132044e-15
-5.1736392947532295e-14
3.2807090377673376e-14
1.759703494030873e-14
2.120525977034049e-14
1.1213252548714081e-14
-4.904410211281629e-14
4.54081217071689e-14
5.889733145636455e-14
1.3572476476042539e-14
-6.106226635438361e-16
8.590350653037149e-15
-2.4577562207639403e-14
-6.294270660234247e-14
2.511185703824026e-14
-1.8332557694122897e-14
-1.672273430841642e-15
-2.5632274081033302e-14
-1.6965595595053173e-15
6.898995263959762e-14
2.9851121574608896e-14
-3.4763858458575214e-15
3.2003913408296114e-14
-6.096338711625293e-14
2.1600776722863202e-14
-1.255592851912013e-14
-8.021361352916756e-15
5.141720382795256e-15
1.8055001937966608e-14
1.169203622808368e-15
