201
3.3861802251067274e-15
-1.4432899320127035e-15
6.106226635438361e-16
5.051514762044462e-15
-4.246603069191224e-15
2.3869795029440866e-15
-1.8596235662471372e-15
-3.608224830031759e-16
-1.2212453270876722e-15
-2.220446049250313e-16
-2.609024107869118e-15
1.3600232051658168e-15
4.107825191113079e-15
-2.7755575615628914e-15
-1.1657341758564144e-14
-1.1018963519404679e-14
1.3600232051658168e-15
-1.9984014443252818e-15
-1.887379141862766e-15
1.942890293094024e-15
5.6066262743570405e-15
-7.494005416219807e-16
6.2727600891321345e-15
3.608224830031759e-15
-1.0269562977782698e-15
-1.0269562977782698e-14
-1.3100631690576847e-14
6.2450045135165055e-15
-3.6914915568786455e-15
1.301736496372996e-14
1.7208456881689926e-15
-1.7208456881689926e-15
1.3933298959045715e-14
8.409939411535561e-15
2.5091040356528538e-14
1.2156942119645464e-14
2.631228568361621e-14
-2.475797344914099e-14
1.9817480989559044e-14
-9.2148511043888e-15
-2.831068712794149e-15
-3.214095656289828e-14
3.552713678800501e-15
-4.374278717023117e-14
1.1735057370287905e-13
1.5232259897857148e-13
-6.106226635438361e-15
-3.4861002973229915e-14
2.3780977187470853e-13
-7.66053886991358e-15
-2.9753977059954195e-14
-5.562217353372034e-14
-9.425793479067579e-14
2.0550228185811648e-13
-8.770761894538737e-15
8.659739592076221e-14
-1.7985612998927536e-13
-4.5630166312093934e-14
-2.353672812205332e-14
-4.474198789239381e-14
2.042810365310288e-14
4.3298697960381105e-14
1.2528866832894892e-13
-7.271960811294775e-15
-8.326672684688674e-14
6.306066779870889e-14
-6.794564910705958e-14
-4.007905118896815e-14
9.126033262418787e-14
1.3211653993039363e-14
-9.71445146547012e-15
4.929390229335695e-14
-3.164135620181696e-15
1.8235413179468196e-13
-6.580846978465615e-14
-1.3156142841808105e-14
1.3816725541460073e-13
-3.447242491461111e-14
-1.9728663147589032e-13
-2.3420154704467677e-13
1.351696532481128e-13
-1.4060974606877608e-13
-6.06736882957648e-14
-1.2051470932306074e-13
-9.005574064246957e-13
-5.078992781903935e-13
2.0668466937934227e-12
6.719347300787604e-13
-1.724639875355649e-11
-9.184319971211607e-13
8.298361997560733e-13
1.301736496372996e-13
1.0039191700172978e-13
2.59764432186671e-13
4.882205750789126e-14
5.332401187274627e-13
1.8275658764110858e-13
7.711886684802494e-14
2.257916076331412e-14
5.495603971894525e-14
6.485090242591696e-14
-2.6845192735436285e-13
-7.147060721024445e-14
2.3168966745146236e-13
-2.684796829299785e-13
4.920924778772928e-13
6.671052599216409e-14
-3.900144096569136e-13
1.902047963575626e-12
-2.7136903835156545e-12
-3.356204203441848e-13
-2.945976795842853e-13
2.824407374646398e-13
2.594591208548991e-13
3.239075674343894e-14
1.2406742300186124e-14
4.138356324290271e-14
-1.3183898417423734e-14
4.2271741662602835e-14
-8.354428260304303e-15
-2.1649348980190553e-15
7.466249840604178e-15
1.0852430065710905e-14
5.551115123125783e-17
1.3627987627273797e-14
-6.328271240363392e-15
8.992806499463768e-15
-2.525757381022231e-15
-1.0269562977782698e-15
5.329070518200751e-15
-1.6653345369377348e-16
2.636779683484747e-16
-8.076872504148014e-15
-9.048317650695026e-15
2.4841240175987878e-15
-5.384581669432009e-15
7.813194535799539e-15
-5.523359547510154e-15
-8.548717289613705e-15
-7.049916206369744e-15
2.0261570199409107e-15
7.355227538141662e-15
6.869504964868156e-15
1.1796119636642288e-15
4.260480856999038e-15
1.915134717478395e-15
-2.1788126858268697e-15
5.412337245047638e-15
-6.161737786669619e-15
-2.9698465908722937e-15
3.191891195797325e-16
1.0130785099704553e-14
-2.8033131371785203e-15
2.2343238370581275e-15
8.576472865229334e-15
4.73232564246473e-15
-2.724209746673978e-14
3.83026943495679e-15
-1.0547118733938987e-15
5.689893001203927e-16
7.91033905045424e-16
-8.507083926190262e-15
5.009881398621019e-15
-3.524958103184872e-15
6.661338147750939e-15
7.0360384185619296e-15
-3.2057689836051395e-15
3.1086244689504383e-15
6.522560269672795e-15
1.479372180313021e-14
-4.440892098500626e-16
-4.3021142204224816e-15
6.3976601794024646e-15
-1.3877787807814457e-17
6.786238238021269e-15
4.718447854656915e-16
6.314393452555578e-15
4.621303340002214e-15
-1.251776460264864e-14
3.8719027983802334e-15
7.494005416219807e-15
4.579669976578771e-16
-4.163336342344337e-15
5.1209037010835345e-15
-1.1518563880486e-15
3.2890357104520263e-15
1.27675647831893e-15
2.7755575615628914e-17
4.884981308350689e-15
-1.2628786905111156e-15
9.992007221626409e-16
-3.0531133177191805e-16
-2.123301534595612e-15
-2.1094237467877974e-15
5.273559366969494e-16
-8.326672684688674e-16
-2.8171909249863347e-15
2.581268532253489e-15
1.0186296250935811e-14
5.662137425588298e-15
-8.049116928532385e-16
