201
0.1092172929099786
0.10888429489124002
0.10868596284070135
0.10862558186093474
0.10870757330386807
0.10893754052317825
0.10932234024619741
0.10987018039068099
0.11059074620690393
0.11149535768048736
0.11259716224742652
0.11391136811889928
0.1154555249446812
0.11724986023462257
0.11931768198031048
0.1216858603646945
0.12438540441846797
0.12745215309471586
0.1309276046250036
0.13485991332427225
0.13930508936382596
0.14432844452228366
0.15000633553467235
0.15642826616012415
0.163699418810827
0.17194369505400334
0.18130734860538075
0.1919632890719721
0.20411610972438157
0.21800783037005797
0.23392421647582634
0.25220128645262674
0.2732311653459567
0.29746564967086436
0.3254145113017917
0.3576334115884101
0.3946930188272545
0.43711639609223163
0.4852665488408241
0.5391627161728688
0.5982090452527427
0.6608451230423729
0.7241904272800568
0.7838573753084714
0.8342035938610745
0.869256062766836
0.8842304083460124
0.8770684253472911
0.8491603226791938
0.8048077096167814
0.7497742966774572
0.6897384629490168
0.6292764243883477
0.5715151065250165
0.518254708346267
0.4702932467675446
0.4277680305599171
0.39043078160974165
0.35783936646861875
0.32947858140078934
0.30482984426563686
0.28340754900305076
0.2647751649544691
0.24854978631251248
0.2344005570434854
0.22204418753148789
0.21123938289415664
0.2017811582409344
0.19349552302608028
0.1862347386410495
0.1798732031152599
0.1743039404381046
0.1694356372952216
0.16519015798002304
0.1615004679796597
0.15830890208255505
0.15556572043489947
0.1532279039998118
0.15125814846665095
0.1496240224407239
0.14829726159569556
0.14725317542397495
0.14647014734752087
0.1459292123674796
0.1456136992394596
0.14550892646553706
0.14560194327452042
0.14588130830712273
0.14633689997885133
0.14695975352827473
0.1477419206011812
0.1486763479166837
0.14975677213150976
0.15097762848904792
0.1523339712284205
0.153821404050183
0.15543601920294312
0.1571743439755117
0.15903329356570672
0.16101012945201942
0.16310242252206872
0.16530802032185143
0.16762501788268894
0.170051731657272
0.172586676164748
0.17522854299765958
0.17797618189355235
0.1808285836110092
0.18378486438820058
0.1868442517870967
0.1900060717558846
0.19326973676094164
0.19663473485974825
0.20010061960222292
0.20366700066209165
0.20733353511105276
0.21109991926151161
0.21496588100943612
0.21893117262116416
0.22299556391060815
0.22715883576535714
0.23142077397775807
0.2357811633512447
0.24023978204902408
0.24479639616009286
0.24945075445939133
0.2542025833445973
0.2590515819301538
0.2639974172877097
0.2690397198189628
0.2741780787533801
0.2794120377621162
0.28474109068383024
0.29016467735724694
0.29568217955908893
0.3012929170476558
0.3069961437085317
0.3127910438104578
0.31867672836851013
0.3246522316222792
0.3307165076334968
0.33686842700765846
0.34310677374879545
0.3494302422546271
0.35583743445877164
0.3623268571314806
0.3688969193490354
0.3755459301384556
0.38227209631329756
0.38907352050790206
0.39594819942225423
0.402894022291891
0.40990876958887734
0.41699011197158176
0.4241356094909283
0.4313427110658389
0.4386087542394713
0.44593096522540354
0.453306459255287
0.460732241238068
0.46820520673822486
0.4757221432811782
0.483279731994139
0.4908745495887139
0.498503070687399
0.5061616705012031
0.5138466278582828
0.5215541285869857
0.5292802692493148
0.5370210612250533
0.5447724351437043
0.5525302456560728
0.5602902765388326
0.5680482461267788
0.5757998130545213
0.5835405823050067
0.5912661115393699
0.5989719177013966
0.6066534838745026
0.6143062663694171
0.6219257020279954
0.629507215712451
0.6370462279636785
0.6445381627964549
0.6519784556086212
0.6593625611766449
0.6666859617090439
0.673944174922541
0.6811327621217335
0.6882473362430375
0.6952835698340603
0.702237202943846
0.709104050883358
0.7158800118366084
0.722561074285051
0.7291433242219909
0.7356229521255875
0.7419962596664661
0.7482596661224089
0.754409714479328
0.7604430771915375
