201
0.844788939391112
0.8405901410784102
0.8363851157873413
0.8321937013636012
0.8280322770805733
0.8239142767279716
0.8198506295069985
0.8158501381873438
0.8119198029707488
0.8080650985236559
0.8042902107181298
0.8005982387807046
0.7969913677829015
0.7934710157406373
0.7900379589903515
0.7866924389927235
0.7834342532692702
0.7802628327806758
0.7771773077279166
0.7741765634664206
0.7712592879757643
0.7684240121201377
0.7656691437517378
0.762992996555771
0.7603938144055803
0.7578697918835479
0.7554190915278098
0.7530398582832011
0.7507302315663704
0.7484883552944802
0.7463123861772443
0.7442005005273241
0.7421508998100728
0.7401618151185734
0.7382315107356726
0.7363582869205142
0.7345404820373049
0.7327764741275037
0.7310646820121686
0.7294035659981654
0.7277916282523023
0.7262274128977501
0.7247095058787825
0.723236534634505
0.7218071676150273
0.7204201136696473
0.7190741213315825
0.7177679780208661
0.7165005091825986
0.7152705773775021
0.7140770813356625
0.7129189549864638
0.7117951664726573
0.710704717157123
0.7096466406282611
0.708620001710162
0.7076238954814436
0.7066574463066416
0.7057198068833556
0.7048101573075445
0.7039277041584299
0.7030716796051776
0.7022413405360759
0.7014359677109981
0.7006548649380058
0.6998973582741379
0.6991627952505517
0.6984505441222262
0.6977599931419105
0.6970905498579113
0.696441640435922
0.695812709003668
0.6952032170188304
0.6946126426587748
0.6940404802324314
0.6934862396131224
0.6929494456918892
0.692429637851047
0.6919263694567037
0.6914392073704421
0.6909677314785956
0.6905115342395859
0.6900702202476543
0.6896434058132215
0.689230718558846
0.6888317970302025
0.6884462903220646
0.6880738577177037
0.6877141683423567
0.6873669008294914
0.6870317429994387
0.68670839155034
0.6863965517604882
0.6860959372016249
0.6858062694633967
0.6855272778874884
0.6852586993121162
0.6850002778255987
0.6847517645293585
0.6845129173094088
0.6842835006163708
0.6840632852535475
0.6838520481726562
0.6836495722770822
0.6834556462323182
0.6832700642830531
0.6830926260772325
0.6829231364959254
0.6827614054898252
0.6826072479212623
0.6824604834118099
0.6823209361955471
0.6821884349772451
0.6820628127956412
0.6819439068915613
0.6818315585805149
0.6817256131298353
0.6816259196399326
0.681532330929887
0.6814447034266523
0.681362897058307
0.6812867751507963
0.6812162043282564
0.6811510544165645
0.6810911983504848
0.6810365120833506
0.6809868745003465
0.6809421673343309
0.6809022750844369
0.6808670849375742
0.6808364866922223
0.6808103726850655
0.6807886377195205
0.680771178997144
0.680757896050839
0.6807486906802872
0.6807434668895695
0.6807421308266637
0.6807445907249785
0.6807507568464574
0.6807605414268302
0.6807738586222504
0.6807906244579628
0.6808107567781037
0.6808341751974331
0.6808608010543622
0.6808905573654374
0.6809233687813576
0.6809591615440889
0.6809978634453825
0.6810394037867127
0.6810837133399851
0.6811307243099236
0.6811803702972316
0.6812325862629537
0.6812873084938869
0.681344474568971
0.681404023326735
0.6814658948335672
0.6815300303530326
0.681596372316022
0.681664864291707
0.68173545095942
0.6818080780812621
0.6818826924754202
0.6819592419905367
0.682037675480377
0.6821179427795336
0.6821999946796634
0.6822837829063894
0.6823692600968791
0.6824563797779534
0.6825450963450923
0.6826353650414071
0.6827271419379327
0.6828203839137781
0.6829150486373621
0.6830110945477346
0.6831084808366029
0.6832071674307825
0.683307114975225
0.6834082848162799
0.6835106389855455
0.6836141401841358
0.68371875176727
0.6838244377293672
0.6839311626894686
0.6840388918770512
0.6841475911181686
0.6842572268219608
0.6843677659675711
0.6844791760913391
0.6845914252742512
0.6847044821297934
0.6848183157921924
0.6849328959046541
0.6850481926082669
0.6851641765308334
0.6852808187762794
0.6853980909140296
0.6855159649689423
