201
0.1066041323483599
0.10417446685001407
0.1017798009501131
0.09942002356511064
0.09709501579180714
0.0948046511021997
0.09254879553922081
0.09032730791253503
0.08814003999452699
0.08598683671600091
0.08386753636167167
0.08178197076511048
0.07972996550308031
0.0777113400890004
0.07572590816510988
0.07377347769385961
0.07185385114769122
0.06996682569729645
0.06811219339834174
0.0662897413762686
0.06449925200929471
0.06274050310925437
0.06101326810026837
0.059317316195160695
0.057652412569322485
0.05601831853218643
0.05441479169607287
0.052841586142036524
0.05129845258321594
0.04978513852514133
0.04830138842281881
0.04684694383508612
0.04542154357550747
0.044024923860123626
0.04265681845184814
0.04131695880155812
0.04000507418550785
0.03872089183962583
0.03746413708966314
0.036234533478188155
0.03503180288768803
0.0338556656597972
0.032705840711042745
0.031582045644307395
0.030483996856759746
0.029411409643577066
0.028363998297735005
0.02734147620574319
0.026343555939227565
0.02536994934235845
0.024420367615117584
0.023494521392086458
0.022592120817171202
0.021712875613718808
0.020856495150278553
0.020022688501877075
0.019211164506610746
0.018421631817650715
0.017653798950567023
0.01690737432575988
0.016182066306087657
0.01547758322946766
0.014793633436534925
0.014129925292992791
0.013486167206839341
0.012862067640243325
0.012257335115921277
0.011671678217922246
0.011104805586793883
0.010556425908916107
0.010026247899860759
0.009513980281742983
0.009019331754369902
0.00854201096004653
0.008081726441926923
0.007638186595826554
0.007211099615287726
0.00680017342985679
0.006405115636458609
0.006025633423670995
0.005661433489050195
0.005312221949297401
0.004977704243273885
0.004657585027965394
0.004351568067451257
0.004059356115073253
0.00378065078890435
0.0035151524410746947
0.0032625600211392087
0.003022570934285743
0.0027948808950035357
0.0025791837771782455
0.0023751714617752124
0.002182533683591438
0.0020009578787819424
0.0018301290352680057
0.001669729548673509
0.0015194390867550832
0.0013789344660456505
0.0012478895449646087
0.0011259751385733943
0.0010128589609135266
0.0009082056019223806
0.000811676547182559
0.0007229302499159572
0.0006416222662023483
0.0005674054660933399
0.0004999303350554454
0.00043884538226319136
0.000383797674457086
0.00033443351654887835
0.00029039930261963914
0.0002513425636954603
0.00021691324145290704
0.00018676521964900307
0.00016055814775316175
0.00013795959349353714
0.00011864756286813068
0.00010231342723981111
8.866529709858145e-05
7.74318805886442e-05
6.83668614654286e-05
6.125382517437077e-05
5.591175262996444e-05
5.220108832904778e-05
5.003037185097428e-05
4.9363398934818524e-05
5.022684944464866e-05
5.2718284179163646e-05
5.7014370414861835e-05
6.33791475051139e-05
7.217208963741563e-05
8.385566448936349e-05
9.90020267937215e-05
0.00011829842825327235
0.0001425508749775448
0.0001726855267244402
0.0002097473159153265
0.0002548952764016972
0.00030939411989811547
0.00037460168840567265
0.00045195204812166934
0.0005429341749129293
0.0006490664092901991
0.0007718671203167683
0.0009128222965480974
0.0010733510570591523
0.0012547703206368254
0.0014582600594656393
0.0016848306695823926
0.0019352939943380679
0.002210239428225139
0.0025100163071795517
0.002834723472332123
0.0031842065007284294
0.003558062664517313
0.003955653247257368
0.004376122451230502
0.004818421805969821
0.005281338759479344
0.005763528012308739
0.006263544140328226
0.006779874134921979
0.0073109686503171605
0.007855270962562381
0.008411242890349037
0.008977387178572707
0.00955226608442293
0.010134516115882583
0.010722859047312057
0.011316109469516309
0.01191317922534009
0.01251307913687563
0.013114918454649762
0.013717902456475821
0.01432132860228693
0.014924581617168746
0.015527127830621188
0.016128509054947674
0.016728336238020818
0.017326283080717774
0.017922079768887208
0.018515506932197466
0.019106389911285916
0.01969459338786335
0.020280016410358613
0.02086258783075093
0.02144226215407387
0.022019015792406477
0.022592843707165078
0.023163756419018973
0.0237317773605635
0.02429694054624665
0.024859288532271498
0.025418870640094772
0.025975741417528925
0.026529959313007907
0.027081585539648383
0.027630683107829977
0.02817731600657722
0.02872154851540296
