201
0.11861613863272365
0.11493388954183315
0.11136347187833635
0.10790121174989221
0.10454356568263945
0.10128711632257864
0.09812856819689826
0.09506474354887613
0.09209257825332055
0.08920911782298345
0.08641151350904569
0.08369701850237349
0.08106298423776756
0.0785068568036377
0.0760261734595291
0.07361855926073697
0.07128172379120143
0.0690134580038127
0.06681163116671887
0.0646741879152755
0.06259914540682214
0.060584590577164255
0.058628677496656574
0.056729624822106375
0.05488571334464172
0.053095283628348575
0.051356733738584855
0.049668517057102984
0.04802914018060226
0.04643716090089793
0.04489118626318716
0.04338987070044172
0.041931914240425944
0.040516060783987895
0.03914109645046597
0.03780584798909261
0.03650918125301648
0.035249999734225906
0.034027243156397
0.032839886123840756
0.03168693682435981
0.030567435783536937
0.029480454668790332
0.028425095141010163
0.0274004877517804
0.026405790884678346
0.025440189738358203
0.024502895350266042
0.023593143658761796
0.022710194602547352
0.021853331255690608
0.021021858996622986
0.020215104709918018
0.01943241601948974
0.01867316055165598
0.01793672522727191
0.01722251558118635
0.016529955108484415
0.015858484635846944
0.01520756171733566
0.014576660053550794
0.013965268933030147
0.013372892695146072
0.01279905021356645
0.012243274399322905
0.011705111722828395
0.011184121754024575
0.010679876719813774
0.010191961078201707
0.009719971108425398
0.009263514516270586
0.008822210054320595
0.00839568715602184
0.007983585583457666
0.007585555088066547
0.007201255083722962
0.006830354331873161
0.006472530638063873
0.006127470559472285
0.005794869123080817
0.005474429553900444
0.005165863012939679
0.004868888344613786
0.004583231833000949
0.004308626966821491
0.004044814212663941
0.0037915407961353637
0.0035485604907394288
0.003315633413989372
0.0030925258306713278
0.0028790099628453495
0.002674863806340801
0.0024798709535905155
0.0022938204224146976
0.002116506490629054
0.0019477285362217386
0.0017872908828594858
0.0016350026505748474
0.001490677611362521
0.0013541340495888629
0.001225194626932704
0.0011036862517551517
0.000989439952702386
0.0008822907563966567
0.0007820775690203661
0.0006886430617255443
0.000601833559602186
0.0005214989342286327
0.0004474924994957562
0.00037967091074264637
0.00031789406695471585
0.0002620250159836094
0.0002119298626389215
0.0001674776795629275
0.00012854042076769365
9.499283774116758e-05
6.671239803234357e-05
4.357920619738662e-05
2.5475927048974393e-05
1.228771109404823e-05
3.902122089933079e-06
2.0906662954119498e-07
1.1007256849306672e-06
6.471488024614914e-06
1.6217885436356563e-05
3.023852968144984e-05
4.843405111094283e-05
7.070703887982038e-05
9.696198268850205e-05
0.00012710521599438988
0.00016104486062577925
0.00019869077274525514
0.0002399544900947186
0.000284749180480094
0.0003329895914180547
0.00038459200091600816
0.0004394741693105361
0.0004975552921286825
0.0005587559539104673
0.0006229980829370206
0.0006902049068444443
0.0007603009090344607
0.0008332117858687601
0.0009088644045644948
0.0009871867617928778
0.001068107942873305
0.0011515580815742827
0.001237468320438736
0.001325770771585612
0.0014163984779754703
0.001509285375056885
0.001604366252764306
0.0017015767178139472
0.0018008531562670293
0.0019021326962722922
0.0020053531709849207
0.00211045308159062
0.0022173715603707603
0.002326048333775102
0.002436423685452805
0.002548438419156281
0.002662033821502427
0.002777151624484301
0.002893733967747412
0.0030117233604389088
0.0031310626427300263
0.003251694946789284
0.003373563657241978
0.003496612370989183
0.0036207848563015272
0.00374602501114786
0.003872276820626156
0.003999484313446663
0.004127591517308687
0.004256542413153855
0.0043862808881033905
0.004516750687029213
0.0046478953625697615
0.004779658223542925
0.004911982281535298
0.005044810195576072
0.005178084214706425
0.00531174611827628
0.005445737153819402
0.005579997972258746
0.005714468560293817
0.005849088169662952
0.005983795243144166
0.006118527336946993
0.006253221039249293
0.006387811884587797
0.006522234263747509
0.006656421328837929
0.006790304893100057
0.006923815325153047
0.007056881437094525
0.007189430366074915
0.007321387448758717
0.007452676088133015
0.007583217612029389
0.00771293112265444
