201
1.4654943925052066e-14
-2.8976820942716586e-14
2.6645352591003757e-15
4.5852210917018965e-14
-8.770761894538737e-15
-2.2648549702353193e-14
-1.8984813721090177e-14
-2.19824158875781e-14
4.773959005888173e-15
4.973799150320701e-14
-1.0436096431476471e-14
-1.9206858326015208e-14
4.440892098500626e-16
3.8746783559417963e-14
-1.5654144647214707e-14
-4.7351012000262926e-14
-2.1649348980190553e-15
-1.4432899320127035e-14
-1.1324274851176597e-14
-4.884981308350689e-14
2.0483614804334138e-14
2.942091015256665e-14
1.3877787807814457e-15
9.631184738623233e-15
-2.398081733190338e-14
-2.9976021664879227e-15
2.500777362968165e-14
-1.3877787807814457e-15
1.7666423879347803e-14
2.4577562207639403e-14
-1.572353358625378e-14
-2.615963001773025e-14
-2.6631474803195943e-14
-2.31342722756267e-14
3.76296216408889e-14
-1.6528445279107018e-14
1.6354972931509337e-14
-3.212707877509047e-14
-2.618738559334588e-14
2.609024107869118e-14
-2.917110997202599e-14
-7.077671781985373e-16
-3.009398286124565e-14
-1.1921019726912618e-14
2.455674552592768e-14
7.979727989493313e-14
-4.707345624410664e-14
-3.509692536596276e-14
4.5803638659691615e-14
4.5699555251133006e-14
1.9519108551691033e-14
3.1905034170165436e-14
-8.000544671205034e-15
1.379452108096757e-14
1.2129186544029835e-14
2.5403290582204363e-14
-3.155115058106617e-14
-1.4890866317784912e-14
4.691386168431677e-14
-9.402201239794294e-15
2.0893009544664665e-14
2.2273849431542203e-14
5.2513549064769904e-14
-6.13398221105399e-15
-4.025946243046974e-14
4.3152981188399053e-14
1.905420266012925e-14
-1.5730472480157687e-14
5.141720382795256e-14
-2.435551760271437e-15
-3.899658373995862e-15
6.283862319378386e-14
-1.7139067942650854e-14
1.3165857293273575e-13
-1.251776460264864e-14
2.550737399076297e-14
8.318346012003985e-14
8.243405957841787e-15
-8.59173843181793e-14
-1.7129353491185384e-13
1.389999226830696e-13
-1.8790524691780774e-14
6.58501031480796e-14
7.993605777301127e-15
-4.449218771185315e-13
-3.0359048608374906e-13
1.389693915498924e-12
7.902428711403786e-13
-7.662370737904212e-12
-9.23719434275938e-13
7.13623604653435e-13
3.670674875166924e-14
-6.39349684306012e-14
1.8514356714405267e-13
-6.820932707540805e-14
2.8266278206956486e-13
8.347489366400396e-14
6.786238238021269e-15
4.891920202254596e-14
-3.372302437298913e-14
-3.284872374109682e-14
-1.0383360837806777e-13
-6.517009154549669e-14
7.907563492892677e-14
-8.659739592076221e-14
3.8941072588727366e-14
1.404432126150823e-14
-5.012656956182582e-14
3.0753177782116836e-14
-1.5987211554602254e-14
3.758104938356155e-14
-1.3211653993039363e-14
1.6792123247455493e-14
4.0994985184283905e-14
-1.7957857423311907e-14
7.549516567451064e-15
-6.161737786669619e-15
6.5503158452884236e-15
1.2323475573339238e-14
-1.5126788710517758e-14
4.773959005888173e-15
1.1102230246251565e-15
2.2676305277968822e-14
-5.9396931817445875e-15
2.6006974351844292e-14
-2.2148949341271873e-14
1.63202784619898e-14
-1.7236212457305555e-14
5.9674487573602164e-15
1.2240208846492351e-14
-5.745404152435185e-15
-1.0269562977782698e-14
2.55351295663786e-15
-7.66053886991358e-15
4.9682480351975755e-15
-6.661338147750939e-15
7.466249840604178e-15
-2.78388423424758e-14
-2.0011770018868447e-14
-1.124100812432971e-14
-3.219646771412954e-15
1.4627188349436437e-14
1.3877787807814457e-16
-6.439293542825908e-15
-4.773959005888173e-15
-4.9960036108132044e-15
-5.551115123125783e-16
5.717648576819556e-15
-1.8596235662471372e-15
4.107825191113079e-15
1.6930901125533637e-15
3.497202527569243e-15
-5.551115123125783e-15
5.551115123125783e-15
3.885780586188048e-15
-5.273559366969494e-16
-3.497202527569243e-15
-1.226796442210798e-14
1.7208456881689926e-15
2.220446049250313e-16
8.604228440844963e-16
-2.040034807748725e-14
2.525757381022231e-15
-4.9404924595819466e-15
2.7755575615628914e-16
9.492406860545088e-15
-7.16093850883226e-15
9.298117831235686e-15
2.4702462297909733e-15
2.1316282072803006e-14
-2.9976021664879227e-15
-1.2434497875801753e-14
3.608224830031759e-15
-1.049160758270773e-14
1.5543122344752192e-15
-2.3314683517128287e-15
1.3933298959045715e-14
4.440892098500626e-15
-2.4868995751603507e-14
1.970645868709653e-14
1.4432899320127035e-14
3.885780586188048e-15
-1.1102230246251565e-14
3.2751579226442118e-15
-3.7192471324942744e-15
1.1546319456101628e-14
-5.162537064506978e-15
1.7208456881689926e-15
8.049116928532385e-15
-2.9976021664879227e-15
-5.551115123125783e-17
1.6653345369377348e-16
-8.770761894538737e-15
-1.3655743202889425e-14
-9.2148511043888e-15
6.716849298982197e-15
8.215650382226158e-15
3.4416913763379853e-15
1.5376588891058418e-14
3.6637359812630166e-15
-1.199040866595169e-14
