201
0.5329479485892131
0.5330616916279692
0.5331830419914052
0.5333114141556553
0.5334462858968965
0.5335871891223353
0.5337337023390281
0.5338854444165338
0.5340420693819978
0.5342032620460607
0.5343687343031409
0.5345382219834487
0.5347114821591107
0.5348882908271262
0.5350684409065762
0.5352517404995252
0.5354380113744708
0.5356270876384999
0.5358188145700634
0.5360130475896929
0.5362096513486313
0.5364084989199068
0.5366094710776892
0.5368124556536094
0.5370173469602509
0.5372240452733924
0.537432456365842
0.537642491086794
0.5378540649812743
0.5380670979452188
0.5382815139121206
0.5384972405678032
0.5387142090903251
0.5389323539122985
0.5391516125033643
0.5393719251707776
0.5395932348761988
0.5398154870672285
0.5400386295222377
0.5402626122071404
0.5404873871430728
0.5407129082840652
0.5409391314035986
0.5411660139894393
0.5413935151459379
0.5416215955032269
0.5418502171326227
0.5420793434678185
0.5423089392313185
0.5425389703658147
0.542769403969852
0.5430002082378336
0.5432313524035933
0.5434628066876422
0.543694542247543
0.5439265311314067
0.5441587462339668
0.5443911612554769
0.5446237506628036
0.5448564896528639
0.5450893541180254
0.5453223206135271
0.5455553663266793
0.545788469047668
0.5460216071420054
0.5462547595243742
0.5464879056339066
0.546721025410638
0.5469540992733011
0.5471871080980534
0.5474200331984804
0.5476528563063747
0.547885559553527
0.5481181254544676
0.5483505368898924
0.5485827770908955
0.5488148296240161
0.5490466783768462
0.5492783075443477
0.5495097016157686
0.5497408453621278
0.5499717238242214
0.550202322301194
0.5504326263395259
0.5506626217225211
0.5508922944602085
0.5511216307796605
0.5513506171156961
0.5515792401019574
0.5518074865623246
0.5520353435026346
0.5522627981027681
0.5524898377090297
0.5527164498266969
0.5529426221130457
0.5531683423703702
0.5533935985395186
0.5536183786933963
0.553842671030923
0.5540664638709896
0.5542897456467631
0.5545125049001165
0.5547347302762191
0.5549564105183522
0.5551775344628217
0.5553980910340911
0.5556180692400151
0.5558374581672021
0.5560562469765761
0.5562744248989798
0.556491981230983
0.5567089053307201
0.5569251866139047
0.5571408145499284
0.55735577865802
0.5575700685035976
0.5577836736945686
0.5579965838778432
0.5582087887358977
0.5584202779833358
0.5586310413636443
0.5588410686459195
0.5590503496217225
0.5592588741020122
0.5594666319140091
0.5596736128983324
0.5598798069059788
0.5600852037954971
0.5602897934301364
0.5604935656750869
0.5606965103947041
0.560898617449881
0.5610998766953444
0.5613002779770345
0.561499811129554
0.5616984659736131
0.5618962323134684
0.5620930999345158
0.5622890586007414
0.562484098052358
0.5626782080033595
0.5628713781391265
0.5630635981140669
0.563254857549278
0.5634451460302176
0.5636344531043308
0.5638227682788346
0.5640100810183561
0.5641963807427017
0.5643816568245803
0.5645658985873206
0.5647490953026388
0.5649312361884076
0.565112310406397
0.5652923070600442
0.5654712151922389
0.5656490237830697
0.5658257217475815
0.5660012979335932
0.5661757411194371
0.566349040011701
0.5665211832430446
0.5666921593698885
0.566861956870224
0.5670305641413041
0.5671979694974277
0.567364161167606
0.5675291272933564
0.56769285592631
0.567855335025968
0.568016552457375
0.5681764959887629
0.5683351532891867
0.5684925119262016
0.5686485593634312
0.5688032829582099
0.5689566699590851
0.5691087075034851
0.569259382615145
0.5694086822016792
0.5695565930520707
0.5697031018341006
0.5698481950918319
0.5699918592430044
0.570134080576412
0.5702748452492857
0.5704141392845907
0.5705519485683541
0.5706882588469154
0.5708230557241659
0.5709563246587529
0.5710880509612375
0.5712182197912212
0.5713468161544781
0.571473824899942
0.5715992307167987
0.5717230181313759
0.5718451715041617
0.5719656750266485
0.5720845127181736
0.5722016684227271
