201
0.8520720106138356
0.8501370669349367
0.8481985050663365
0.8462562529262301
0.8443102366850406
0.8423603809972517
0.8404066092108584
0.8384488435585926
0.8364870053300033
0.8345210150291547
0.8325507925158371
0.8305762571341962
0.8285973278288736
0.8266139232490647
0.8246259618432178
0.8226333619435061
0.8206360418416624
0.8186339198573259
0.8166269143982131
0.8146149440144556
0.8125979274461516
0.8105757836656065
0.8085484319150088
0.8065157917375053
0.8044777830065687
0.8024343259491457
0.8003853411665416
0.7983307496515961
0.7962704728025264
0.7942044324346613
0.7921325507889051
0.7900547505384995
0.787970954792899
0.785881087101144
0.7837850714515493
0.7816828322715326
0.7795742944244253
0.777459383206538
0.7753380243417068
0.7732101439750729
0.7710756686664457
0.768934525381761
0.7667866414845518
0.7646319447262865
0.7624703632356193
0.7603018255083446
0.7581262603948395
0.7559435970889691
0.7537537651149402
0.7515566943145424
0.7493523148342638
0.7471405571113807
0.7449213518599973
0.7426946300572903
0.7404603229286735
0.7382183619334466
0.7359686787498163
0.7337112052604374
0.7314458735369063
0.7291726158244565
0.7268913645270894
0.7246020521919717
0.7223046114938315
0.7199989752197093
0.7176850762532773
0.7153628475590944
0.7130322221671903
0.7106931331572438
0.7083455136429941
0.7059892967566598
0.7036244156328184
0.7012508033935817
0.698868393132213
0.6964771178976248
0.6940769106792739
0.6916677043908703
0.6892494318556219
0.6868220257899671
0.6843854187886249
0.6819395433091868
0.6794843316567161
0.6770197159679672
0.6745456281971413
0.672062000099635
0.6695687632176965
0.667065848865188
0.6645531881120761
0.6620307117706226
0.659498350379361
0.656956034189237
0.6544036931487346
0.651841256888829
0.6492686547092981
0.6466858155638101
0.6440926680458524
0.6414891403748177
0.6388751603814394
0.6362506554945678
0.6336155527266749
0.630969778660974
0.6283132594374773
0.6256459207399346
0.6229676877823334
0.6202784852964639
0.6175782375185919
0.6148668681775276
0.61214430048134
0.6094104571063541
0.6066652601840725
0.6039086312905135
0.6011404914342996
0.5983607610456032
0.5955693599653953
0.5927662074351739
0.5899512220865271
0.5871243219312896
0.5842854243529603
0.581434446096465
0.5785713032607102
0.5756959112897372
0.5728081849659177
0.5699080384020611
0.5669953850354972
0.5640701376218697
0.5611322082300153
0.5581815082370787
0.5552179483249506
0.5522414384766562
0.549251887974333
0.5462492053974383
0.5432332986222705
0.5402040748220361
0.5371614404684874
0.5341053013337258
0.5310355624942548
0.5279521283353872
0.5248549025571874
0.5217437881816989
0.5186186875616868
0.5154795023911846
0.5123261337167276
0.5091584819513165
0.5059764468892062
0.5027799277239482
0.4995688230665628
0.49634303096770144
0.4931024489406815
0.4898469739875074
0.48657650262769625
0.4832909309290871
0.4799901545418243
0.47667406873547524
0.4733425684391034
0.4699955482844374
0.46663290265321106
0.4632545257279698
0.45986031154634377
0.4564501540601913
0.4530239471989906
0.4495815849376854
0.44612296136964896
0.4426479707849502
0.4391565077543233
0.4356484672177775
0.4321237445818539
0.42858223582078875
0.42502383758649387
0.42144844732466913
0.4178559633994456
0.4142462852258551
0.41061931341108415
0.4069749499048097
0.4033130981590472
0.3996336632989899
0.3959365523034958
0.39222167419814696
0.3884889402595365
0.38473826423322494
0.38096956256433223
0.3771827546431003
0.37337776306537046
0.369554513908835
0.3657129370268465
0.3618529663593806
0.35797454026343944
0.354077601862908
0.3501620994205116
0.3462279867312597
0.3422752235397313
0.3383037759827869
0.3343136170582391
0.33030472712193304
0.32627709441362396
0.32223071561571887
0.31816559644289005
0.3140817522685935
0.3099792087875301
0.3058580027174857
0.3017181825425204
0.29755980929962367
0.2933829574121678
