201
-2.0278917434168875e-15
2.4841240175987878e-15
-1.904726376622534e-15
2.4702462297909733e-14
1.6469464680923807e-14
2.2724877535296173e-14
-2.02546313055052e-14
-5.828670879282072e-15
3.8066771956835055e-14
-6.455946888195285e-14
-1.226796442210798e-14
7.893685705084863e-14
-3.6637359812630166e-14
-1.3888890038060708e-13
9.869882688917642e-14
-1.3167245072054357e-13
1.1437517599688363e-12
-3.375077994860476e-14
5.306866057708248e-14
8.393286066166183e-14
3.3084646133829665e-14
-4.729550084903167e-14
2.8754776337791554e-14
7.993605777301127e-15
-9.43689570931383e-16
-2.3425705819590803e-14
-2.423061751244404e-14
1.8041124150158794e-15
-7.41073868937292e-15
-1.587618925213974e-14
4.9404924595819466e-15
-7.16093850883226e-15
-9.18709552877317e-15
6.38378239159465e-15
-2.1649348980190553e-15
9.686695889854491e-15
5.273559366969494e-16
9.048317650695026e-15
7.771561172376096e-16
-2.42861286636753e-15
1.700029006457271e-14
2.5673907444456745e-15
-9.575673587391975e-16
6.63358257213531e-15
1.2240208846492351e-14
-1.2545520178264269e-14
1.8318679906315083e-15
2.1094237467877974e-15
2.7200464103316335e-15
-8.604228440844963e-16
8.881784197001252e-16
8.992806499463768e-15
-2.5118795932144167e-15
-1.915134717478395e-15
-1.8457457784393227e-15
1.124100812432971e-15
-4.045375145977914e-15
-1.6861512186494565e-15
4.274358644806853e-15
-4.579669976578771e-16
-1.5265566588595902e-16
3.184952301893418e-15
4.836409051023338e-15
4.551914400963142e-15
-5.967448757360216e-16
-3.101685575046531e-15
1.4641066137244252e-15
5.856426454897701e-15
4.0592529337857286e-15
2.3522850334245504e-15
3.982925100842749e-15
-8.187894806610529e-16
7.174816296640074e-15
-6.245004513516506e-16
4.996003610813204e-16
3.400058012914542e-15
-9.901801600875615e-15
-6.245004513516506e-16
2.921274333544943e-15
7.424616477180734e-16
3.2127078775090467e-15
-8.784639682346551e-15
-2.0816681711721685e-17
3.039235529911366e-15
5.204170427930421e-15
-3.0322966360074588e-15
-9.679756995950584e-16
2.005340338229189e-15
-1.3322676295501878e-15
-4.2327252813834093e-16
5.169475958410885e-15
7.657069422961627e-15
4.9057979900624105e-15
6.938893903907228e-17
-1.5890067039947553e-15
9.527101330064625e-15
-3.604755383079805e-15
-9.992007221626409e-16
-4.534567166203374e-15
1.4779844015322396e-15
-6.453171330633722e-16
-4.975186929101483e-15
3.774758283725532e-15
-3.937822290467352e-15
1.0859368959614812e-15
-1.0529771499179219e-14
1.8943180357666733e-15
1.2042450370230995e-14
7.4870665223159e-15
4.440892098500626e-15
1.863093013199091e-15
4.11823353196894e-15
6.772360450213455e-15
-7.098488463697095e-15
1.9914625504213745e-15
-3.722716579446228e-15
-4.07486544506952e-15
4.3576253716537394e-15
-4.4738518445441855e-15
7.218184383539494e-15
1.7676832220203664e-15
4.15639744844043e-15
3.2855662635000726e-15
2.690556111240028e-15
1.3808398868775384e-15
6.361230986406952e-15
-1.3322676295501878e-15
1.0824674490095276e-15
5.10702591327572e-15
4.151193278012499e-15
-9.835882108788496e-15
1.231653667943533e-16
3.805983306293115e-15
-1.9099305470504646e-15
3.913536161803677e-15
-1.321859288694327e-15
-6.751543768501733e-15
3.155462002801812e-15
-4.926614671774132e-16
-2.0799334476961917e-15
-6.730727086790012e-16
4.354155924701786e-16
-4.066191827689636e-15
-1.1310397063368782e-15
-5.2111093218343285e-15
-6.279698983036042e-16
-5.192027363598584e-15
3.594347042223944e-15
4.874572967494828e-15
2.3054474995731766e-15
5.460909502374989e-15
-4.447830992404533e-15
-2.5934115965853266e-15
5.415806691999592e-15
5.8321403262340255e-15
3.101685575046531e-15
1.691355389077387e-15
-7.53043460921532e-15
3.217912047936977e-15
-8.534839501805891e-15
3.5093455919010808e-15
-3.2612801348363973e-15
1.5976803213746393e-15
-2.175343238874916e-15
8.27463098040937e-16
8.049116928532385e-16
5.582340145693365e-15
2.7998436902265667e-15
-1.9567680809018384e-15
5.460909502374989e-15
2.805047860654497e-15
2.256875242245826e-15
-1.745131816832668e-15
1.4450246554886803e-15
1.797173521111972e-15
-4.432218481120742e-15
1.3149203947904198e-15
-6.2189836613768534e-15
8.187894806610529e-16
-3.681083216022785e-15
-3.445160823289939e-15
-3.712308238590367e-16
5.204170427930421e-17
1.8388068845354155e-16
-7.5842110369706e-15
4.4565046097844174e-15
3.1537272793258353e-15
2.0261570199409107e-15
-1.951563910473908e-15
-6.708175681602313e-15
-6.774095173689432e-15
-9.010153734223536e-15
1.547373340571312e-15
2.785965902418752e-15
8.583411759133242e-15
-9.610368056911511e-16
-4.298644773470528e-15
5.204170427930421e-15
-8.951173136040325e-16
-1.7832957333041577e-15
-8.531370054853937e-15
