201
1.1102230246251565e-15
7.771561172376096e-16
-4.3298697960381105e-15
-6.661338147750939e-16
-1.4432899320127035e-15
4.884981308350689e-15
1.887379141862766e-15
1.1102230246251565e-15
7.771561172376096e-16
-1.9984014443252818e-15
2.6645352591003757e-15
9.992007221626409e-16
-3.3306690738754696e-16
-2.7755575615628914e-15
-8.104628079763643e-15
-3.3306690738754696e-16
-6.661338147750939e-16
2.9976021664879227e-15
-1.1102230246251565e-15
-1.887379141862766e-15
1.1102230246251565e-15
-2.7755575615628914e-15
-2.3314683517128287e-15
-2.4424906541753444e-15
-1.4432899320127035e-15
2.6645352591003757e-15
2.1094237467877974e-15
8.881784197001252e-16
2.9976021664879227e-15
4.107825191113079e-15
4.440892098500626e-16
-1.1102230246251565e-15
5.440092820663267e-15
-4.440892098500626e-15
-1.4432899320127035e-15
-3.885780586188048e-15
-1.9984014443252818e-15
8.215650382226158e-15
-3.4416913763379853e-15
-1.1102230246251565e-15
-4.440892098500626e-16
-2.220446049250313e-15
-5.551115123125783e-16
-1.1102230246251565e-16
2.220446049250313e-15
-1.7763568394002505e-15
-1.887379141862766e-15
-3.3306690738754696e-16
-7.771561172376096e-16
-1.7763568394002505e-15
4.884981308350689e-15
1.9984014443252818e-15
-2.1094237467877974e-15
-1.7763568394002505e-15
-7.66053886991358e-15
6.5503158452884236e-15
-7.549516567451064e-15
-2.6645352591003757e-15
4.773959005888173e-15
-4.6629367034256575e-15
-6.439293542825908e-15
8.770761894538737e-15
6.217248937900877e-15
3.219646771412954e-15
-7.105427357601002e-15
9.2148511043888e-15
-1.3988810110276972e-14
7.771561172376096e-16
-8.881784197001252e-16
-3.3306690738754696e-16
-4.9960036108132044e-15
4.440892098500626e-16
-1.7763568394002505e-15
8.659739592076221e-15
-5.995204332975845e-15
-8.43769498715119e-15
-1.6653345369377348e-15
1.3322676295501878e-15
-4.551914400963142e-15
-2.220446049250313e-16
-1.1879386363489175e-14
-4.884981308350689e-15
-1.887379141862766e-14
-1.6542323066914832e-14
-6.261657858885883e-14
-2.942091015256665e-14
5.5289106626332796e-14
4.440892098500626e-15
-2.394417997209075e-12
1.2989609388114332e-13
4.141131881851834e-14
2.3314683517128287e-15
1.8762769116165146e-14
2.6645352591003757e-15
2.853273173286652e-14
3.608224830031759e-14
9.2148511043888e-15
3.9968028886505635e-15
-4.218847493575595e-15
1.354472090042691e-14
8.992806499463768e-15
0.0
7.438494264988549e-15
7.327471962526033e-15
-2.3314683517128287e-15
6.439293542825908e-15
7.327471962526033e-15
1.3322676295501878e-15
6.439293542825908e-15
3.1086244689504383e-15
-1.7763568394002505e-15
-2.220446049250313e-16
3.3306690738754696e-16
-1.9984014443252818e-15
-6.772360450213455e-15
-6.661338147750939e-16
-6.661338147750939e-16
5.551115123125783e-15
6.994405055138486e-15
-1.3322676295501878e-15
8.881784197001252e-16
3.1086244689504383e-15
3.1086244689504383e-15
2.1094237467877974e-15
-4.440892098500626e-15
2.1094237467877974e-15
1.7763568394002505e-15
-4.551914400963142e-15
7.216449660063518e-15
-3.885780586188048e-15
-5.551115123125783e-16
-4.107825191113079e-15
8.881784197001252e-16
-3.1086244689504383e-15
1.4876988529977098e-14
-4.440892098500626e-15
-5.551115123125783e-16
-3.4416913763379853e-15
6.661338147750939e-16
4.3298697960381105e-15
-4.551914400963142e-15
3.4416913763379853e-15
-1.2212453270876722e-15
-4.440892098500626e-15
-2.1094237467877974e-15
3.4416913763379853e-15
1.1102230246251565e-15
1.1102230246251565e-16
-1.1102230246251565e-16
-7.105427357601002e-15
-6.661338147750939e-16
3.552713678800501e-15
-4.3298697960381105e-15
1.6653345369377348e-15
6.661338147750939e-16
1.1102230246251565e-16
1.4432899320127035e-14
1.5543122344752192e-15
2.220446049250313e-16
1.1102230246251565e-16
1.4432899320127035e-15
-3.774758283725532e-15
1.0436096431476471e-14
-2.9976021664879227e-15
1.2323475573339238e-14
-1.5543122344752192e-15
4.551914400963142e-15
-1.0436096431476471e-14
5.551115123125783e-15
1.7763568394002505e-15
-2.4424906541753444e-15
-1.1102230246251565e-16
-7.771561172376096e-16
3.3306690738754696e-16
3.3306690738754696e-15
-1.5543122344752192e-15
3.4416913763379853e-15
-6.661338147750939e-16
-3.3306690738754696e-16
-9.992007221626409e-16
2.1094237467877974e-15
9.992007221626409e-16
4.440892098500626e-16
-2.6645352591003757e-15
-4.440892098500626e-16
-5.10702591327572e-15
3.219646771412954e-15
1.1102230246251565e-16
1.2212453270876722e-15
1.3322676295501878e-15
-2.55351295663786e-15
-4.107825191113079e-15
1.7763568394002505e-15
3.3306690738754696e-16
2.55351295663786e-15
-3.774758283725532e-15
2.6645352591003757e-15
-1.1102230246251565e-16
1.1102230246251565e-16
6.661338147750939e-16
-1.2212453270876722e-15
