201
0.7226134864041063
0.7225087223147153
0.7224026509771202
0.7222953235096014
0.7221867898798041
0.7220770989318788
0.7219662984127665
0.7218544349978926
0.7217415543160849
0.72162770097399
0.7215129185796593
0.7213972497657855
0.7212807362120607
0.7211634186671634
0.7210453369701254
0.720926530071144
0.7208070360518473
0.7206868921451761
0.7205661347544441
0.7204447994724321
0.7203229210994608
0.7202005336613816
0.7200776704271105
0.7199543639253531
0.7198306459613605
0.719706547633136
0.7195820993470944
0.7194573308335048
0.7193322711615001
0.7192069487537247
0.7190813914005798
0.7189556262743105
0.7188296799422969
0.7187035783808015
0.7185773469875247
0.718451010594459
0.7183245934802205
0.7181981193819955
0.7180716115075919
0.71794509254656
0.7178185846816909
0.7176921095998785
0.7175656885028393
0.7174393421175482
0.7173130907064049
0.7171869540773891
0.7170609515935492
0.7169351021827505
0.7168094243467347
0.7166839361703851
0.7165586553305434
0.7164335991046848
0.7163087843792953
0.7161842276583609
0.7160599450712163
0.715935952380593
0.7158122649903425
0.7156888979529074
0.7155658659768025
0.7154431834337681
0.7153208643658203
0.7151989224921668
0.715077371215977
0.7149562236308835
0.7148354925275646
0.7147151903999269
0.7145953294513071
0.7144759216005031
0.7143569784876816
0.7142385114801041
0.7141205316777999
0.7140030499190758
0.7138860767859027
0.7137696226091332
0.7136536974738019
0.7135383112240308
0.7134234734680707
0.7133091935830675
0.7131954807197891
0.7130823438073477
0.7129697915576122
0.7128578324696633
0.712746474834202
0.7126357267376822
0.7125255960665515
0.7124160905112711
0.7123072175702678
0.7121989845539376
0.7120913985882865
0.7119844666188345
0.7118781954141198
0.7117725915693414
0.711667661509903
0.7115634114947095
0.7114598476196491
0.7113569758208172
0.7112548018777279
0.7111533314164767
0.7110525699127804
0.7109525226951013
0.7108531949474647
0.7107545917124799
0.710656717894066
0.7105595782602905
0.7104631774460857
0.7103675199559025
0.7102726101663077
0.7101784523285372
0.7100850505709839
0.7099924089017535
0.7099005312109049
0.7098094212729158
0.7097190827489247
0.7096295191890611
0.7095407340345722
0.7094527306200112
0.7093655121754698
0.7092790818284382
0.7091934426060669
0.7091085974370094
0.7090245491534912
0.7089413004931073
0.7088588541008383
0.7087772125307296
0.7086963782478792
0.7086163536300497
0.7085371409694857
0.7084587424745987
0.7083811602716104
0.7083043964061967
0.7082284528450871
0.7081533314776542
0.7080790341174041
0.708005562503511
0.7079329183023072
0.7078611031087143
0.707790118447626
0.7077199657753618
0.7076506464810067
0.7075821618877428
0.7075145132541337
0.7074477017754506
0.7073817285849215
0.7073165947549901
0.7072523012984548
0.7071888491697287
0.7071262392659282
0.7070644724281161
0.7070035494423543
0.706943471040788
0.7068842379028036
0.7068258506559428
0.7067683098770956
0.7067116160933966
0.7066557697832903
0.7066007713774849
0.7065466212598989
0.7064933197686157
0.7064408671967631
0.7063892637935052
0.7063385097648336
0.7062886052744722
0.7062395504448178
0.7061913453575718
0.7061439900547141
0.706097484539326
0.7060518287762734
0.7060070226930379
0.7059630661805095
0.7059199590936303
0.7058777012522276
0.7058362924416491
0.705795732413584
0.7057560208865655
0.705717157546841
0.7056791420488988
0.7056419740161862
0.7056056530417509
0.7055701786888069
0.7055355504913707
0.7055017679549791
0.7054688305570778
0.7054367377477574
0.7054054889502801
0.7053750835616104
0.7053455209529568
0.7053168004703777
0.7052889214352884
0.705261883144881
0.7052356848727636
0.7052103258693807
0.7051858053625492
0.7051621225578765
0.705139276639278
0.7051172667694507
0.7050960920902662
0.7050757517232991
0.705056244770165
0.7050375703130621
0.7050197274150448
0.7050027151205862
