201
0.02677761776738894
0.02710075742669376
0.027397567256583745
0.027668873775165668
0.027915454077228414
0.02813804198685436
0.02833733313279608
0.02851398917970459
0.028668641390991366
0.028801893657022275
0.02891432509227043
0.02900649228122079
0.029078931236438166
0.02913215911832277
0.029166675756521727
0.029182965004858983
0.029181495955508088
0.02916272403372888
0.02912709199020314
0.029075030805320482
0.029006960517121604
0.028923290983141097
0.028824422583900753
0.028710746875501944
0.02858264719699375
0.028440499237914453
0.028284671569770117
0.028115526145872666
0.027933418772348787
0.027738699553228992
0.027531713312100976
0.0273127999925482
0.02708229503908074
0.02684052976050594
0.026587831676958506
0.026324524852051247
0.02605093021138678
0.025767365848361312
0.025474147318118954
0.025171587920896788
0.024859998975131678
0.02453969008115575
0.024210969376171926
0.023874143781072738
0.02352951923952099
0.023177400949876192
0.022818093590287577
0.0224519015375243
0.022079129079653655
0.02170008062298303
0.021315060893885712
0.02092437513500845
0.02052832929699747
0.020127230225213167
0.019721385842129728
0.01931110532529733
0.01889669928118433
0.018478479914778183
0.01805676119554395
0.01763185901912823
0.017204091365610585
0.016773778453788166
0.01634124289182303
0.01590680982428059
0.015470807075271651
0.015033565288097406
0.014595418061062865
0.014156702079454207
0.013717757243615574
0.013278926793147607
0.012840557426942921
0.012402999418989914
0.011966606729703982
0.011531737112828554
0.011098752217308798
0.010668017684207717
0.01023990323838376
0.009814782774199473
0.009393034435478741
0.00897504068899295
0.008561188390931418
0.008151868846203983
0.007747477859689804
0.007348415779062591
0.006955087528292981
0.006567902631243382
0.0061872752244479705
0.0058136240579093
0.00544737248328461
0.005088948427724869
0.004738784352468573
0.004397317194363232
0.00406498828861361
0.003742243271048439
0.0034295319573110225
0.0031273081967606773
0.0028360296979962328
0.002556157822761181
0.0022881573445354244
0.0020324961672023513
0.001789644999012973
0.0015600769757687395
0.0013442672265572234
0.0011426923740289142
0.0009558299598418715
0.0007841577844354563
0.0006281531480599149
0.0004882919777848861
0.00036504782219146965
0.00025889069185039166
0.00017028571939348483
9.969160744729837e-05
4.755882599191867e-05
1.4327512353874928e-05
4.2501637892884963e-07
6.263020116892856e-06
3.223414435462708e-05
7.870793273199856e-05
0.00014602607632544867
0.00023449670547275937
0.000344387528394616
0.0004759175340575691
0.0006292468940435568
0.0008044645873743409
0.0010015731221592996
0.0012204695223886166
0.0014609214636515828
0.0017225370429752745
0.0020047261018144667
0.0023066502064744403
0.0026271571989356
0.0029646944610324908
0.003317192357251437
0.0036819051904467917
0.004055190496831222
0.004432197008754628
0.004806414247912295
0.005169007168799941
0.00550780747351964
0.005805739401517582
0.006038282098465098
0.006169231173458602
0.006143353441918054
0.0058732484157850064
0.005215851220531895
0.003937435818935088
0.0017563782290702244
0.00019717466001107535
0.09136173256907777
0.18365526654866574
0.07139476778895025
0.051033243036019194
0.04384529310232956
0.04075402624331303
0.03945034226472958
0.03909434933644118
0.03931071701133473
0.03990752070745555
0.040776817999935634
0.041853450655335446
0.04309588620822547
0.04447648845419824
0.045976220187444294
0.04758159147886171
0.049282817333718525
0.05107266068032693
0.052945680805301834
0.05489773067253607
0.05692561199161991
0.05902683311659359
0.061199435657278346
0.06344186802984159
0.06575289171290494
0.06813151070233928
0.0705769176900367
0.07308845247700088
0.07566556946046368
0.0783078119346489
0.0810147915669895
0.08378617184918924
0.08662165463237302
0.08952096907626039
0.09248386250835158
0.09551009280441979
0.09859942199392184
0.10175161085710833
0.104966414334132
0.10824357760274549
0.11158283271125218
0.11498389567707192
0.11844646397840364
0.12197021438030355
0.1255548010482724
0.12919985391079167
0.13290497724008832
0.13666974842367155
0.14049371690746693
0.14437640329161783
0.148317298564868
0.15231586346482978
0.15637152795495513
