201
0.000769149150261721
0.001254588518659276
0.0018280967123344184
0.0024752502562642178
0.003182883122335966
0.003939003914564844
0.00473271500114547
0.005554134400359588
0.006394320980529838
0.007245203341717466
0.008099512598456144
0.008950719167193609
0.009792973574524804
0.010621051235843332
0.011430301105053184
0.012216598060522388
0.012976298867960994
0.013706201545122717
0.014403507944178454
0.015065789363041565
0.015690954997462342
0.01627722304902731
0.016823094308092906
0.017327328039468463
0.017788920004882962
0.018207082465910046
0.0185812260198499
0.018910943130127544
0.019195993221732183
0.019436289222482576
0.019631885437547493
0.01978296665518916
0.01988983838838425
0.01995291816524882
0.01997272778812252
0.01994988648834035
0.01988510490941292
0.019779179858168756
0.019632989768068154
0.01944749082509725
0.019223713710074093
0.018962760917166695
0.018665804611382113
0.018334084992376612
0.01796890913487001
0.01757165027979983
0.017143747552977352
0.016686706091073738
0.016202097557100177
0.015691561030484743
0.01515680425817818
0.014599605256305317
0.014021814253098137
0.013425355965830086
0.012812232206006293
0.01218452480885132
0.011544398884014805
0.010894106386183853
0.010235990005045955
0.009572487375254632
0.008906135607939526
0.008239576145999643
0.0075755599463231136
0.006916952992149334
0.006266742139971829
0.005628041304711815
0.005004097987813301
0.004398300152425662
0.003814183449631683
0.003255438799447871
0.0027259203293294424
0.002229653672264024
0.0017708446251770735
0.0013538881667569545
0.0009833778321387964
0.0006641154392841395
0.0004011211593606375
0.0001996439200734959
6.517212704705631e-05
3.444683909439622e-06
2.046228661217568e-05
0.00012249896150466546
0.00031611380990913046
0.0006081629141835615
0.0010058113514359753
0.0015165452510594024
0.002148183821090108
0.0029088912557043646
0.0038071884221606298
0.004851964209775039
0.006052486405854168
0.00741841194496383
0.008959796355625663
0.010687102206409676
0.01261120632757939
0.014743405556646733
0.017095420727676596
0.019679398591031717
0.022507911318220778
0.02559395320900509
0.028950934182522006
0.032592669594289955
0.03653336588305396
0.04078760150984709
0.04537030261607813
0.05029671278633931
0.05558235627048886
0.06124299398721913
0.06729457160772154
0.07375315900202567
0.0806348803227448
0.0879558340101204
0.09573200202111992
0.10397914762987788
0.11271270120583461
0.12194763346996956
0.13169831584218397
0.14197836764964405
0.15280049015028838
0.1641762875544832
0.1761160754978369
0.18862867772901015
0.2017212121350032
0.2153988676223865
0.2296646738112827
0.2445192659707836
0.25996064811437486
0.2759839576886249
0.29258123578998574
0.30974120733562704
0.32744907606162377
0.3456863396076043
0.3644306302418679
0.38365558696342716
0.40333076475405805
0.4234215866240878
0.443889343772445
0.46469124865915623
0.4857805450347152
0.5071066780122852
0.5286155260858044
0.5502496956420451
0.5719488769778263
0.5936502592137698
0.6152889997931548
0.6367987425744124
0.6581121769218301
0.6791616287331299
0.6998796731166883
0.7201997574694445
0.7400568230952046
0.7593879132629463
0.7781327557621234
0.7962343085637461
0.8136392581372417
0.8302984612412387
0.8461673225772262
0.86120610246637
0.8753801506416798
0.8886600642186009
0.9010217698690437
0.9124465320814071
0.9229208910814516
0.9324365354615377
0.9409901157808062
0.9485830063253734
0.9552210228572817
0.9609141045266036
0.9656759681987808
0.9695237432839091
0.9724775947758487
0.9745603416633924
0.9757970771970718
0.976214796725235
0.9758420379933606
0.9747085379587492
0.9728449093448556
0.970282339363712
0.9670523122971887
0.963186356951125
0.9587158194051956
0.9536716609607935
0.9480842807609656
0.9419833621979309
0.9353977419503938
0.9283553002816423
0.9208828710849609
0.9130061700718108
0.9047497394564201
0.8961369074856667
0.8871897611924686
0.8779291308067366
0.8683745843313541
0.858544430881197
0.8484557314808996
0.8381243161239812
0.8275648060024932
0.8167906399255199
0.8058141040517836
0.7946463641656121
0.783297499822973
