201
-2.6256774532384952e-14
7.53563877964325e-15
5.564992910933597e-15
1.609823385706477e-15
9.901801600875615e-15
2.914335439641036e-15
-9.506284648352903e-15
1.4828416272649747e-14
8.555656183517613e-15
2.7727820040013285e-14
3.3861802251067274e-15
-1.3426759704060487e-14
-3.6012859361278515e-15
1.5265566588595902e-16
3.816391647148976e-15
7.355227538141662e-15
-1.517536096784511e-14
3.2127078775090467e-15
6.078471059822732e-15
-2.42861286636753e-16
1.2427558981897846e-14
-1.4890866317784912e-14
2.6180446699441973e-14
-1.9435841824844147e-14
-9.2148511043888e-15
1.559863349598345e-14
2.9837243786801082e-15
-1.2503886814840826e-14
6.6058269965196814e-15
1.6792123247455493e-15
2.1510571102112408e-15
1.2101430968414206e-14
3.760880495917718e-15
-6.800116025829084e-16
1.597333376679444e-14
1.1018963519404679e-14
1.1934897514720433e-15
-1.3447576385772209e-14
-1.2212453270876722e-15
2.398081733190338e-14
8.854028621385623e-15
-6.245004513516506e-16
2.2593038551121936e-14
-4.926614671774132e-15
-1.404432126150823e-14
-2.886579864025407e-15
-1.8957058145474548e-14
6.078471059822732e-15
3.552713678800501e-15
1.1199374760906267e-14
1.1393663790215669e-14
-4.676814491233472e-15
8.28503932126523e-15
2.080280392391387e-14
1.3072876114961218e-14
-3.83026943495679e-15
2.581268532253489e-15
8.68749516769185e-15
1.3572476476042539e-14
1.0963452368173421e-14
4.801714581503802e-15
3.219646771412954e-15
-1.0408340855860843e-14
7.271960811294775e-15
1.892930256985892e-14
1.0186296250935811e-14
-3.747002708109903e-15
-5.523359547510154e-15
5.245803791353865e-15
-4.6629367034256575e-15
-8.326672684688674e-17
1.6375789613221059e-15
-2.8033131371785203e-15
7.466249840604178e-15
-3.469446951953614e-15
8.881784197001252e-15
-2.708944180085382e-14
7.41073868937292e-15
7.743805596760467e-15
-8.576472865229334e-15
9.936496070395151e-15
2.7755575615628914e-16
-1.1851630787873546e-14
8.326672684688674e-15
-2.858824288409778e-15
1.2323475573339238e-14
-5.800915303666443e-15
-1.812439087700568e-14
5.467848396278896e-15
-1.1102230246251565e-14
2.220446049250313e-15
2.1149748619109232e-14
-4.718447854656915e-15
-1.2878587085651816e-14
-1.149080830487037e-14
-4.440892098500626e-15
5.162537064506978e-15
2.7200464103316335e-15
-3.3306690738754696e-16
-5.551115123125783e-16
8.1601392309949e-15
7.93809462606987e-15
5.10702591327572e-15
3.9968028886505635e-15
-1.27675647831893e-15
5.551115123125783e-16
-5.440092820663267e-15
-7.771561172376096e-16
8.770761894538737e-15
-5.551115123125783e-17
-8.104628079763643e-15
-8.493206138382448e-15
1.1657341758564144e-15
-5.551115123125783e-16
-9.43689570931383e-15
4.385380947269368e-15
1.0269562977782698e-14
-2.4980018054066022e-15
-1.27675647831893e-15
6.38378239159465e-15
1.942890293094024e-15
5.828670879282072e-15
4.551914400963142e-15
8.271161533457416e-15
1.2323475573339238e-14
3.885780586188048e-15
-8.659739592076221e-15
3.1086244689504383e-15
-1.7208456881689926e-15
0.0
2.275957200481571e-15
-2.6645352591003757e-15
-7.827072323607354e-15
-4.996003610813204e-16
6.772360450213455e-15
2.7755575615628914e-16
6.827871601444713e-15
4.052314039881821e-15
1.1213252548714081e-14
-1.1102230246251565e-14
-4.107825191113079e-15
-3.6637359812630166e-15
-6.661338147750939e-16
5.995204332975845e-15
2.4424906541753444e-15
6.217248937900877e-15
6.661338147750939e-15
4.884981308350689e-15
-4.884981308350689e-15
9.992007221626409e-15
-1.099120794378905e-14
4.773959005888173e-15
3.774758283725532e-15
8.215650382226158e-15
-1.687538997430238e-14
9.2148511043888e-15
-3.552713678800501e-15
4.6629367034256575e-15
3.1086244689504383e-15
2.7755575615628914e-15
2.220446049250313e-15
5.88418203051333e-15
-9.992007221626409e-16
5.10702591327572e-15
-3.885780586188048e-15
1.887379141862766e-15
-1.9539925233402755e-14
2.1094237467877974e-15
-3.9968028886505635e-15
2.220446049250313e-15
-7.105427357601002e-15
-3.9968028886505635e-15
-5.773159728050814e-15
-4.440892098500626e-16
3.552713678800501e-15
2.7755575615628914e-15
3.552713678800501e-15
3.3306690738754696e-15
1.1102230246251565e-15
-2.1094237467877974e-15
3.4416913763379853e-15
-7.327471962526033e-15
-8.770761894538737e-15
5.551115123125783e-15
1.1102230246251565e-15
-8.104628079763643e-15
6.328271240363392e-15
3.9968028886505635e-15
-5.218048215738236e-15
1.6653345369377348e-15
8.548717289613705e-15
2.6645352591003757e-15
5.551115123125783e-15
-1.6653345369377348e-15
2.55351295663786e-15
4.107825191113079e-15
8.881784197001252e-16
8.770761894538737e-15
6.328271240363392e-15
1.0103029524088925e-14
-3.885780586188048e-15
