201
0.6821867456917821
0.6801086017143577
0.6780734374435367
0.6760787993050206
0.674122492636164
0.6722025446460362
0.6703171739578992
0.6684647653570066
0.6666438486943107
0.6648530811384841
0.6630912321476148
0.6613571706674662
0.659649854164976
0.6579683191851518
0.6563116731797961
0.6546790874043494
0.6530697907172486
0.6514830641444979
0.6499182360977478
0.6483746781515543
0.6468518013022378
0.6453490526425043
0.6438659123968995
0.6424018912712233
0.6409565280761211
0.6395293875909559
0.6381200586392874
0.6367281523502832
0.6353533005850232
0.6339951545090434
0.632653383294631
0.6313276729389403
0.6300177251855743
0.6287232565389369
0.6274439973615182
0.6261796910463335
0.6249300932564541
0.6236949712258155
0.6224741031149932
0.6212672774169239
0.620074292408161
0.6188949556414585
0.617729083476124
0.616576500642445
0.6154370398381204
0.6143105413529735
0.6131968527206397
0.6120958283940298
0.6110073294436965
0.6099312232765606
0.608867383373486
0.6078156890448465
0.6067760252020641
0.6057482821444397
0.6047323553598917
0.6037281453386608
0.6027355573991362
0.6017545015252987
0.600784892214123
0.5998266483333027
0.5988796929879193
0.5979439533959588
0.5970193607716627
0.5961058502166756
0.5952033606183591
0.5943118345546117
0.5934312182053957
0.592561461269966
0.5917025168900282
0.590854341577923
0.5900168951505773
0.5891901406674437
0.5883740443737738
0.5875685756480472
0.5867737069535202
0.5859894137940128
0.5852156746732469
0.5844524710582926
0.5836997873463311
0.582957610834734
0.5822259316948344
0.5815047429485922
0.5807940404484468
0.58009382286028
0.5794040916492007
0.57872485106823
0.5780561081497871
0.5773978727000673
0.5767501572956647
0.5761129772833936
0.5754863507823316
0.5748702986885328
0.5742648446823261
0.5736700152380235
0.5730858396363482
0.5725123499790421
0.5719495812061762
0.5713975711158701
0.570856360386548
0.5703259926015337
0.5698065142762734
0.569297974888175
0.5688004269086865
0.5683139258381629
0.5678385302433278
0.5673743017972475
0.5669213053220928
0.5664796088344894
0.566049283593663
0.5656304041525964
0.5652230484116197
0.5648272976753926
0.5644432367126276
0.5640709538189081
0.5637105408827292
0.5633620934546149
0.563025710819874
0.5627014960743748
0.5623895562039709
0.5620900021678295
0.5618029489849956
0.5615285158251523
0.5612668261032273
0.5610180075781022
0.5607821924555509
0.5605595174956934
0.5603501241247297
0.5601541585516301
0.5599717718895245
0.5598031202822821
0.5596483650361663
0.5595076727570393
0.5593812154932551
0.5592691708842055
0.5591717223151709
0.5590890590784923
0.559021376541177
0.5589688763193781
0.5589317664603567
0.5589102616312537
0.5589045833161372
0.558914960020918
0.5589416274865486
0.5589848289112989
0.559044815181595
0.5591218451132309
0.5592161857016996
0.5593281123834376
0.5594579093076908
0.5596058696197248
0.5597722957560303
0.5599574997514755
0.5601618035600013
0.5603855393883244
0.560629050043834
0.5608926892976198
0.5611768222624136
0.5614818257873391
0.5618080888689887
0.562156013080754
0.5625260130202911
0.5629185167768547
0.56333396641864
0.5637728185016829
0.5642355446012426
0.5647226318661173
0.5652345835983478
0.5657719198580227
0.5663351780954189
0.5669249138114058
0.5675417012476431
0.5681861341079799
0.5688588263125474
0.5695604127861482
0.5702915502827697
0.5710529182477992
0.571845219720143
0.5726691822755187
0.5735255590141355
0.5744151295934435
0.5753387013096586
0.5762971102292098
0.5772912223737259
0.5783219349599968
0.5793901776984942
0.5804969141530839
0.581643143164213
0.5828299003399747
0.5840582596166329
0.5853293348933061
0.586644281743305
0.5880042992060877
0.5894106316631357
0.590864570802038
0.5923674576717316
0.5939206848335166
0.5955256986114927
0.5971840014456754
0.5988971543531817
0.6006667794994427
0.6024945628846512
