201
0.009392271216251512
0.012396108319151123
0.016345975012178826
0.021622890483057194
0.028819746007574712
0.038896571396143
0.05348171376778295
0.07549018813167249
0.11047029024102281
0.1696772538832268
0.27692430251695577
0.47800011079480476
0.7930088613623619
0.9309579349140908
0.6596213569649502
0.38480457212285746
0.22917647319758666
0.14525431111413006
0.09731054412065078
0.06800121499311977
0.048999080908670514
0.03607608286468132
0.026944885626806723
0.02029416702169652
0.015333349121175349
0.011564818698207718
0.008663599145972343
0.006410626488837463
0.004654134422777816
0.003286451027438627
0.002229586570056183
0.0014260152937819012
0.0008326234979650253
0.0004166425740187035
0.00015285806080137237
2.165776776039824e-05
7.64306892102154e-06
9.862529996798545e-05
0.000284890010959691
0.0005586504488355274
0.00091363665088127
0.0013447830145686458
0.0018479882550887974
0.002419929179014697
0.003057914889409923
0.003759771665811365
0.004523751330005602
0.005348457748099471
0.006232787450164769
0.0071758813221514586
0.008177085043119807
0.0092359164761331
0.010352038622736133
0.011525237055264821
0.012755400973250664
0.014042507208966359
0.015386606643867474
0.01678781260692892
0.018246290907462874
0.019762251224046682
0.021335939621759715
0.022967632011858218
0.024657628402987998
0.026406247818189982
0.02821382377478981
0.030080700241951485
0.03200722800467966
0.03399376137467651
0.03604065519975641
0.03814826212904695
0.04031693010026986
0.04254700001949848
0.044838803608584034
0.04719266140025888
0.049608880862987384
0.05208775464078953
0.054629558896397784
0.05723455174663732
0.05990297178195123
0.0626350366625745
0.06543094178508185
0.06829085901542152
0.07121493548268393
0.07420329243230774
0.0772560241346089
0.08037319684686227
0.08355484782862073
0.08680098440726178
0.09011158309453085
0.0934865887532738
0.09692591381325914
0.10042943753752204
0.10399700533850265
0.10762842814527648
0.11132348182078496
0.11508190663094103
0.11890340676714627
0.1227876499198997
0.1267342669071988
0.13074285135717725
0.1348129594460484
0.13894410969117701
0.14313578280198688
0.14738742158654444
0.1516984309175512
0.15606817775480936
0.1604959912277379
0.16498116277585925
0.16952294634892903
0.17412055866678292
0.17877317953692715
0.18347995223292182
0.18823998393052951
0.19305234620229594
0.19791607557068283
0.20283017411807627
0.20779361015271455
0.21280531893108762
0.21786420343353727
0.22296913519386966
0.22811895518069003
0.23331247472821787
0.23854847651632854
0.24382571559742625
0.24914292046791361
0.25449879418289933
0.25989201551132446
0.2653212401295762
0.27078510185207927
0.276282213893805
0.28181117016587554
0.28737054659819106
0.2929589024895004
0.2985747818779098
0.3042167149342809
0.3098832193724507
0.31557280187150805
0.32128395951342364
0.3270151812266761
0.3327649492361246
0.3385317405157599
0.34431402824139334
0.35011028324058624
0.35591897543445034
0.36173857527453107
0.36756755516382245
0.37340439086660554
0.37924756290021755
0.38509555790662875
0.39094687000295214
0.3968000021072811
0.40265346723770706
0.40850578978202995
0.41435550673703053
0.42020116891448606
0.42604134211245803
0.4318746082491481
0.43769956645979374
0.4435148341537233
0.44931904802841466
0.45511086504439624
0.46088896335367546
0.4666520431865416
0.472398827691198
0.4781280637285356
0.4838385226206139
0.4895290008516708
0.49519832072188164
0.5008453309558912
0.506468907260622
0.5120679528384132
0.5176413988519785
0.5231882048429493
0.5287073591034129
0.5341978790021937
0.5396588112646813
0.5450892322103762
0.5504882479428139
0.5558549945002859
0.5611886379614368
0.5664883745122412
0.5717534304703672
0.5769830622728342
0.5821765564245929
0.5873332294114785
0.5924524275759231
0.5975335269618905
0.6025759331243514
0.6075790809085496
0.6125424341996245
0.6174654856431403
0.6223477563385427
0.6271887955079278
0.6319881801387
0.6367455146050562
0.6414604302673245
0.6461325850510151
0.650761663007862
0.6553473738587476
0.6598894525217394
0.6643876586244654
