201
0.6179056394731038
0.6174482839724802
0.617001827997246
0.6165663732454838
0.6161420247739624
0.6157288910816581
0.6153270841969882
0.6149367197680645
0.6145579171564209
0.614190799534807
0.6138354939881806
0.6134921316189025
0.6131608476560366
0.6128417815688261
0.6125350771844151
0.6122408828104531
0.6119593513621593
0.6116906404945469
0.6114349127397491
0.6111923356496852
0.6109630819444791
0.6107473296664505
0.6105452623405947
0.6103570691409539
0.6101829450640297
0.6100230911089105
0.6098777144644858
0.6097470287047416
0.6096312539910227
0.6095306172836367
0.6094453525608701
0.6093757010480354
0.6093219114551274
0.6092842402248692
0.6092629517904863
0.6092583188446998
0.6092706226196783
0.609300153178714
0.6093472097204822
0.6094121008959482
0.6094951451387669
0.609596671010129
0.6097170175579478
0.6098565346920702
0.6100155835753817
0.6101945370324333
0.6103937799752763
0.6106137098490814
0.6108547370964067
0.6111172856431007
0.6114017934052325
0.6117087128192723
0.6120385113959727
0.6123916722996526
0.6127686949536372
0.6131700956736583
0.613596408330423
0.6140481850428665
0.6145259969035295
0.6150304347381044
0.6155621099003133
0.6161216551047093
0.6167097252984978
0.6173269985750762
0.6179741771312819
0.6186519882704319
0.6193611854537147
0.6201025494023671
0.6208768892536354
0.6216850437723669
0.6225278826226127
0.6234063077008886
0.6243212545350403
0.6252736937521377
0.6262646326188678
0.6272951166575544
0.6283662313428027
0.6294791038815566
0.6306349050817288
0.6318348513133752
0.6330802065665564
0.6343722846112996
0.6357124512639303
0.6371021267645495
0.6385427882714448
0.640035972476124
0.6415832783456138
0.6431863699959448
0.6448469797023749
0.6465669110508101
0.6483480422356023
0.6501923295070804
0.6521018107737675
0.6540786093614172
0.6561249379314937
0.6582431025606423
0.6604355069811276
0.6627046569794584
0.6650531649507462
0.6674837546016952
0.6699992657924936
0.6726026595045078
0.6752970229161425
0.6780855745616525
0.6809716695442811
0.6839588047631441
0.6870506241060129
0.6902509235462913
0.6935636560693964
0.6969929363356588
0.7005430449654471
0.7042184323087765
0.7080237215298668
0.7119637108024574
0.7160433743676401
0.7202678621547953
0.724642497604358
0.7291727732567812
0.7338643435822201
0.7387230144218274
0.743754728281052
0.7489655445648272
0.7543616136610034
0.7599491435614872
0.765734357448169
0.7717234403595377
0.7779224726830241
0.7843373477734306
0.7909736704725193
0.7978366326770561
0.804930861365265
0.812260233615502
0.8198276521294374
0.8276347735732289
0.835681680667796
0.8439664873695496
0.8524848646816756
0.8612294726364018
0.8701892818038051
0.8793487653944471
0.8886869407306137
0.8981762367715793
0.9077811627906842
0.9174567526816975
0.9271467604149639
0.9367815858219976
0.9462759175432057
0.9555260934206162
0.9644072002418403
0.9727699674646417
0.980437556814727
0.9872024150934229
0.9928234443909459
0.9970238538687495
0.9994901886146358
0.9998731759186861
0.9977911700983103
0.9928370825828651
0.9845897067703301
0.9726302235616607
0.9565643311177546
0.9360498181245788
0.9108284705840551
0.8807600249669785
0.845854630023628
0.8062992583197184
0.7624731045623835
0.7149475820326312
0.6644682527445471
0.611918735480184
0.5582697812078938
0.5045194834931358
0.45163221655084673
0.40048390477972334
0.35181967337279246
0.3062273309000486
0.2641272553002828
0.22577680635583883
0.1912858116493048
0.16063907367997504
0.13372205944358825
0.11034666229005735
0.09027486362771604
0.07323903471293584
0.05895836937196452
0.04715147629186054
0.037545492521262394
0.02988224655003558
0.023922047419479106
0.019445649675305852
0.01625487726485404
0.014172306931689596
0.013040328515235323
0.012719824182572307
0.013088644703613051
0.014040009217577691
0.015480914716705551
0.017330611129441148
0.019519175644867902
0.021986204071979973
0.024679626075138014
