201
5.551115123125783e-15
5.10702591327572e-15
-1.6653345369377348e-15
-2.0539125955565396e-15
3.2751579226442118e-15
2.275957200481571e-15
2.7755575615628914e-16
-4.996003610813204e-16
1.9984014443252818e-15
-3.7192471324942744e-15
2.7200464103316335e-15
-4.551914400963142e-15
1.1102230246251565e-15
-2.886579864025407e-15
2.886579864025407e-15
-1.4432899320127035e-15
1.1102230246251565e-16
-3.885780586188048e-15
4.718447854656915e-15
-1.1102230246251565e-15
2.4980018054066022e-15
2.4980018054066022e-15
-1.0547118733938987e-15
1.5543122344752192e-15
6.2727600891321345e-15
-3.219646771412954e-15
9.43689570931383e-16
-3.3861802251067274e-15
-1.5543122344752192e-15
3.774758283725532e-15
-4.440892098500626e-16
5.6066262743570405e-15
1.1102230246251565e-16
5.551115123125783e-16
-4.884981308350689e-15
-1.9984014443252818e-15
8.326672684688674e-16
-5.9396931817445875e-15
-1.6653345369377348e-16
8.326672684688674e-16
-1.3322676295501878e-15
5.218048215738236e-15
2.220446049250313e-16
-1.2212453270876722e-15
-6.661338147750939e-16
1.1102230246251565e-16
-1.9984014443252818e-15
4.773959005888173e-15
3.3306690738754696e-16
1.3877787807814457e-15
4.218847493575595e-15
5.2735593669694936e-15
-1.7763568394002505e-15
8.881784197001252e-16
6.106226635438361e-16
7.771561172376096e-16
2.886579864025407e-15
-2.1649348980190553e-15
-2.886579864025407e-15
1.6653345369377348e-15
-1.1102230246251565e-15
1.6653345369377348e-15
1.0547118733938987e-15
2.9976021664879227e-15
-4.052314039881821e-15
-2.220446049250313e-15
3.774758283725532e-15
-5.551115123125783e-17
2.6645352591003757e-15
-3.164135620181696e-15
4.884981308350689e-15
1.7763568394002505e-15
8.881784197001252e-16
-2.3314683517128287e-15
5.551115123125783e-16
-6.106226635438361e-16
2.3314683517128287e-15
4.9404924595819466e-15
-3.2751579226442118e-15
-7.771561172376096e-16
4.274358644806853e-15
2.3314683517128287e-15
-7.771561172376096e-16
-2.3314683517128287e-15
4.884981308350689e-15
4.440892098500626e-16
-1.5543122344752192e-15
-4.496403249731884e-15
-1.5543122344752192e-15
-9.992007221626409e-16
-2.1094237467877974e-15
-1.6653345369377348e-16
2.886579864025407e-15
4.218847493575595e-15
1.3877787807814457e-15
-4.9960036108132044e-15
2.1649348980190553e-15
2.3314683517128287e-15
-3.885780586188048e-16
-2.1094237467877974e-15
2.220446049250313e-15
4.440892098500626e-16
2.4424906541753444e-15
-3.3306690738754696e-16
2.9976021664879227e-15
-1.4432899320127035e-15
1.7763568394002505e-15
-2.6645352591003757e-15
1.6653345369377348e-16
-4.884981308350689e-15
-6.161737786669619e-15
6.661338147750939e-16
-2.4424906541753444e-15
-1.3877787807814457e-15
1.4988010832439613e-15
3.608224830031759e-15
-7.216449660063518e-16
-4.884981308350689e-15
-1.5543122344752192e-15
1.4432899320127035e-15
-2.4980018054066022e-15
5.551115123125783e-16
-6.8833827526759706e-15
7.771561172376096e-16
-4.996003610813204e-16
-1.7208456881689926e-15
2.6645352591003757e-15
5.551115123125783e-15
1.3877787807814457e-15
3.1086244689504383e-15
-2.7755575615628914e-16
6.716849298982197e-15
-2.7755575615628914e-15
-3.552713678800501e-15
1.1657341758564144e-15
-1.27675647831893e-15
3.9968028886505635e-15
-5.051514762044462e-15
1.1546319456101628e-14
-2.220446049250313e-16
-4.218847493575595e-15
-3.9968028886505635e-15
3.6637359812630166e-15
-3.5860203695392556e-14
-9.325873406851315e-15
-8.992806499463768e-15
-2.220446049250313e-16
-1.7208456881689926e-15
3.2751579226442118e-15
-6.938893903907228e-15
0.0
2.7200464103316335e-15
5.440092820663267e-15
-6.050715484207103e-15
5.2735593669694936e-15
3.1086244689504383e-15
-6.106226635438361e-16
-5.88418203051333e-15
-4.440892098500626e-16
2.0539125955565396e-15
-1.5543122344752192e-15
-1.887379141862766e-15
2.55351295663786e-15
1.2212453270876722e-15
-7.771561172376096e-16
-7.771561172376096e-16
3.7192471324942744e-15
-3.83026943495679e-15
7.216449660063518e-16
-4.052314039881821e-15
-5.717648576819556e-15
-2.831068712794149e-15
6.661338147750939e-16
-1.2212453270876722e-15
3.885780586188048e-15
2.7755575615628914e-15
-1.1657341758564144e-15
0.0
3.552713678800501e-15
-3.3306690738754696e-16
1.3322676295501878e-15
4.496403249731884e-15
1.4432899320127035e-15
3.885780586188048e-16
-2.4424906541753444e-15
4.440892098500626e-16
8.604228440844963e-15
4.440892098500626e-16
3.164135620181696e-15
-6.8833827526759706e-15
2.220446049250313e-16
-5.440092820663267e-15
-6.494804694057166e-15
9.992007221626409e-16
1.3322676295501878e-15
-9.992007221626409e-16
-8.881784197001252e-16
1.1102230246251565e-15
-3.552713678800501e-15
6.661338147750939e-16
2.220446049250313e-15
