201
0.03524208808231666
0.03546048952289139
0.0356918194105455
0.035936312593093406
0.03619420727695551
0.03646574505559992
0.036751170937514906
0.0370507333736832
0.03736468428457662
0.03769327908658914
0.03803677671788282
0.038395439663649285
0.03876953398066049
0.039159329321190275
0.039565098956178206
0.03998711979761521
0.04042567242012877
0.04088104108173517
0.041353513743668885
0.041843382089277945
0.04235094154197693
0.04287649128215104
0.04342033426294295
0.043982777225001164
0.04456413071004337
0.045164709073151406
0.045784830493873246
0.04642481698601758
0.047084994406047145
0.04776569246010414
0.04846724470950769
0.049189988574879565
0.04993426533856314
0.05070042014556042
0.051488802002677796
0.05229976377613776
0.05313366218722757
0.053990857806241674
0.05487171504471667
0.05577660214533679
0.05670589117039954
0.05765995798783733
0.058639182255390374
0.05964394740280415
0.06067464061149801
0.06173165279249601
0.06281537856170964
0.06392621621332772
0.06506456769063267
0.06623083855452065
0.06742543794982446
0.06864877856892887
0.06990127661331796
0.07118335175223349
0.07249542707929572
0.0738379290662757
0.07521128751462218
0.07661593550429538
0.07805230934026376
0.07952084849621131
0.08102199555603384
0.08255619615274885
0.08412389890487665
0.08572555535036047
0.08736161987831849
0.08903254965805618
0.0907388045662343
0.09248084711122855
0.0942591423559868
0.09607415783802249
0.09792636348814554
0.09981623154672682
0.10174423647853612
0.10371085488559685
0.10571656541879797
0.10776184868793454
0.10984718717067764
0.1119730651201963
0.11413996847245095
0.11634838475231112
0.11859880297980266
0.12089171357550527
0.12322760826680894
0.1256069799939228
0.1280303228170012
0.13049813182418407
0.13301090304033092
0.1355691333386441
0.1381733203534681
0.1408239623956049
0.14352155837100994
0.146266607702769
0.1490596102561177
0.15190106626916136
0.15479147628721088
0.15773134110314782
0.1607211617036121
0.1637614392221644
0.1668526748987802
0.16999537004805024
0.17319002603559125
0.17643714426351934
0.17973722616646112
0.1830907732173181
0.18649828694573345
0.18996026896766327
0.19347722102904413
0.19704964506246203
0.20067804325966376
0.2043629181585857
0.20810477274789324
0.21190411058804764
0.21576143595167882
0.21967725398218996
0.22365207087284017
0.2276863940668584
0.23178073247920816
0.23593559674103365
0.24015149946722764
0.2444289555486396
0.24876848246855093
0.2531706006451561
0.2576358337995486
0.26216470935044156
0.2667577588350766
0.271415518358044
0.2761385290656696
0.28092733764797917
0.2857824968671759
0.29070456611061024
0.29569411196988377
0.3007517088420487
0.30587793955352616
0.31107339600334966
0.31633867982304853
0.32167440305180817
0.32708118882037274
0.3325596720416881
0.33811050010187926
0.34373433354581406
0.34943184674965255
0.3552037285734858
0.36105068298213483
0.3669734296264813
0.3729727043704407
0.3790492597504134
0.3852038653508849
0.3914373080792505
0.39775039231702775
0.40414393992687514
0.4106187900882811
0.41717579893230095
0.42381583894405184
0.43053979809613885
0.4373485786721634
0.44424309573565907
0.45122427519525155
0.4582930514095021
0.46545036427160125
0.4726971557077757
0.4800343655131347
0.4874629264481829
0.4949837585063514
0.5025977622577997
0.5103058111670554
0.518108742774147
0.5260073486197323
0.5340023627894025
0.5420944489430892
0.5502841856882987
0.5585720501542591
0.5669583996147329
0.5754434510079522
0.5840272582015179
0.5927096868539865
0.6014903867306174
0.6103687613429661
0.6193439348022705
0.6284147157978266
0.6375795586462099
0.6468365214004921
0.6561832210596495
0.6656167859868742
0.6751338057229297
0.6847302784745058
0.6944015566714283
0.704142291108306
0.7139463743350463
0.7238068841178651
0.7337160279692259
0.7436650899308788
0.7536443809934787
0.7636431947344193
0.7736497699478384
0.7836512622308359
0.7936337266385423
0.8035821136490182
0.8134802807424784
0.8233110219035704
0.8330561172674612
0.842696404950081
