201
0.3260233583721542
0.3227803923859237
0.31967361387133525
0.3166942732973609
0.3138345097748131
0.3110872258933136
0.3084459846334917
0.3059049237534701
0.30345868414214466
0.30110234943750225
0.2988313948050717
0.2966416432234681
0.29452922796522174
0.29249056022536774
0.2905223010532122
0.28862133690287267
0.28678475824278554
0.2850098407656044
0.28329402881786236
0.28163492073402263
0.2800302558116058
0.27847790270514994
0.27697584905295675
0.27552219217796625
0.27411513072809784
0.27275295714114595
0.2714340508354953
0.2701568720416613
0.2689199562014873
0.2677219088711008
0.2665614010729004
0.26543716504774484
0.26434799036578144
0.26329272035858453
0.26227024884025335
0.2612795170889161
0.2603195110629354
0.25938925882998276
0.2584878281885923
0.25761432446439636
0.25676788846586146
0.25594769458464994
0.25515294902846564
0.25438288817469035
0.25363677703503507
0.2529139078213214
0.25221359860504433
0.2515351920623687
0.2508780542981107
0.25024157374281025
0.2496251601170273
0.2490282434575204
0.24845027320145846
0.24789071732358925
0.2473490615231645
0.24682480845709245
0.24631747701518317
0.24582660163557957
0.24535173165780283
0.2448924307095734
0.24444827612620892
0.24401885840052107
0.24360378066119098
0.2432026581761515
0.24281511788296964
0.2424407979405513
0.24207934730413166
0.2417304253191824
0.24139370133709476
0.24106885434575362
0.24075557262030808
0.2404535533879469
0.24016250250906102
0.2398821341721312
0.23961217060250786
0.239352341783538
0.23910238519054267
0.23886204553544108
0.23863107452320523
0.23840923061734567
0.23819627881611852
0.23799199043790809
0.23779614291473936
0.23760851959522214
0.2374289095534233
0.2372571074085121
0.23709291314789896
0.23693613196049326
0.23678657408269188
0.23664405459841759
0.23650839338045568
0.23637941485332997
0.2362569479018995
0.23614082572965087
0.23603088572809536
0.23592696935336654
0.2358289220084023
0.2357365929240659
0.23564983505096468
0.235568504951596
0.23549246269651802
0.23542157176414708
0.23535569894477498
0.23529471424713946
0.23523849080884288
0.23518690480821575
0.23513983538169564
0.23509716454140495
0.23505877709668255
0.23502456057859483
0.23499440516576348
0.23496820361328563
0.23494585118385258
0.23492724558106534
0.23491228688443813
0.2349008774871686
0.23489292203550752
0.2348883273695637
0.2348870024668691
0.2348888583866725
0.2348938082166472
0.23490176702118398
0.23491265179048526
0.23492638139233213
0.23494287652417206
0.2349620596675288
0.23498385504304742
0.23500818856745034
0.23503498781112914
0.23506418195773512
0.23509570176399824
0.23512947952155203
0.23516544901938544
0.23520354550735048
0.23524370566093933
0.23528586754695066
0.23532997058981545
0.2353759555394283
0.23542376443939556
0.23547334059633337
0.2355246285501004
0.23557757404459212
0.23563212399950922
0.23568822648288476
0.23574583068431734
0.23580488688884949
0.23586534645168916
0.23592716177346781
0.2359902862761611
0.23605467437982322
0.2361202814796196
0.23618706392369798
0.23625497899169717
0.23632398487339465
0.23639404064842293
0.2364651062661734
0.2365371425263189
0.23661011105981408
0.23668397431041172
0.23675869551656667
0.2368342386938136
0.23691056861784265
0.23698765080736797
0.23706545150824382
0.23714393767725284
0.23722307696670974
0.23730283770936036
0.23738318890351862
0.23746410019868686
0.23754554188165813
0.23762748486259092
0.23770990066164457
0.23779276139607514
0.2378760397673205
0.23795970904871505
0.23804374307314216
0.2381281162213097
0.2382128034102207
0.2382977800816786
0.2383830221913665
0.23846850619807625
0.23855420905315827
0.2386401081901821
0.23872618151492764
0.2388124073955669
0.23889876465307164
0.23898523255182427
0.2390717907905167
0.23915841949312033
0.23924509920021858
0.2393318108603297
0.23941853582181766
0.23950525582440235
0.23959195299143204
0.23967860982192637
0.2397652091830562
0.2398517343026027
0.23993816876171806
0.2400244964877955
0.2401107017474266
0.2401967691397089
