201
0.06879157291688631
0.06777021379279602
0.0667965649365302
0.06587020661032127
0.06499081151168148
0.06415815016936728
0.06337209738677818
0.06263263990565027
0.06193988549445085
0.06129407371453798
0.06069558866774513
0.060144974100902845
0.05964295132442026
0.0591904405149986
0.05878858610640661
0.058438787148752065
0.05814273374401419
0.05790245095651324
0.05772035198222267
0.05759930286169215
0.05754270169368698
0.0575545761995191
0.05763970470263887
0.05780376724259049
0.05805353583112793
0.058397116054318646
0.05884425675096555
0.059406750983308616
0.06009896096625576
0.060938513580635456
0.06194723410052276
0.06315241794909496
0.06458859062858974
0.06629998647499588
0.06834410887848547
0.07079695703435188
0.07376089075504097
0.07737679984764192
0.08184354365199567
0.08745016409615312
0.09463158951896151
0.10406990021495091
0.1168896776822252
0.13506262426376894
0.16232062007952697
0.20643739661662375
0.2855997923568061
0.44712742504870195
0.7878510275748927
0.9427896970670553
0.3879821113325288
0.1278223835681953
0.04839844712565519
0.021417289564563458
0.011526916736899574
0.008073584021680192
0.007301423877945641
0.007711511072454805
0.008649484021704979
0.00981151003283903
0.011051155133057513
0.012296973471096527
0.013514822172614249
0.014689658580574368
0.0158163615427508
0.016894948039594508
0.01792802061061217
0.018919385510846157
0.0198733018557148
0.02079407780798959
0.021685860298611984
0.022552533408470063
0.023397677648513433
0.024224562901250708
0.025036159364775677
0.025835157477401317
0.026623991648332825
0.02740486487358472
0.02817977264176061
0.028950525311936322
0.029718768600272352
0.030486002074054917
0.03125359569566766
0.03202280453571147
0.0327947818097184
0.033570590404233734
0.03435121305436791
0.03513756132905692
0.035930483562661736
0.03673077186182208
0.03753916830023931
0.0383563704006651
0.03918303599296153
0.0400197875243492
0.04086721588796838
0.04172588383066084
0.04259632898820363
0.043479066593764104
0.04437459189871383
0.04528338233770614
0.04620589946914744
0.04714259071602156
0.048093890929991744
0.0490602237971693
0.050042003104760396
0.05103963388142617
0.0520535134277905
0.05308403224503469
0.05413157487461838
0.05519652065746345
0.05627924442031607
0.05738011709687011
0.05849950628934798
0.05963777677665291
0.0607952909745951
0.06197240935056145
0.06316949079857978
0.06438689297875443
0.06562497262017569
0.06688408579579389
0.06816458816752759
0.0694668352047014
0.0707911823794631
0.07213798533898097
0.07350760005617347
0.07490038296275413
0.07631669106201772
0.07775688202594218
0.07922131427569429
0.08071034704696595
0.08222434044125283
0.08376365546347789
0.0853286540455353
0.08691969906040478
0.08853715431956026
0.09018138456476334
0.09185275544473998
0.09355163348055696
0.09527838602541217
0.09703338121012899
0.09881698788005541
0.10062957552290658
0.1024715141865714
0.104343174387103
0.1062449270115052
0.10817714320263369
0.11014019424961514
0.11213445144823972
0.1141602859961007
0.11621806879089039
0.11830817034027673
0.12043096056117576
0.12258680862691493
0.12477608277957289
0.1269991501524893
0.12925637656912317
0.1315481263410667
0.13387476205544166
0.13623664435691088
0.13863413171780237
0.1410675802013791
0.14353734321528913
0.14604377126124077
0.14858721167015562
0.15116800833370198
0.15378650142532052
0.15644302711485247
0.15913791727198837
0.16187149916655597
0.1646440951552329
0.16745602236407878
0.17030759236286885
0.1731991108294982
0.17613087720971304
0.1791031843668015
0.18211631822563482
0.18517055740803148
0.18826617286284852
0.1914034274878089
0.19458257574422738
0.197803863267668
0.20106752646939471
0.20437379213415655
0.20772287701026132
0.21111498739687357
0.2145503187229637
0.2180290551242752
0.22155136901447006
0.225117420651685
0.22872735770349267
0.23238131480596824
0.23607941312236883
0.23982175989736917
0.24360844801147297
0.2474395555319324
0.2513151452646852
0.25523526430483573
0.2591999435879062
0.2632091974419639
0.26726302314152744
0.2713614004623675
