201
0.6739766416278579
0.677219607614082
0.6803263861286711
0.683305726702637
0.6861654902251827
0.6889127741066838
0.6915540153664996
0.6940950762465284
0.6965413158578512
0.6988976505624966
0.7011686051949194
0.7033583567765361
0.7054707720347753
0.7075094397746318
0.7094776989468079
0.7113786630971353
0.7132152417572091
0.7149901592343988
0.7167059711821426
0.7183650792659868
0.7199697441883934
0.721522097294838
0.7230241509470474
0.7244778078220425
0.7258848692719012
0.7272470428588481
0.728565949164505
0.7298431279583283
0.7310800437985052
0.7322780911288828
0.7334385989271097
0.7345628349522708
0.735652009634194
0.7367072796414189
0.7377297511597357
0.7387204829110992
0.739680488937056
0.7406107411700202
0.7415121718114195
0.7423856755356044
0.7432321115341464
0.7440523054153432
0.7448470509715454
0.7456171118253034
0.7463632229649587
0.7470860921786454
0.7477864013949654
0.7484648079376366
0.749121945701885
0.7497584262571877
0.7503748398829581
0.7509717565424704
0.7515497267985385
0.7521092826764099
0.7526509384768435
0.7531751915428988
0.7536825229848346
0.7541733983644319
0.7546482683421857
0.7551075692904398
0.7555517238738033
0.7559811415994511
0.7563962193388001
0.7567973418238435
0.7571848821170383
0.757559202059419
0.7579206526958754
0.7582695746808035
0.7586062986628983
0.7589311456542477
0.7592444273797052
0.759546446612033
0.7598374974909634
0.7601178658278195
0.7603878293975279
0.7606476582164718
0.7608976148094593
0.76113795446456
0.7613689254768183
0.7615907693827092
0.7618037211838831
0.7620080095620869
0.7622038570852923
0.76239148040477
0.7625710904468244
0.7627428925915768
0.762907086851654
0.7630638680388101
0.7632134259254189
0.7633559454013819
0.7634916066192633
0.7636205851467787
0.7637430520980711
0.7638591742702765
0.7639691142719152
0.7640730306465207
0.7641710779915504
0.76426340707591
0.7643501649490368
0.7644314950483785
0.7645075373034733
0.764578428235867
0.7646443010552337
0.764705285752825
0.764761509191181
0.764813095191792
0.7648601646182723
0.7649028354586092
0.764941222903317
0.7649754394213985
0.7650055948342093
0.7650317963867067
0.7650541488161502
0.7650727544189222
0.7650877131155696
0.7650991225128317
0.7651070779644903
0.7651116726304381
0.7651129975331081
0.7651111416133276
0.7651061917833479
0.7650982329788134
0.7650873482095213
0.7650736186076622
0.7650571234758403
0.7650379403324743
0.7650161449569444
0.7649918114325678
0.7649650121888508
0.7649358180422635
0.7649042982360109
0.7648705204784587
0.7648345509806134
0.7647964544926553
0.7647562943390617
0.7647141324530459
0.7646700294101934
0.7646240444605907
0.7645762355606085
0.7645266594036679
0.7644753714498895
0.7644224259553953
0.7643678760005
0.7643117735171197
0.7642541693156827
0.764195113111154
0.7641346535483126
0.7640728382265368
0.7640097137238431
0.7639453256201822
0.763879718520381
0.7638129360763077
0.7637450210083131
0.7636760151265994
0.7636059593515729
0.7635348937338247
0.7634628574736733
0.7633898889401949
0.7633160256895877
0.763241304483429
0.7631657613061813
0.7630894313821694
0.7630123491926344
0.7629345484917556
0.762856062322748
0.7627769230332802
0.7626971622906401
0.762616811096479
0.7625358998013108
0.7624544581183289
0.7623725151374108
0.7622900993383642
0.7622072386039251
0.7621239602326862
0.7620402909512859
0.7619562569268612
0.7618718837786855
0.7617871965897823
0.7617022199183229
0.7616169778086361
0.7615314938019194
0.7614457909468355
0.7613598918098184
0.7612738184850708
0.7611875926044388
0.7611012353469295
0.7610147674481776
0.760928209209482
0.7608415805068808
0.7607549007997834
0.760668189139674
0.7605814641781825
0.7604947441755998
0.760408047008571
0.760321390178073
0.7602347908169395
0.7601482656973952
0.7600618312382782
0.7599755035121988
0.7598892982525696
0.7598032308602967
