201
0.042157709697113195
0.040613375275792125
0.03914244559729922
0.03776058553073164
0.03648727274090734
0.03534664311728729
0.03436856446615141
0.03359000225391663
0.03305676155371211
0.03282571632543461
0.03296767296780438
0.03357106255666641
0.0347467188266749
0.03663408078390377
0.039409263799872495
0.04329557338554704
0.04857718833306525
0.055616897479597305
0.06487888869420018
0.07695754524307166
0.0926127546688649
0.11281087098526162
0.13876721509525208
0.17197910591221457
0.2142251295787094
0.26748334801579443
0.3336874906383885
0.4142067496091786
0.5089441920872048
0.6150953699789422
0.7259980516796456
0.8310386040354433
0.9176535966212164
0.9752814037394155
0.9991709215331289
0.9915048852919017
0.9593853015424938
0.9115356235851223
0.855743316446699
0.7977447929203959
0.741193347009625
0.6881093468963775
0.639406562752242
0.5953221338812089
0.5557160570855304
0.5202610048040697
0.4885547232431081
0.4601825926892143
0.4347499295124256
0.41189671542158357
0.39130254381711427
0.37268639611421694
0.35580390059623457
0.34044355454040875
0.32642270570358345
0.31358369705543027
0.3017903587272702
0.29092491122785447
0.28088528134827306
0.271582801845355
0.2629402534819889
0.2548902050140389
0.24737360853118331
0.24033861155675856
0.233739552058979
0.22753610728710386
0.2216925717450956
0.21617724352719644
0.2109619016141111
0.20602135960062046
0.20133308373922085
0.19687686520285802
0.1926345381479231
0.18858973654999067
0.18472768394149008
0.18103501113418943
0.17749959780462307
0.17411043447565547
0.17085750197625343
0.16773166591417263
0.16472458407691615
0.16182862499134107
0.15903679613840135
0.15634268054098818
0.1537403806309733
0.15122446845577944
0.14878994142259902
0.14643218288585158
0.1441469269831953
0.14193022720289591
0.13977842823777126
0.13768814073699193
0.13565621862041324
0.1336797386608602
0.1317559820791521
0.12988241792744756
0.12805668806419618
0.1262765935494188
0.12454008230775294
0.12284523792590417
0.12119026946681113
0.11957350219649834
0.11799336913036494
0.11644840331825905
0.11493723079446054
0.11345856412906939
0.11201119652148596
0.11059399638648784
0.10920590238496888
0.10784591885986508
0.10651311163913822
0.10520660417337141
0.10392557397828488
0.10266924935511991
0.10143690636489278
0.10022786603529879
0.09904149177980312
0.09787718701236299
0.09673439294071072
0.09561258652479765
0.09451127858591404
0.09343001205670452
0.09236836035910395
0.09132592590205416
0.09030233868941138
0.08929725503069086
0.0883103563463266
0.08734134806232076
0.08638995858707951
0.08545593836600118
0.08453905900844569
0.08363911248323427
0.08275591037837429
0.08188928322213378
0.0810390798621174
0.0802051668996039
0.07938742817798367
0.07858576432178421
0.07780009232653966
0.07703034519742832
0.07627647163607887
0.07553843577591082
0.07481621696526694
0.07410980959928812
0.07341922300182013
0.07274448135834123
0.0720856237019644
0.07144270395582887
0.07081579103414222
0.07020496900675444
0.06961033733183732
0.06903201116199764
0.06847012173185871
0.06792481683385392
0.06739626139273461
0.06688463814959761
0.06639014846831524
0.06591301328010819
0.06545347418359257
0.06501179472113236
0.06458826185600802
0.06418318767878568
0.0637969113759091
0.06342980149937584
0.06308225858383841
0.06275471816389935
0.06244765425571806
0.062161583376606204
0.061897069191778176
0.061654727892050544
0.06143523442637669
0.06123932973730336
0.06106782917528143
0.06092163230178528
0.06080173433517563
0.060709239541589397
0.06064537693922758
0.0606115187584107
0.06060920219684615
0.06064015512687264
0.06070632655607689
0.06080992282738666
0.060953450769825814
0.061139769300743
0.06137215134050232
0.06165435836085788
0.06199073047421298
0.06238629572254611
0.06284690318851975
0.06337938580582432
0.06399176037298743
0.0646934744058686
0.06549571227476786
0.06641177678693613
0.06745756733671136
0.06865218239220293
0.07001868306881578
0.0715850667401088
0.07338551633042108
0.07546201391360186
0.07786643908521276
