201
-1.4988010832439613e-14
2.453592884421596e-14
-3.091971123581061e-14
5.040412531798211e-14
-1.6653345369377348e-15
-2.9976021664879227e-15
-1.2456702336294256e-13
5.67323965583455e-14
-1.2656542480726785e-13
7.105427357601002e-15
5.46229728115577e-14
-1.7497114868092467e-13
3.47499806707674e-14
1.7930101847696278e-13
7.105427357601002e-15
2.375877272697835e-14
4.285460875053104e-14
-1.588729148238599e-13
-9.803269307440132e-14
-1.5420997812043424e-13
3.864963904476326e-14
1.473543509433739e-13
-3.827493877395227e-14
-2.4202861936828413e-14
-3.6637359812630166e-15
-3.941291737419306e-15
-4.04121180963557e-14
-5.484501741648273e-14
3.3861802251067274e-14
-1.6431300764452317e-14
-1.1757261830780408e-13
-6.283862319378386e-14
-1.0580425424677742e-13
-1.6653345369377348e-14
5.717648576819556e-14
-4.6407322429331543e-14
1.4654943925052066e-14
-9.525713551283843e-14
-4.3298697960381105e-15
-6.605826996519681e-14
-1.9539925233402755e-14
7.316369732279782e-14
-7.771561172376096e-15
2.0539125955565396e-14
9.103828801926284e-15
3.219646771412954e-14
3.952393967665557e-14
1.4988010832439613e-14
5.995204332975845e-14
-2.3425705819590803e-14
4.451994328746878e-14
3.9968028886505635e-15
-4.196643033083092e-14
3.2862601528904634e-14
-7.87148124459236e-14
1.8318679906315083e-14
1.354472090042691e-14
-5.773159728050814e-15
-2.55351295663786e-15
-7.66053886991358e-15
-9.103828801926284e-15
-5.662137425588298e-15
4.196643033083092e-14
-4.6851411639181606e-14
-9.769962616701378e-15
4.440892098500626e-16
-5.184741524999481e-14
-4.496403249731884e-15
5.440092820663267e-15
-9.492406860545088e-15
1.6153745008296028e-14
1.509903313490213e-14
-1.4488410471358293e-14
3.885780586188048e-15
-8.43769498715119e-15
-8.604228440844963e-15
1.942890293094024e-14
-1.6431300764452317e-14
7.993605777301127e-15
-1.787459069646502e-14
-4.274358644806853e-15
5.384581669432009e-15
4.718447854656915e-15
2.4424906541753444e-15
4.3298697960381105e-15
1.0547118733938987e-14
-8.049116928532385e-15
1.7041923427996153e-14
1.2378986724570495e-14
8.770761894538737e-15
-2.3425705819590803e-14
8.548717289613705e-15
2.8199664825478976e-14
-4.0745185003743245e-14
2.042810365310288e-14
4.7406523151494184e-14
4.440892098500626e-15
-1.7763568394002505e-15
2.2870594307278225e-14
-6.661338147750939e-15
-1.0436096431476471e-13
2.8199664825478976e-14
1.3211653993039363e-14
-2.375877272697835e-14
5.96189764223709e-14
-5.717648576819556e-14
-6.994405055138486e-15
6.677991493120317e-14
7.147060721024445e-14
7.5842110369706e-14
-4.556077737305486e-14
-7.700784454556242e-14
1.469657728847551e-14
-3.329281295094688e-14
-4.8031023602845835e-14
1.341982081015658e-14
-1.2415068972870813e-13
-5.763445276585344e-14
5.6621374255882984e-14
-5.818956427816602e-14
-1.0171030684347215e-13
6.970812815865202e-14
-4.757305660518796e-14
-6.8833827526759706e-15
-2.1381507675499734e-13
-2.5396351688300456e-15
-1.3711254354120683e-14
-1.909306046599113e-13
4.4325654258159375e-14
-4.5852210917018965e-14
-1.3072876114961218e-13
6.658562590189376e-14
-1.5237811012980274e-14
-1.9317880628477724e-14
1.9273471707492718e-13
-3.3928415632544784e-13
1.1746159600534156e-13
8.307798893270046e-13
9.413581025796702e-13
6.282752096353761e-13
1.1934897514720433e-13
-3.497202527569243e-14
-2.4591439995447217e-13
-3.4516833835596117e-13
-3.623767952376511e-13
-1.0744738432322265e-12
-3.503863865716994e-13
2.4965585154745895e-12
-3.646527524381327e-12
-1.3000711618360583e-12
-9.792167077193881e-14
2.1499468871866156e-13
2.298161660974074e-14
1.2734258092450546e-13
-6.999956170261612e-14
-1.0025313912365164e-13
2.525757381022231e-14
6.472600233564663e-14
6.122879980807738e-14
3.852473895449293e-14
3.0225821845419887e-14
1.7819079545233762e-14
3.91631171936524e-14
-8.992806499463768e-15
-1.965094753586527e-14
1.5543122344752192e-15
6.661338147750939e-16
-1.8707257964933888e-14
1.865174681370263e-14
-1.7041923427996153e-14
3.2751579226442118e-15
2.3953061756287752e-14
1.865174681370263e-14
-7.743805596760467e-15
5.578870698741412e-15
4.440892098500626e-15
-5.134781488891349e-15
-5.6066262743570405e-15
3.83026943495679e-15
3.774758283725532e-15
9.825473767932635e-15
1.479372180313021e-14
-5.6066262743570405e-15
-2.4091839634365897e-14
5.190292640122607e-15
3.0253577421035516e-15
2.3037127760972e-15
-1.1324274851176597e-14
-3.0808688933348094e-15
-4.593547764386585e-15
7.632783294297951e-15
6.536438057480609e-15
5.384581669432009e-15
6.938893903907228e-17
-2.0816681711721685e-16
-8.631984016460592e-15
-1.1934897514720433e-15
9.71445146547012e-16
4.3021142204224816e-15
-8.715250743307479e-15
-2.942091015256665e-15
