201
0.5073332525153486
0.5075056853047206
0.5076763349001405
0.5078451891555485
0.5080122360436897
0.5081774636523484
0.5083408601814439
0.5085024139394794
0.5086621133406339
0.5088199469014892
0.5089759032380037
0.5091299710625394
0.5092821391809028
0.5094323964894549
0.509580731972234
0.5097271346982197
0.5098715938185264
0.5100140985638313
0.5101546382415307
0.5102932022333272
0.5104297799925961
0.5105643610418888
0.5106969349704713
0.5108274914318905
0.5109560201416863
0.51108251087485
0.5112069534638513
0.5113293377960829
0.5114496538117004
0.5115678915017319
0.5116840409054797
0.5117980921087639
0.5119100352417874
0.5120198604769982
0.5121275580271377
0.5122331181433566
0.5123365311131827
0.5124377872586783
0.5125368769345529
0.512633790526296
0.5127285184484748
0.5128210511427651
0.5129113790764153
0.5129994927404219
0.513085382647794
0.5131690393319511
0.513250453345094
0.5133296152565087
0.5134065156510154
0.5134811451274661
0.5135534942971207
0.5136235537821575
0.5136913142141861
0.513756766232662
0.5138199004836532
0.5138807076182205
0.5139391782911209
0.5139953031592921
0.5140490728806162
0.5141004781125177
0.5141495095105545
0.5141961577272616
0.5142404134106813
0.5142822672032876
0.5143217097404618
0.5143587316494761
0.5143933235481988
0.5144254760438669
0.5144551797318562
0.5144824251945884
0.5145072030002406
0.5145295037017542
0.5145493178355824
0.5145666359206224
0.514581448457043
0.5145937459252936
0.5146035187848634
0.5146107574734593
0.5146154524057492
0.5146175939722888
0.5146171725386682
0.5146141784443791
0.5146086020018434
0.5146004334953602
0.5145896631801881
0.5145762812815403
0.5145602779935868
0.5145416434786454
0.5145203678660117
0.5144964412511543
0.5144698536948639
0.5144405952221939
0.5144086558215958
0.5143740254441032
0.5143366940023565
0.5142966513697607
0.5142538873795713
0.5142083918241185
0.5141601544539327
0.51410916497677
0.5140554130570051
0.5139988883146739
0.5139395803245302
0.5138774786154708
0.5138125726696655
0.5137448519215991
0.5136743057574873
0.5136009235143646
0.5135246944794254
0.5134456078890758
0.5133636529283504
0.5132788187300492
0.5131910943740999
0.5131004688866951
0.5130069312395609
0.512910470349363
0.5128110750768655
0.5127087342262647
0.5126034365444038
0.5124951707202529
0.5123839253840584
0.5122696891065327
0.5121524503985959
0.5120321977103229
0.5119089194303084
0.5117826038852034
0.5116532393388928
0.5115208139918742
0.5113853159806475
0.5112467333770885
0.5111050541877686
0.5109602663533088
0.5108123577478354
0.5106613161783542
0.5105071293840658
0.5103497850359394
0.5101892707358956
0.5100255740163305
0.509858682339559
0.5096885830972463
0.5095152636097745
0.5093387111257115
0.5091589128213012
0.5089758557998122
0.5087895270911693
0.5085999136511519
0.5084070023612335
0.5082107800276794
0.508011233381365
0.5078083490770454
0.5076021136929599
0.5073925137303205
0.5071795356128236
0.5069631656862321
0.5067433902178551
0.5065201953960556
0.5062935673299275
0.506063492048738
0.5058299555014769
0.5055929435566527
0.5053524420016011
0.5051084365422741
0.5048609128026212
0.504609856324609
0.5043552525673546
0.5040970869072229
0.5038353446370522
0.5035700109660622
0.5033010710195552
0.5030285098383976
0.5027523123787881
0.502472463512089
0.5021889480243633
0.5019017506160909
0.5016108559020819
0.5013162484110791
0.5010179125854699
0.500715832781171
0.5004099932673887
0.5001003782264055
0.499786971753374
0.4994697578560909
0.4991487204550383
0.4988238433829739
0.4984951103849239
0.4981625051181643
0.497826011151877
0.4974856119673079
0.4971412909575853
0.496793031427731
0.49644081659438694
0.49608462958617505
0.49572445344343813
0.49536027111834546
0.4949920654748245
0.4946198192889112
0.49424351524834964
0.4938631359531951
0.49347866391553946
0.4930900815598099
0.4926973712230581
