201
0.036769048674849585
0.03607316029755333
0.035378278206900066
0.03468523420094697
0.03399476091173625
0.033307505757342926
0.03262404247864731
0.03194488075574697
0.03127047428232676
0.030601227591648815
0.02993750186358626
0.02927961989183976
0.0286278703568674
0.02798251151845988
0.027343774421728372
0.026711865692611962
0.02608696998444475
0.025469252127457494
0.024858859023460682
0.024255921321099074
0.023660554901867494
0.02307286220137687
0.022492933387546394
0.021920847413579
0.021356672961304845
0.02080046928759734
0.020252286986025148
0.019712168672998718
0.019180149607241292
0.018656258249441587
0.018140516769513906
0.017632941506192098
0.017133543384493292
0.016642328295274712
0.016159297440554304
0.01568444764844296
0.015217771660135233
0.01475925839229458
0.014308893176800487
0.013866657980044435
0.013432531603875383
0.01300648986984965
0.012588505788293791
0.012178549713541743
0.011776589486753437
0.011382590567176009
0.010996516153361786
0.010618327294784315
0.010247982994825726
0.009885440306177664
0.00953065441897332
0.009183578742649048
0.008844164981829383
0.008512363206764998
0.008188121919263842
0.007871388113966407
0.007562107335664897
0.00726022373311965
0.0069656801094858485
0.006678417969944535
0.006398377566497844
0.0061254979404959655
0.005859716963025589
0.00560097137324235
0.005349196815163476
0.005104327872820574
0.0048662981040647636
0.004635040073223528
0.004410485382727401
0.004192564703709987
0.0039812078059671355
0.0037763435871415595
0.0035779001013630683
0.003385804587406674
0.0031999834964202417
0.0030203625193826874
0.002846866614290131
0.0026794200331046246
0.002517946348636204
0.002362368481288549
0.002212608725763303
0.0020685887777756105
0.00193022976080983
0.0017974522528536833
0.0016701763133316703
0.0015483215099953158
0.0014318069460506806
0.001320551287320903
0.0012144727895712524
0.0011134893260862236
0.0010175184150421732
0.0009264772475344178
0.0008402827153468806
0.0007588514389275468
0.0006820997955652924
0.0006099439477457468
0.0005422998713664844
0.00047908338435169993
0.0004202101750974492
0.00036559583109342555
0.000315155867583726
0.0002688057562352398
0.00022646095379800298
0.00018803693079377565
0.000153449200113189
0.00012261334563531782
9.544505067303217e-05
7.186012638944338e-05
5.177454006647904e-05
3.510444320373076e-05
2.176619948672607e-05
1.1676412523412472e-05
4.751953378627721e-06
9.099878679841387e-07
6.800357374229496e-08
2.1438365829737767e-06
7.0556979079244376e-06
1.4722199574358178e-05
2.50623803531498e-05
3.7995731113530256e-05
5.344221977927958e-05
7.132231586249216e-05
9.155701456729196e-05
0.00011406786041964577
0.00013877697044718953
0.00016560705682720344
0.00019448144907386515
0.00022532411565392432
0.0002580596850813462
0.00029261346647743627
0.0003289114695023425
0.00036688042378577794
0.0004064477976987099
0.0004475418165586091
0.0004900914802067943
0.0005340265799753732
0.0005792777150160934
0.0006257763080089064
0.0006734546201975836
0.0007222457658295423
0.0007720837259132888
0.0008229033612919933
0.0008746404251558725
0.0009272315747963857
0.0009806143827801397
0.0010347273474040413
0.0010895099025875668
0.0011449024269623474
0.0012008462525023246
0.0012572836723606096
0.0013141579481256965
0.001371413316424517
0.0014289949949395167
0.0014868491877459253
0.0015449230900524424
0.0016031648923717646
0.001661523784013021
0.0017199499561139262
0.0017783946039137348
0.0018368099286302816
0.0018951491386777334
0.001953366450381529
0.0020114170881021303
0.0020692572839059254
0.0021268442766693065
0.0021841363107106865
0.0022410926339329618
0.0022976734954599527
0.0023538401428905603
0.0024095548189862863
0.0024647807580950158
0.0025194821819167932
0.0025736242951385924
0.002627173280434106
0.0026800962932976673
0.0027323614563292908
0.0027839378533032503
0.0028347955228311956
0.002884905451753877
0.0029342395681893393
0.0029827707342880245
0.003030472738797344
0.003077320289221368
0.0031232890038352737
0.0031683554034566
0.0032124969029376587
0.0032556918025318927
0.0032979192789969244
0.0033391593765524814
0.0033793929976675898
0.0034186018936712822
0.0034567686552958838
0.0034938767029543158
0.0035299102770505967
0.003564854428085277
0.003598695006691268
0.003631418653637893
0.003663012789681192
0.0036934656054250655
0.003722766051056309
0.0037509038261852243
