201
0.3178132543082196
0.31989139828563995
0.3219265625564658
0.323921200694979
0.3258775073638392
0.32779745535396454
0.32968282604210275
0.3315352346429895
0.33335615130568724
0.33514691886151765
0.33690876785238655
0.3386428293325337
0.3403501458350258
0.34203168081484914
0.34368832682020595
0.34532091259564746
0.3469302092827512
0.34851693585550114
0.35008176390225004
0.3516253218484483
0.3531481986977597
0.35465094735749486
0.3561340876030983
0.3575981087287784
0.3590434719238804
0.3604706124090439
0.3618799413607151
0.3632718476497162
0.3646466994149764
0.36600484549095763
0.367346616705369
0.3686723270610609
0.36998227481442764
0.37127674346106154
0.3725560026384827
0.37382030895366575
0.37506990674354296
0.3763050287741859
0.3775258968850067
0.37873272258307666
0.37992570759183936
0.381105044358542
0.3822709165238789
0.38342349935755365
0.3845629601618783
0.38568945864702653
0.3868031472793622
0.38790417160597135
0.3889926705563026
0.3900687767234388
0.3911326166265164
0.3921843109551566
0.39322397479793947
0.3942517178555607
0.39526764464010866
0.39627185466133746
0.3972644426008634
0.3982454984746996
0.3992151077858785
0.4001733516666967
0.40112030701207874
0.4020560466040402
0.4029806392283375
0.4038941497833234
0.40479663938163885
0.4056881654453875
0.40656878179460176
0.4074385387300317
0.40829748310997405
0.4091456584220774
0.4099831048494247
0.41080985933255615
0.411625955626225
0.41243142435195457
0.41322629304647984
0.41401058620598563
0.4147843253267552
0.41554752894170466
0.4163002126536688
0.41704238916526437
0.41777406830516667
0.4184952570514017
0.4192059595515535
0.41990617713971706
0.4205959083508037
0.4212751489317703
0.4219438918502117
0.42260212729993557
0.4232498427043371
0.4238870227166047
0.42451364921766865
0.4251297013114651
0.42573515531767314
0.42632998476197614
0.42691416036364754
0.4274876500209545
0.42805041879382305
0.42860242888412814
0.4291436396134518
0.42967400739846756
0.43019348572372784
0.4307020251118275
0.4311995730913107
0.4316860741618378
0.4321614697566751
0.43262569820275015
0.43307869467790855
0.4335203911655121
0.4339507164063368
0.4343695958474074
0.4347769515883845
0.43517270232460875
0.4355567632873722
0.4359290461810895
0.4362894591172751
0.43663790654538376
0.4369742891801273
0.43729850392562736
0.43761044379602904
0.4379099978321681
0.43819705101500556
0.4384714841748505
0.43873317389677285
0.43898199242189634
0.43921780754444556
0.4394404825043061
0.4396498758752705
0.4398458414483726
0.4400282281104755
0.44019687971771754
0.4403516349638323
0.4404923272429621
0.44061878450674136
0.4407308291157964
0.44082827768482713
0.4409109409215074
0.44097862345882555
0.44103112368062225
0.4410682335396439
0.4410897383687498
0.44109541668386487
0.4410850399790833
0.4410583725134523
0.4410151710887002
0.4409551848184072
0.4408781548867682
0.44078381429829877
0.4406718876165666
0.44054209069230976
0.44039413038027364
0.44022770424397323
0.4400425002485203
0.4398381964399961
0.4396144606116701
0.4393709499561653
0.4391073107023788
0.4388231777375868
0.43851817421266515
0.4381919111310094
0.4378439869192462
0.4374739869797122
0.4370814832231423
0.43666603358136047
0.4362271814983149
0.4357644553987572
0.4352773681338771
0.4347654164016536
0.4342280801419755
0.4336648219045813
0.4330750861885923
0.43245829875236136
0.43181386589202153
0.43114117368744787
0.43043958721385217
0.4297084497172332
0.42894708175220364
0.4281547802798563
0.4273308177244806
0.426474440985865
0.4255848704065559
0.4246612986903401
0.4237028897707877
0.42270877762627423
0.4216780650400037
0.42060982230150457
0.4195030858469149
0.41835685683578616
0.4171700996600272
0.4159417403833698
0.41467066510669437
0.41335571825669715
0.41199570079391196
0.41058936833686577
0.40913542919795953
0.40763254232826945
0.40607931516648427
0.40447430138851265
0.40281599855432193
0.40110284564682025
0.399333220500556
0.39750543711534736
