201
0.2759341483972575
0.28441911350017757
0.29284812006657923
0.30121905304946744
0.30952983423712044
0.3177784416717807
0.3259629242625209
0.3340814126469616
0.3421321271031642
0.35011338312501694
0.3580235951364309
0.3658612787186598
0.37362505164245086
0.3813136339422148
0.3889258472177759
0.39646061331942395
0.40391695253706794
0.41129398139817963
0.4185909101543007
0.42580704003105546
0.4329417602918345
0.4399945451703523
0.4469649507054199
0.45385261151694
0.4606572375463318
0.4673786107882155
0.4740165820303048
0.48057106762048296
0.4870420462714586
0.49342955591661
0.4997336906253963
0.5059545975850684
0.5120924741560962
0.518147565004774
0.5241201593172425
0.5300105880977096
0.535819221551759
0.5415464665575762
0.5471927642242707
0.5527585875381256
0.5582444390950824
0.5636508489211006
0.5689783723770977
0.574227588147427
0.5793990963110623
0.5844935164937538
0.5895114860976859
0.594453658607751
0.5993207019722754
0.6041132970550481
0.6088321361565706
0.6134779216024543
0.6180513643957151
0.6225531829309625
0.6269841017671776
0.6313448504581122
0.6356361624347776
0.6398587739408405
0.644013423015077
0.6481008485210124
0.6521217892184964
0.6560769828766356
0.6599671654245521
0.6637930701366411
0.6675554268508002
0.6712549612162289
0.6748923939677265
0.6784684402242177
0.6819838088084681
0.6854392015843341
0.6888353128094934
0.6921728284993865
0.6954524257995248
0.6986747723626154
0.701840525726343
0.7049503326874511
0.7080048286689667
0.7110046370742213
0.713950368622939
0.716842620663926
0.7196819764574782
0.722469004420069
0.725204257323536
0.7278882714386314
0.7305215656131563
0.7331046402712462
0.7356379763202275
0.7381220339475786
0.7405572512889725
0.7429440429428739
0.7452827983048961
0.7475738796877398
0.7498176201872082
0.7520143212442234
0.7541642498446397
0.7562676352817138
0.75832466539193
0.7603354821489848
0.7623001764745105
0.7642187820832076
0.7660912681325622
0.7679175303773849
0.76969738044185
0.771430532698373
0.7731165880752859
0.7747550138823606
0.7763451184149571
0.7778860186304053
0.7793765985105796
0.7808154547262348
0.7822008247200687
0.7835304900332579
0.7848016441192874
0.7860107081569256
0.787153068953756
0.788222697080907
0.7892115754444302
0.7901088176639639
0.7908992589409093
0.7915611084770536
0.7920618404428468
0.7923505569349164
0.792342692259963
0.7918862901610484
0.7906774364067011
0.7880054163793302
0.7817262395606591
0.7609880031883834
0.0008897164006191928
0.8450328363701399
0.8258813396021465
0.8196408267119512
0.8166806672374087
0.8150047398767223
0.813936655374234
0.8131818687942878
0.812589690024798
0.8120732435032038
0.8115772111745747
0.8110630343379666
0.810501401762742
0.8098680903468982
0.8091414616755094
0.808300814199382
0.8073251819893135
0.8061923529741468
0.8048779673722496
0.803354598898905
0.8015907385062286
0.7995496022812898
0.7971876753491164
0.7944528825927923
0.7912822427055933
0.7875988101010938
0.7833076320417812
0.778290334106375
0.7723977772487713
0.7654399754947436
0.7571720806428741
0.7472746626731946
0.7353256458821334
0.7207599766023292
0.7028112847941437
0.6804275292741361
0.6521507530282307
0.6159532663354805
0.5690413097934925
0.5077112971414599
0.4275816501870766
0.32516887334718647
0.20303329890022
0.08086731885933669
0.005129146676822254
0.026848571134012487
0.14505914192126712
0.30297150560488517
0.44831027412819174
0.5617079310223493
0.6443664814862047
0.7034189060742843
0.7457093083017025
0.7763704545437078
0.798959959022259
0.8158866629077036
0.8287807795856835
0.8387562225472522
0.846584803918994
0.8528096561521271
0.8578190381356141
0.8618947586182975
0.8652443398885815
0.8680226841598416
0.8703468834196604
0.8723064903337984
0.8739707419903867
0.8753937090847328
0.8766180132508765
0.8776775430369819
0.8785994607422966
0.8794057010386472
0.8801141012434197
