201
0.5466593241709655
0.5457338804982187
0.5447791473259516
0.5437960537642994
0.5427855098860176
0.5417484065442048
0.5406856152266195
0.5395979879443258
0.5384863571546484
0.5373515357134522
0.5361943168585647
0.5350154742191312
0.5338157618515212
0.5325959142999612
0.5313566466785186
0.5300986547745764
0.5288226151724639
0.5275291853943015
0.5262190040573753
0.5248926910480491
0.5235508477084395
0.5221940570367343
0.5208228838987958
0.5194378752505558
0.5180395603700246
0.5166284510977175
0.5152050420846201
0.5137698110468784
0.5123232190268615
0.5108657106579697
0.5093977144357056
0.5079196429903844
0.5064318933640861
0.5049348472894306
0.5034288714708063
0.5019143178649338
0.5003915239647211
0.49886081308184954
0.4973224946289254
0.4957768644020822
0.49422420486242724
0.4926647854154052
0.4910988626897128
0.4895266808138356
0.4879484716906499
0.4863644552694844
0.48477483981618774
0.48317982218039107
0.4815795880594333
0.4799743122601032
0.47836415895723583
0.47674928194852634
0.47512982490691186
0.47350592162911026
0.47187769628151144
0.47024526364193264
0.4686087293385592
0.4669681900851752
0.4653237339137169
0.4636754404028466
0.4620233809030266
0.46036761875946214
0.4587082095304989
0.457045201203973
0.45537863440978593
0.4537085426299414
0.452034952405247
0.45035788353959233
0.4486773493011576
0.4469933566215446
0.44530590629135647
0.44361499315466035
0.4419206063001099
0.44022272925023653
0.43852134014897287
0.4368164119467741
0.43510791258397086
0.43339580517308823
0.43168004817841943
0.42996059559527045
0.4282373971273339
0.4265103983629561
0.4247795409507797
0.42304476277368586
0.42130599812262476
0.4195631778697826
0.4178162296409572
0.41606507798752
0.41430964455871294
0.41254984827290747
0.41078560548959253
0.4090168301816406
0.40724343410719843
0.405465326981579
0.4036824166515068
0.40189460926807485
0.4001018094607595
0.39830392051318475
0.39650084453880635
0.39469248265801604
0.3928787351761363
0.39105950176315063
0.38923468163347624
0.38740417372852387
0.385567876899192
0.38372569009123664
0.3818775125307979
0.38002324391227604
0.37816278458771724
0.3762960357568242
0.37442289966010567
0.37254327977211715
0.3706570809971249
0.36876420986645475
0.36686457473663575
0.36495808598926555
0.3630446562332103
0.36112420050633004
0.359196636480846
0.35726188466782133
0.35531986862357634
0.3533705151574476
0.3514137545399422
0.3494495207114692
0.34747775149231
0.3454983887918517
0.34351137881910926
0.3415166722929207
0.3395142246507201
0.3375039962594327
0.33548595262282394
0.33346006458972255
0.33142630855974226
0.32938466668893646
0.32733512709271656
0.32527768404475976
0.3232123381779439
0.3211390966779922
0.31905797347534026
0.3169689894343493
0.3148721725374436
0.31276755806487344
0.3106551887697361
0.30853511504912673
0.30640739510511716
0.3042720951080724
0.30212928934272604
0.29997906035549116
0.2978214990854766
0.2956567050101217
0.29348478624386887
0.2913058596648767
0.2891200510105206
0.2869274949729594
0.2847283352790729
0.28252272476284324
0.28031082542612573
0.2780928084870097
0.27586885441553854
0.2736391529591415
0.2714039031529296
0.2691633133193364
0.26691760105091694
0.2646669931826697
0.2624117257478249
0.2601520439201838
0.25788820194127193
0.25562046303395747
0.253349099297571
0.25107439159214645
0.2487966294038802
0.24651611069661802
0.24423314174726282
0.24194803696584402
0.2396611187001336
0.23737271702492316
0.23508316951473976
0.23279282100394583
0.23050202332902237
0.2282111350585367
0.22592052120637973
0.22363055293374867
0.22134160723476462
0.21905406661055563
0.2167683187295675
0.2144847560773266
0.212203775591857
0.2099257782904804
0.20765116888514268
0.20538035538801738
0.2031137487084345
0.20085176224167772
0.19859481144937072
0.19634331343499303
0.1940976865121326
0.19185834976837285
0.18962572262568295
0.18740022439683338
0.18518227384069721
0.18297228871552396
0.18077068533262647
