201
0.02019494945294993
0.020709508003735867
0.021579803571350295
0.023200786274549044
0.026696079196617328
0.03629717519373578
0.07896139949274528
0.7138572000600922
0.17178079531011897
0.05744002904251626
0.03755736910767877
0.030782537189091373
0.027704632840776854
0.02607937593686325
0.025148187171950092
0.024595078658861562
0.024268564373548906
0.024088265172590998
0.024008122906843943
0.024000104457584652
0.02404629784089037
0.024134791567544805
0.024257395841776722
0.024408318850207045
0.024583365174206825
0.024779432733381537
0.024994187144722686
0.02522584512081959
0.02547302689981374
0.02573465352946242
0.026009873992051208
0.02629801259723756
0.026598530406754174
0.02691099654079427
0.027235066555396703
0.02757046594874956
0.027916977442421893
0.02827443107017622
0.028642696381204428
0.029021676253360742
0.029411301940441927
0.02981152907853706
0.030222334441274416
0.030643713285544376
0.031075677165456977
0.031518252122743874
0.031971477177548994
0.03243540306421243
0.032910091168207575
0.03339561262349657
0.033892047547329565
0.03439948438555793
0.03491801935111843
0.035447755940509945
0.03598880451549669
0.03654128193916855
0.037105311260174675
0.037681021436792535
0.03826854709190695
0.0388680283012327
0.03947961040398966
0.0401034438355112
0.04073968397735594
0.04138849102776793
0.04205002987961625
0.04272447001602902
0.04341198541341591
0.04411275445646255
0.044826959856188384
0.04555478858278525
0.04629643179689774
0.047052084790934416
0.04782194693377223
0.048606221619015705
0.04940511621786708
0.050218842034508646
0.05104761426351026
0.051891651951263607
0.05275117795646525
0.053626418915034696
0.05451760520587842
0.05542497091463158
0.05634875380306793
0.057289195272967115
0.05824654034049721
0.059221037595690536
0.0602129391757664
0.06122250073086987
0.06224998138898777
0.06329564373810674
0.06435975375567261
0.06544258081783591
0.06654439763762103
0.06766548023095631
0.06880610788221607
0.0699665631049556
0.0711471315950133
0.07234810219742638
0.07356976685378296
0.07481242055904666
0.07607636131179575
0.07736189006654304
0.07866931067824591
0.07999892984836239
0.08135105706668029
0.082726004552958
0.0841240871915834
0.08554562246771133
0.08699093039892178
0.0884603334617467
0.0899541565188914
0.09147272674010554
0.09301637352094597
0.09458542839777599
0.09618022495978021
0.0978010987559155
0.09944838719857711
0.10112242946417645
0.10282356638825182
0.10455214035753378
0.10630849519684378
0.10809297605160777
0.10990592926671391
0.11174770225950628
0.11361864338903366
0.11551910181955319
0.1174494273799476
0.11940997041676688
0.1214010816437158
0.12342311198425257
0.12547641241005503
0.1275613337727749
0.12967822663113
0.13182744107213626
0.1340093265259915
0.136224231575378
0.1384725037595472
0.14075448937077137
0.14307053324616817
0.14542097855264405
0.14780616656510068
0.15022643643982472
0.15268212497977343
0.15517356639471933
0.15770109205389435
0.16026503023328398
0.16286570585514118
0.16550344022204205
0.16817855074383892
0.170891350657787
0.1736421487429025
0.176431249027184
0.1792589504881023
0.18212554674760031
0.18503132575968043
0.18797656949189617
0.19096155360095224
0.19398654710135158
0.19705181202897656
0.20015760309733902
0.20330416734923987
0.2064917438015561
0.2097205630856838
0.2129908470811577
0.2163028085452633
0.21965665073703572
0.2230525670363372
0.22649074055880297
0.22997134376634254
0.23349453807314055
0.23706047344840753
0.24066928801602042
0.24432110765011594
0.2480160455686691
0.25175420192379105
0.25553566339197803
0.2593605027602234
0.26322877851260207
0.2671405344159622
0.27109579910496184
0.27509458566755296
0.2791368912308557
0.28322269654928695
0.28735196559346166
0.2915246451420145
0.29574066437630253
0.2999999344787829
0.304302348235375
0.3086477796432219
0.3130360835230514
0.3174670951391719
0.321940629824381
0.3264564826148263
0.3310144278910083
0.33561421902967703
0.3402555880640249
0.34493824535559203
0.349661879276862
0.35442615590658766
0.3592307187374808
0.3640751883975315
