201
0.9992308508497425
0.9987454114813478
0.9981719032876722
0.9975247497437321
0.9968171168776675
0.9960609960854411
0.9952672849988602
0.9944458655996398
0.9936056790194842
0.9927547966582969
0.9919004874015622
0.991049280832814
0.9902070264254788
0.9893789487641642
0.9885696988949528
0.9877834019394767
0.9870237011320387
0.9862937984548847
0.9855964920558218
0.9849342106369547
0.9843090450025396
0.9837227769509759
0.9831769056919023
0.9826726719605383
0.9822110799951204
0.9817929175340898
0.981418773980153
0.9810890568698726
0.9808040067782563
0.9805637107775166
0.9803681145624454
0.980217033344804
0.9801101616116186
0.9800470818347438
0.9800272722118735
0.9800501135116589
0.9801148950905822
0.9802208201418278
0.9803670102319343
0.9805525091749008
0.9807762862899164
0.9810372390828255
0.9813341953886164
0.981665915007621
0.9820310908651178
0.982428349720198
0.9828562524470223
0.9833132939089315
0.9837979024428943
0.9843084389695218
0.9848431957418159
0.9854003947436897
0.985978185746899
0.9865746440341636
0.9871877677939928
0.9878154751911564
0.988455601115976
0.9891058936138153
0.9897640099949527
0.9904275126247423
0.9910938643920628
0.9917604238540093
0.992424440053696
0.9930830470078456
0.9937332578600182
0.9943719586952904
0.9949959020121855
0.9956016998475734
0.9961858165503674
0.9967445612005468
0.9972740796706803
0.9977703463277385
0.9982291553748291
0.9986461118332506
0.9990166221678669
0.9993358845607105
0.9995988788406396
0.9998003560799174
0.999934827872951
0.9999965553160902
0.9999795377133802
0.9998775010384973
0.9996838861900962
0.9993918370858217
0.9989941886485683
0.9984834547489332
0.9978518161789274
0.9970911087442874
0.9961928115778316
0.9951480357902344
0.9939475135941566
0.9925815880550279
0.9910402036443784
0.9893128977935841
0.9873887936724335
0.9852565944433429
0.9829045792723241
0.9803206014089718
0.9774920886817811
0.974406046790997
0.9710490658174801
0.9674073304057152
0.9634666341169509
0.959212398490155
0.9546296973839233
0.9497032872136706
0.9444176437294872
0.9387570060127826
0.9327054283922838
0.9262468409979798
0.9193651196772739
0.9120441659898858
0.9042679979788772
0.8960208523701024
0.8872872987941625
0.8780523665300171
0.8683016841578222
0.8580216323503644
0.8471995098496969
0.8358237124455115
0.8238839245021599
0.8113713222709928
0.7982787878650128
0.7846011323776216
0.7703353261887144
0.7554807340292133
0.7400393518856058
0.7240160423113564
0.7074187642100166
0.6902587926644
0.6725509239383789
0.6543136603923805
0.6355693697581328
0.6163444130365663
0.596669235245952
0.5765784133759246
0.5561106562275655
0.5353087513408472
0.5142194549652777
0.4928933219877164
0.47138447391414856
0.44975030435795443
0.428051123022182
0.4063497407862114
0.3847110002068569
0.3632012574255754
0.3418878230781473
0.3208383712668553
0.300120326883328
0.2798002425305352
0.2599431769048218
0.24061208673705442
0.221867244237908
0.2037656914362507
0.1863607418627622
0.16970153875874658
0.1538326774227929
0.138793897533644
0.12461984935832371
0.11133993578140466
0.09897823013096459
0.08755346791858262
0.07707910891854723
0.0675634645384357
0.05900988421917849
0.05141699367463531
0.044778977142719285
0.039085895473423095
0.03432403180122519
0.03047625671608424
0.02752240522414924
0.025439658336609123
0.024202922802930744
0.023785203274760084
0.024157962006644853
0.025291462041236945
0.027155090655147696
0.0297176606362814
0.03294768770279263
0.03681364304886414
0.041284180594787244
0.046328339039210666
0.051915719239035936
0.05801663780204745
0.06460225804960612
0.07164469971834454
0.07911712891504208
0.08699382992818773
0.09525026054359186
0.10386309251432496
0.112810238807527
0.12207086919324124
0.131625415668644
0.14145556911878227
0.15154426851909214
0.1618756838760251
0.1724351939975307
0.18320936007447847
0.1941858959482251
0.20535363583439425
0.21670250017700893
