201
0.25541134797635867
0.28781464333228185
0.31947805819670716
0.3502054808219415
0.3798602498019644
0.4083535907474931
0.43563462643675055
0.4616819482544892
0.4864966395691987
0.5100965925055552
0.5325119420664403
0.5537814435931682
0.5739496325566183
0.5930646239186406
0.6111764281935101
0.6283356807331706
0.6445926985335115
0.6599967944858305
0.6745957923812259
0.6884356971865688
0.7015604843818024
0.7140119797051575
0.725829806768537
0.7370513849187406
0.7477119636265765
0.7578446828015946
0.7674806508762568
0.776649034440075
0.7853771547105343
0.7936905873129139
0.8016132627567407
0.8091675657083185
0.8163744317052845
0.8232534403817546
0.8298229045901615
0.8360999550497932
0.8421006203323517
0.847839902130074
0.8533318458491814
0.8585896066412247
0.8636255110342572
0.8684511143560638
0.8730772541634524
0.877514099899678
0.8817711990073924
0.8858575197222599
0.8897814907663462
0.8935510381545169
0.8971736193162096
0.9006562547256356
0.9040055572213916
0.9072277591872838
0.9103287377527591
0.9133140381627263
0.9161888954544439
0.9189582545705144
0.9216267890264674
0.9241989182433572
0.9266788236469314
0.9290704636273693
0.93137758744617
0.9336037481699708
0.9357523147051598
0.9378264830008951
0.9398292864832568
0.9417636057776011
0.9436321777727552
0.9454376040753993
0.9471823588998786
0.9488687964346529
0.9504991577238323
0.9520755770987552
0.953600088192125
0.9550746295647122
0.956501049972086
0.9578811132969975
0.9592165031707001
0.9605088273050545
0.9617596215556028
0.9629703537338651
0.9641424271861182
0.9652771841545199
0.9663759089352919
0.9674398308472982
0.9684701270238946
0.9694679250393375
0.9704343053807875
0.9713703037759187
0.9722769133849958
0.9731550868665182
0.974005738324056
0.9748297451417047
0.9756279497151945
0.9764011610846626
0.97715015647533
0.9778756827512887
0.9785784577875851
0.9792591717652621
0.9799184883936314
0.980557046063929
0.9811754589379078
0.9817743179748114
0.982354191899975
0.9829156281177821
0.9834591535717301
0.9839852755538276
0.9844944824657123
0.9849872445332034
0.9854640144760535
0.985925228134558
0.9863713050538526
0.9868026490275961
0.9872196486012055
0.9876226775356244
0.9880120952318825
0.9883882471164229
0.988751464987124
0.9891020673195259
0.989440359532338
0.9897666342111677
0.9900811712889215
0.9903842381808015
0.990676089871426
0.990956968951176
0.9912271055977775
0.9914867174990686
0.9917360097113196
0.9919751744472219
0.9922043907859046
0.9924238242964752
0.9926336265646589
0.9928339346106982
0.9930248701840877
0.9932065389185656
0.9933790293273816
0.9935424116156071
0.9936967362817781
0.9938420324757927
0.9939783060741021
0.9941055374255351
0.9942236787117027
0.9943326508552837
0.9944323398952944
0.994522592732218
0.9946032121249165
0.9946739507958788
0.9947345044697065
0.9947845036299232
0.9948235037298179
0.9948509735301707
0.9948662811574243
0.9948686773746871
0.9948572754283029
0.9948310266656262
0.9947886909027576
0.994728800238095
0.9946496146352454
0.9945490671061767
0.9944246956679692
0.9942735583625611
0.9940921264293218
0.9938761490794457
0.993620481054754
0.9933188609906234
0.9929636241448374
0.9925453266977409
0.9920522496591393
0.9914697370219647
0.9907793029707905
0.9899574131783178
0.9889737998450028
0.9877890998862171
0.9863514951038368
0.9845918561550174
0.982416603693287
0.9796970218552727
0.9762529534138031
0.9718274296532218
0.9660464216813482
0.9583538635016312
0.9479055018041995
0.9333958107390294
0.9127858479633382
0.8829305436864772
0.8393194624737379
0.7770467137710728
0.6965526205577021
0.6179944096260463
0.585430416967938
0.6206653185039361
0.6919474406495704
0.7617953774747004
0.8164534665089046
0.8562020640719701
0.8847315796823215
0.9054228120850837
0.9207118184611063
0.9322438426741813
0.9411171979383872
0.948071249063535
0.95361182159481
