201
7.549516567451064e-15
-8.215650382226158e-15
-2.270406085358445e-14
2.1649348980190553e-15
4.163336342344337e-15
1.1657341758564144e-15
3.2751579226442118e-15
7.382983113757291e-15
1.637578961322106e-14
-3.3306690738754696e-15
1.837419105754634e-14
2.220446049250313e-15
2.842170943040401e-14
-1.2961853812498703e-14
9.547918011776346e-15
-1.992850329202156e-14
4.801714581503802e-15
-9.547918011776346e-15
-6.38378239159465e-15
-1.675048988403205e-14
3.70536934468646e-15
8.465450562766819e-16
2.1593837828959295e-14
-1.3704315460216776e-14
1.949829186997931e-15
9.603429163007604e-15
7.806255641895632e-15
3.533631720564756e-14
1.6767837118791817e-14
2.2619059403261588e-14
3.793840241961277e-15
-2.6693924848331108e-14
3.2921582127087845e-14
3.3584246494910985e-15
6.271372310351353e-14
1.3905543383430086e-14
2.451858160945619e-14
-5.968836536140998e-14
-8.153200337090993e-15
1.1213252548714081e-14
-1.3655743202889425e-14
-2.235711615838909e-14
-1.8818280267396403e-14
-3.858025010572419e-14
4.3853809472693683e-14
8.876233081878127e-14
-2.5673907444456745e-14
1.970645868709653e-15
9.822698210371072e-14
6.938893903907228e-16
1.1324274851176597e-14
8.382183835919932e-15
-1.1546319456101628e-14
6.272760089132134e-14
-2.842170943040401e-14
1.84297022087776e-14
-3.352873534367973e-14
-2.7755575615628914e-15
-1.7819079545233762e-14
1.3433698597964394e-14
2.1260770921571748e-14
-3.5083047578154947e-14
2.919886554764162e-14
-2.881028748902281e-14
-3.547162563677375e-14
-3.3306690738754696e-15
5.706546346573305e-14
-7.37188088351104e-14
8.637535131583718e-14
-7.549516567451064e-15
6.561418075534675e-14
1.0302869668521453e-13
1.8096635301390052e-14
9.348077867343818e-14
1.2323475573339238e-14
2.942091015256665e-14
1.6442402994698568e-13
-4.04121180963557e-14
-1.2012613126444194e-13
-1.5143442055887135e-13
1.127986593019159e-13
-3.8968828164342995e-14
7.849276784099857e-14
5.1736392947532295e-14
-5.757616605706062e-13
-1.233457780358549e-13
1.4710455076283324e-12
7.097655796428626e-13
2.987166070056446e-12
-1.1112222253473192e-12
3.1907809727727e-13
6.616929226765933e-14
-1.3322676295501878e-14
2.502442697505103e-13
5.895284260759581e-14
1.7763568394002505e-14
-2.0317081350640365e-14
5.895284260759581e-14
-7.460698725481052e-14
7.327471962526033e-15
1.554312234475219e-14
-1.0202949596305189e-13
-1.2212453270876722e-14
3.086420008457935e-14
-4.141131881851834e-14
5.240252676230739e-14
7.438494264988549e-15
-1.7985612998927536e-14
7.049916206369744e-14
-2.9753977059954195e-14
-4.440892098500626e-16
-3.3306690738754696e-15
1.765254609153999e-14
2.475797344914099e-14
1.2212453270876722e-14
8.770761894538737e-15
2.6201263381153694e-14
-3.3306690738754696e-16
1.199040866595169e-14
-5.440092820663267e-15
-6.661338147750939e-16
1.3655743202889425e-14
1.7763568394002505e-14
-2.1094237467877974e-15
2.042810365310288e-14
-1.7541523789077473e-14
1.2545520178264269e-14
-9.992007221626409e-15
-1.9317880628477724e-14
-1.3322676295501878e-15
1.6653345369377348e-15
-1.765254609153999e-14
9.658940314238862e-15
-1.27675647831893e-14
1.5210055437364645e-14
-2.9976021664879227e-15
7.882583474838611e-15
-7.771561172376096e-16
-1.2989609388114332e-14
-7.549516567451064e-15
1.4988010832439613e-14
1.3322676295501878e-15
-2.55351295663786e-15
6.8833827526759706e-15
-6.217248937900877e-15
-6.8833827526759706e-15
4.440892098500626e-16
1.0547118733938987e-14
5.218048215738236e-15
-7.549516567451064e-15
9.992007221626409e-15
7.105427357601002e-15
9.880984919163893e-15
1.7763568394002505e-15
1.6653345369377348e-15
4.9960036108132044e-15
1.5543122344752192e-15
-3.4416913763379853e-15
6.217248937900877e-15
-2.220446049250313e-16
2.4424906541753444e-15
-3.552713678800501e-15
-3.885780586188048e-15
4.551914400963142e-15
0.0
1.887379141862766e-15
-2.7755575615628914e-15
9.325873406851315e-15
-6.661338147750939e-16
4.107825191113079e-15
-1.4432899320127035e-15
-4.773959005888173e-15
5.10702591327572e-15
-7.771561172376096e-16
7.105427357601002e-15
3.219646771412954e-15
4.107825191113079e-15
6.439293542825908e-15
-9.769962616701378e-15
1.1657341758564144e-14
1.3322676295501878e-15
-1.4432899320127035e-15
-2.7755575615628914e-15
1.1102230246251565e-15
-3.4416913763379853e-15
3.4416913763379853e-15
1.1102230246251565e-16
2.55351295663786e-15
5.662137425588298e-15
1.2212453270876722e-15
-1.1102230246251565e-16
0.0
-4.107825191113079e-15
-6.8833827526759706e-15
-4.218847493575595e-15
-2.220446049250313e-16
3.1086244689504383e-15
5.88418203051333e-15
3.1086244689504383e-15
3.6637359812630166e-15
-7.771561172376096e-15
