201
8.548717289613705e-15
8.770761894538737e-15
-6.772360450213455e-15
3.497202527569243e-15
-1.765254609153999e-14
-1.27675647831893e-15
1.887379141862766e-15
7.605027718682322e-15
8.770761894538737e-15
5.773159728050814e-15
-7.327471962526033e-15
-1.8596235662471372e-14
2.9976021664879227e-15
2.5146551507759796e-14
1.9567680809018384e-14
7.965850201685498e-15
1.2961853812498703e-14
3.524958103184872e-15
6.5503158452884236e-15
2.914335439641036e-15
-8.68749516769185e-15
-1.2351231148954867e-14
-9.922618282587337e-15
3.7470027081099033e-16
-1.0297318553398327e-14
2.6478819137309983e-14
7.389922007661198e-16
-3.3514857555871913e-15
-1.8329088247170944e-14
-2.1337098754514727e-16
1.1449174941446927e-15
-1.3009558708088065e-14
-9.171049336620385e-15
-5.909335520914993e-15
1.3966258705089274e-14
4.459106694998383e-15
-7.847021643581087e-15
-1.1225395613045919e-14
4.541506060107281e-15
5.252742685257772e-15
-5.585809592645319e-15
1.7808671204377902e-14
4.551914400963142e-15
-1.9845236565174673e-15
4.53109771925142e-15
2.9698465908722937e-15
1.5612511283791264e-14
2.6922908347160046e-15
-5.190292640122607e-15
4.052314039881821e-15
-3.969047313034935e-15
-2.914335439641036e-16
-9.076073226310655e-15
2.098321516541546e-14
9.992007221626409e-16
-4.163336342344337e-15
1.887379141862766e-15
-6.189493362285248e-15
-1.5681900222830336e-14
4.579669976578771e-15
5.745404152435185e-15
-3.2751579226442118e-15
5.662137425588298e-15
-7.716050021144838e-15
-2.55351295663786e-15
1.6653345369377348e-14
-4.218847493575595e-15
8.992806499463768e-15
8.992806499463768e-15
-1.887379141862766e-14
3.3306690738754696e-15
-1.176836406102666e-14
2.942091015256665e-15
5.218048215738236e-15
0.0
4.218847493575595e-15
-1.759703494030873e-14
1.1712852909795402e-14
-6.994405055138486e-15
-1.9595436384634013e-14
8.326672684688674e-15
-1.554312234475219e-14
-6.439293542825908e-15
-7.993605777301127e-15
1.0436096431476471e-14
-1.3655743202889425e-14
-5.218048215738236e-15
-1.4210854715202004e-14
-5.995204332975845e-15
-9.103828801926284e-15
1.4432899320127035e-14
1.5987211554602254e-14
-1.2212453270876722e-14
1.3211653993039363e-14
9.103828801926284e-15
-2.886579864025407e-15
7.327471962526033e-15
-6.8833827526759706e-15
-1.2989609388114332e-14
-5.218048215738236e-15
-3.11972669919669e-14
-1.1657341758564144e-14
0.0
1.554312234475219e-14
1.709743457922741e-14
2.886579864025407e-15
2.220446049250313e-15
9.992007221626409e-16
2.098321516541546e-14
5.773159728050814e-15
4.884981308350689e-15
1.5543122344752192e-15
-8.770761894538737e-15
-7.105427357601002e-15
-3.552713678800501e-15
9.43689570931383e-15
1.1102230246251565e-16
-3.219646771412954e-15
-4.6629367034256575e-15
-6.8833827526759706e-15
-8.659739592076221e-15
4.440892098500626e-15
5.440092820663267e-15
5.551115123125783e-16
-1.2878587085651816e-14
-1.2323475573339238e-14
2.3314683517128287e-15
-6.994405055138486e-15
-1.0769163338864018e-14
-8.770761894538737e-15
-4.9960036108132044e-15
3.885780586188048e-15
1.0880185641326534e-14
-1.3322676295501878e-15
-5.551115123125783e-15
1.1435297153639112e-14
7.549516567451064e-15
2.220446049250313e-15
-8.326672684688674e-15
-1.4765966227514582e-14
2.3314683517128287e-15
3.219646771412954e-15
-8.659739592076221e-15
-1.0547118733938987e-14
1.8762769116165146e-14
-1.021405182655144e-14
-3.6415315207705135e-14
1.9118040484045196e-13
-4.318767565791859e-14
-4.440892098500626e-16
-1.2212453270876722e-14
-2.4091839634365897e-14
-1.1546319456101628e-14
-6.8833827526759706e-15
1.7319479184152442e-14
1.3988810110276972e-14
1.609823385706477e-14
2.220446049250313e-16
1.1657341758564144e-14
-7.993605777301127e-15
-2.4091839634365897e-14
-6.106226635438361e-15
-1.2878587085651816e-14
2.8199664825478976e-14
1.1324274851176597e-14
9.2148511043888e-15
-1.7208456881689926e-14
-1.5543122344752192e-15
7.216449660063518e-15
-4.04121180963557e-14
-1.3322676295501878e-14
-1.1324274851176597e-14
2.020605904817785e-14
8.881784197001252e-16
1.3433698597964394e-14
2.6645352591003757e-15
-1.9984014443252818e-15
-7.327471962526033e-15
-3.1086244689504383e-15
-3.730349362740526e-14
2.886579864025407e-15
-2.3314683517128287e-14
1.6653345369377348e-14
1.3322676295501878e-14
-2.886579864025407e-15
2.1649348980190553e-14
9.103828801926284e-15
-1.6209256159527285e-14
-5.440092820663267e-15
-2.3314683517128287e-15
-4.440892098500626e-16
-3.3861802251067274e-14
2.9254376698872875e-14
-1.0325074129013956e-14
4.141131881851834e-14
9.492406860545088e-15
-2.4147350785597155e-14
-1.9262369477246466e-14
4.496403249731884e-14
-2.609024107869118e-14
3.22519788653608e-14
