201
-7.445433158892456e-15
2.546574062733953e-15
-4.1494585545365226e-15
-2.942091015256665e-15
-6.536438057480609e-15
-6.522560269672795e-16
-5.745404152435185e-15
5.537237335317968e-15
-5.4817261840867104e-15
4.2396641752873165e-15
2.8449465006019636e-15
1.0443035325380379e-14
-7.764622278472189e-15
-1.579986141919676e-14
-6.737665980693919e-15
1.1962653090336062e-14
-8.007483565108942e-15
3.9968028886505635e-15
-1.2614909117303341e-14
-8.798517470154366e-15
5.856426454897701e-15
5.370703881624195e-15
-2.1649348980190553e-15
-2.378652830259398e-14
-1.6181500583911657e-14
-2.6423307986078726e-14
-7.271960811294775e-15
-1.0658141036401503e-14
1.3877787807814457e-14
-9.103828801926284e-15
1.6653345369377348e-15
-8.992806499463768e-15
-1.6653345369377348e-14
3.108624468950438e-14
-8.271161533457416e-14
-9.992007221626409e-16
4.0967229608668276e-14
1.1102230246251565e-14
6.439293542825908e-15
-5.88418203051333e-15
-1.8096635301390052e-14
-2.3314683517128287e-15
-1.6431300764452317e-14
3.552713678800501e-15
2.930988785010413e-14
-4.6629367034256575e-15
9.992007221626409e-16
-1.5154544286133387e-14
3.2751579226442118e-15
3.3306690738754696e-15
-5.88418203051333e-15
1.6431300764452317e-14
-3.219646771412954e-15
1.1102230246251565e-15
-2.9976021664879227e-15
-1.4710455076283324e-14
-2.4424906541753444e-15
1.1102230246251565e-16
-1.6653345369377348e-15
-2.1094237467877974e-15
9.992007221626409e-16
-1.3211653993039363e-14
-1.0241807402167069e-14
-1.1657341758564144e-15
3.6637359812630166e-15
5.523359547510154e-15
-4.107825191113079e-15
-7.077671781985373e-15
3.4416913763379853e-15
-2.4980018054066022e-15
-3.4139358007223564e-15
-4.052314039881821e-15
-1.557087792036782e-14
-2.1094237467877974e-15
4.6629367034256575e-15
-9.159339953157541e-16
1.6930901125533637e-15
6.38378239159465e-16
2.4980018054066022e-15
3.802513859341161e-15
3.219646771412954e-15
-1.1074474670635936e-14
8.465450562766819e-15
1.4710455076283324e-15
1.304512053934559e-15
4.85722573273506e-15
-1.7513768213461844e-14
1.8207657603852567e-14
9.103828801926284e-15
-2.7478019859472624e-15
-3.497202527569243e-15
4.6074255521944e-15
-1.915134717478395e-15
-1.3877787807814457e-15
-1.890154699424329e-14
-9.71445146547012e-16
9.603429163007604e-15
-2.1371793224034263e-15
-1.1782241848834474e-14
1.0672018824209317e-14
-2.581268532253489e-15
6.855627177060342e-15
-1.3530843112619095e-14
-1.214306433183765e-14
6.175615574477433e-15
1.249000902703301e-16
3.094746681142624e-15
6.63358257213531e-15
-1.8346435481930712e-14
-1.2490009027033011e-15
-1.8082757513582237e-14
1.4377388168895777e-14
-4.260480856999038e-15
2.42861286636753e-15
-2.731148640577885e-14
-5.828670879282072e-16
-1.942890293094024e-16
-1.1282641487753153e-14
-8.645861804268407e-15
7.438494264988549e-15
-4.135580766728708e-15
8.673617379884035e-15
-1.3378187446733136e-14
-6.5780714209040525e-15
-1.519617764955683e-14
-7.771561172376096e-16
1.1726730697603216e-14
3.760880495917718e-15
-6.411537967210279e-15
-2.0095036745715333e-14
4.3576253716537394e-15
1.5126788710517758e-14
2.3037127760972e-15
2.9559688030644793e-15
6.480926906249351e-15
1.9845236565174673e-15
1.0380585280245214e-14
1.9984014443252818e-15
3.1780134079895106e-15
3.555489236362064e-14
2.3314683517128287e-15
-2.67841304690819e-14
-1.304512053934559e-15
4.0245584642661925e-15
5.218048215738236e-15
9.534040223968532e-15
9.575673587391975e-16
8.978928711655954e-15
1.3697376566312869e-14
-8.43769498715119e-15
-1.9331758416285538e-14
-1.7763568394002505e-15
-2.1510571102112408e-14
-4.163336342344337e-17
9.631184738623233e-15
-1.0824674490095276e-14
1.3461454173580023e-15
4.1494585545365226e-15
7.13318293321663e-15
4.135580766728708e-15
-2.8144153674247718e-14
1.2809198146612744e-14
-1.7208456881689926e-15
2.6520452500733427e-14
-3.096134459923405e-14
-2.6006974351844292e-14
-9.71445146547012e-17
3.615163723935666e-15
1.9206858326015208e-14
-3.0322966360074588e-15
3.747002708109903e-15
-2.7408630920433552e-15
2.263467191454538e-14
-5.898059818321144e-15
2.3592239273284576e-15
-2.9282132274488504e-15
-3.488181965494164e-14
-2.831068712794149e-15
-1.074140776324839e-14
-1.4474532683550478e-14
2.1975476993674192e-14
-1.817990202823694e-15
1.234429225505096e-14
1.942890293094024e-15
-1.4863110742169283e-14
2.3189783426857957e-14
1.9012569296705806e-15
7.056855100273651e-15
9.575673587391975e-16
-4.792000130038332e-14
-2.7200464103316335e-15
-1.1338152638984411e-14
-5.051514762044462e-15
2.8949065367100957e-14
-2.1524448889920222e-14
8.56259507742152e-15
5.9674487573602164e-15
-1.033895191682177e-14
-2.5118795932144167e-15
-1.1879386363489175e-14
-4.388156504830931e-14
