201
-1.239286451237831e-14
-3.677613769070831e-16
-4.6448955792754987e-14
1.5189238755652923e-14
7.539108226595204e-15
-5.941080960525369e-14
7.627232179174825e-14
-4.598543767997398e-13
-3.6914915568786455e-14
8.511247262532606e-14
-2.93723378952393e-14
-2.405714516484636e-14
2.4303475898435067e-14
9.08995101411847e-16
-9.490672137069112e-14
-3.985006769013921e-14
3.8913317013111737e-14
-3.1089714136456337e-14
-4.384340113183782e-14
-5.64479019082853e-14
2.9792140976425685e-14
4.4325654258159375e-14
-8.36136715420821e-16
-7.594619377826461e-15
-1.2587153541687712e-14
-4.2157249913188366e-14
-1.339206523454095e-15
1.2666950821582645e-14
1.6368850719317152e-14
6.877137748162454e-14
-2.525757381022231e-15
-3.9343528435153985e-14
2.7443325389953088e-14
-2.0268509093313014e-14
6.256106743762757e-14
-1.997707554934891e-14
1.4037382367604323e-14
-1.2413681194090032e-14
-1.87662385631171e-14
1.9959728314589142e-14
-1.807581861967833e-14
-8.815864704914134e-15
-2.3196722320761864e-14
1.672273430841642e-15
1.0685896612017132e-14
9.422324032115625e-14
-2.874783744388765e-14
-2.718658631550852e-14
4.3146042294495146e-14
5.282579929044573e-14
2.7408630920433552e-14
3.0225821845419887e-14
-1.592476150946709e-14
7.466249840604178e-15
-3.031602746617068e-14
7.256001355315789e-14
-8.713862964526697e-14
-6.113165529342268e-15
3.6769198796804403e-14
-3.585326480148865e-14
2.9559688030644793e-15
4.58869053865385e-14
7.16163239822265e-14
-7.945033519973776e-15
-8.636841242193327e-14
6.234596172660645e-14
-4.325706459695766e-14
-5.315192730392937e-15
5.147271497918382e-14
-4.526934382909076e-14
-1.5487611193520934e-14
2.526451270412622e-14
-3.36952687973735e-14
9.117706589734098e-14
-1.3371248552829229e-14
1.600108934241007e-14
4.9155124415278806e-14
1.3378187446733136e-14
-9.517386878599154e-14
-1.39194211712379e-13
8.429368314466501e-14
-3.838596107641479e-14
4.7725712271073917e-14
-6.512151928816934e-14
-7.444739269502065e-13
-3.6704667083498066e-13
1.424325934973325e-12
2.8600039003734423e-13
-1.317426723268511e-11
-2.571692858666097e-13
1.0528106164642281e-12
1.0183520693374248e-13
2.5271451598030126e-14
2.3647750424515834e-13
-1.3332390746967349e-13
4.743289094832903e-13
1.5153156507352605e-13
-3.3306690738754696e-15
9.565959135926505e-14
3.4333647036532966e-14
-1.211530875622202e-14
-1.127986593019159e-13
-5.907774269786614e-14
1.5280832155184498e-13
-8.278100427361323e-14
1.1954326417651373e-13
7.188694084447889e-15
-6.591949208711867e-14
6.897260540483785e-14
-1.1379786002407855e-14
4.6282422339061213e-14
-2.5091040356528538e-14
7.299716386910404e-15
3.315403507286874e-14
-3.932965064734617e-14
-1.4710455076283324e-15
-1.2365108936762681e-14
4.145295218194178e-14
1.867950238931826e-14
-1.9748092050519972e-14
-5.065392549852277e-15
1.734723475976807e-15
2.1899149160731213e-14
4.413136522884997e-15
1.226796442210798e-14
-1.6792123247455493e-14
1.7735812818386876e-14
-3.22519788653608e-14
2.6173507805538065e-14
1.6930901125533637e-15
-9.769962616701378e-15
7.216449660063518e-15
-1.4377388168895777e-14
-2.861599845971341e-14
2.1649348980190553e-14
-5.218048215738236e-15
1.9012569296705806e-14
-2.450817326860033e-14
-2.833844270355712e-14
-2.1566082253343666e-14
1.1129985821867194e-14
2.7283730830163222e-14
1.0075273948473296e-14
1.4710455076283324e-15
-7.965850201685498e-15
-8.548717289613705e-15
-8.243405957841787e-15
5.9396931817445875e-15
-1.2212453270876722e-15
6.050715484207103e-15
3.9968028886505635e-15
1.27675647831893e-14
-2.6145752229922437e-14
5.856426454897701e-15
1.3183898417423734e-14
2.4980018054066022e-15
2.4646951146678475e-14
1.5265566588595902e-15
-4.746203430272544e-15
-1.0130785099704553e-14
1.074140776324839e-14
-2.930988785010413e-14
9.853229343548264e-15
3.4139358007223564e-15
4.3298697960381105e-15
-1.1712852909795402e-14
-1.6264767310758543e-14
-1.7041923427996153e-14
2.4091839634365897e-14
3.755329380794592e-14
-4.440892098500626e-16
-1.4016565685892601e-14
8.881784197001252e-15
2.3037127760972e-15
1.765254609153999e-14
-2.609024107869118e-15
1.3211653993039363e-14
2.55351295663786e-15
-2.3425705819590803e-14
-3.9968028886505635e-15
1.63202784619898e-14
-6.661338147750939e-16
2.0539125955565396e-15
-1.2212453270876722e-15
-4.440892098500626e-15
1.4432899320127035e-15
1.7763568394002505e-15
7.216449660063518e-16
1.1213252548714081e-14
-5.384581669432009e-15
1.404432126150823e-14
-5.440092820663267e-15
-3.219646771412954e-15
-8.881784197001252e-16
-3.9968028886505635e-15
5.662137425588298e-15
1.4432899320127035e-15
5.10702591327572e-15
1.0658141036401503e-14
1.7208456881689926e-14
-1.099120794378905e-14
