201
2.0261570199409107e-15
1.8596235662471372e-15
3.164135620181696e-15
3.191891195797325e-15
-2.831068712794149e-15
6.2727600891321345e-15
6.022959908591474e-15
-9.159339953157541e-16
4.85722573273506e-15
1.6653345369377348e-15
-3.497202527569243e-15
4.551914400963142e-15
4.829470157119431e-15
8.826273045769994e-15
-3.164135620181696e-15
-8.326672684688674e-16
4.707345624410664e-14
3.3306690738754696e-15
5.551115123125783e-15
-2.7755575615628914e-15
5.551115123125783e-15
-1.887379141862766e-15
1.3211653993039363e-14
4.6629367034256575e-15
1.4988010832439613e-15
-8.104628079763643e-15
-1.587618925213974e-14
3.4416913763379853e-15
5.551115123125783e-16
-8.659739592076221e-15
-1.4432899320127035e-15
-9.492406860545088e-15
-9.43689570931383e-15
3.885780586188048e-15
-4.3298697960381105e-15
5.551115123125783e-17
2.9976021664879227e-15
-1.609823385706477e-15
-3.3861802251067274e-15
-1.3322676295501878e-15
3.83026943495679e-15
2.942091015256665e-15
-1.8318679906315083e-15
6.217248937900877e-15
7.216449660063518e-15
-7.216449660063518e-15
5.10702591327572e-15
-4.274358644806853e-15
-2.3314683517128287e-15
-4.218847493575595e-15
-4.718447854656915e-15
6.661338147750939e-16
-6.8833827526759706e-15
-1.0547118733938987e-15
-1.9984014443252818e-15
8.215650382226158e-15
1.942890293094024e-15
-2.4424906541753444e-15
-1.3322676295501878e-15
1.6653345369377348e-15
-1.27675647831893e-15
-6.106226635438361e-16
8.881784197001252e-16
-2.7755575615628914e-15
-2.3869795029440866e-15
-1.0325074129013956e-14
1.1102230246251565e-16
6.8833827526759706e-15
6.106226635438361e-15
4.9960036108132044e-15
1.9984014443252818e-15
1.3877787807814457e-15
-5.551115123125783e-16
9.992007221626409e-16
-9.43689570931383e-16
8.715250743307479e-15
-1.1213252548714081e-14
-1.176836406102666e-14
-6.661338147750939e-16
2.275957200481571e-15
7.771561172376096e-16
-1.0769163338864018e-14
-1.7208456881689926e-15
4.3298697960381105e-15
7.882583474838611e-15
-1.2934098236883074e-14
-2.7755575615628914e-15
5.162537064506978e-15
-7.605027718682322e-15
-8.881784197001252e-16
-2.609024107869118e-15
8.826273045769994e-15
-4.107825191113079e-15
2.4424906541753444e-15
1.0547118733938987e-15
2.0039525594484076e-14
1.0547118733938987e-15
-1.5654144647214707e-14
-2.7755575615628914e-15
-1.021405182655144e-14
-1.5543122344752192e-15
-4.163336342344337e-15
7.771561172376096e-16
-4.996003610813204e-16
-8.881784197001252e-16
-6.772360450213455e-15
2.3314683517128287e-15
3.774758283725532e-15
3.774758283725532e-14
1.4988010832439613e-15
4.440892098500626e-16
1.5543122344752192e-15
1.021405182655144e-14
1.6653345369377348e-15
3.219646771412954e-15
-1.7541523789077473e-14
-2.886579864025407e-15
2.220446049250313e-15
-6.106226635438361e-15
9.992007221626409e-15
7.771561172376096e-15
-1.8540724511240114e-14
6.439293542825908e-15
4.440892098500626e-16
-1.1102230246251565e-16
8.992806499463768e-15
-4.773959005888173e-15
-7.549516567451064e-15
7.216449660063518e-15
3.3306690738754696e-16
-3.1086244689504383e-15
-1.5543122344752192e-15
5.773159728050814e-15
-3.6637359812630166e-15
-5.662137425588298e-15
-3.9968028886505635e-15
-5.773159728050814e-15
-1.1102230246251565e-15
5.10702591327572e-15
-1.8096635301390052e-14
-2.6645352591003757e-15
1.354472090042691e-14
-1.9984014443252818e-15
-4.440892098500626e-15
-1.3655743202889425e-14
-2.55351295663786e-15
-1.0103029524088925e-14
1.1102230246251565e-14
1.1102230246251565e-16
-9.769962616701378e-15
-6.5503158452884236e-15
-1.099120794378905e-14
-1.9984014443252818e-15
1.4432899320127035e-15
-1.7763568394002505e-15
0.0
5.662137425588298e-15
-1.1102230246251565e-14
3.552713678800501e-15
-2.4424906541753444e-15
1.7763568394002505e-15
-5.551115123125783e-15
5.662137425588298e-15
1.2878587085651816e-14
-1.2656542480726785e-14
-9.2148511043888e-15
6.439293542825908e-15
4.218847493575595e-15
-7.66053886991358e-15
1.63202784619898e-14
3.219646771412954e-15
8.881784197001252e-16
3.219646771412954e-15
0.0
5.329070518200751e-15
-1.1102230246251565e-15
2.3314683517128287e-15
-1.887379141862766e-15
-7.105427357601002e-15
-6.661338147750939e-16
1.6653345369377348e-15
4.440892098500626e-16
-2.1094237467877974e-15
-7.771561172376096e-16
-2.020605904817785e-14
3.3306690738754696e-15
6.661338147750939e-16
7.216449660063518e-15
1.9984014443252818e-15
-1.2545520178264269e-14
-5.10702591327572e-15
-1.4765966227514582e-14
7.882583474838611e-15
6.439293542825908e-15
1.0658141036401503e-14
-5.218048215738236e-15
-4.6629367034256575e-15
-4.773959005888173e-15
-2.886579864025407e-15
2.4424906541753444e-15
-2.220446049250313e-16
