201
0.15541167465851274
0.14823253912152806
0.1413619924931414
0.13478359277559884
0.1284820827407918
0.12244328567525928
0.1166540133314025
0.11110198417100206
0.10577575038224997
0.10066463244906065
0.0957586602749367
0.09104852003821258
0.08652550609058529
0.08218147731951658
0.07800881747968147
0.0740003990710085
0.07014955039749739
0.06645002548897735
0.06289597660795251
0.05948192909887389
0.0562027583642809
0.053053668778419494
0.05003017437037473
0.047128081126608615
0.04434347077947328
0.041672685963563216
0.03911231663270137
0.036659187643078225
0.034310347417684565
0.03206305761541336
0.029914783737944057
0.027863186612852572
0.025906114699722916
0.024041597171191312
0.022267837726486637
0.020583209100347017
0.018986248234979936
0.01747565208694774
0.016050274044934677
0.014709120938376704
0.013451350621098437
0.01227627011665521
0.011183334316525106
0.010172145224693075
0.009242451746689938
0.008394150022897727
0.007627284310507425
0.006942048420833964
0.006338787722761112
0.005818001725748789
0.005380347260010003
0.005026642274617795
0.004757870278351025
0.004575185451981071
0.004479918464915386
0.004473583033593423
0.004557883263780993
0.00473472182401015
0.005006209002781882
0.0053746727080818055
0.005842669474018959
0.006412996546123284
0.007088705124313847
0.007873114850141482
0.00876982963391246
0.009782754925974533
0.010916116546703056
0.012174481200465536
0.01356277881006303
0.015086326820933142
0.016750856636903354
0.018562542364700937
0.020528032057668715
0.022654481666480167
0.0249495919206277
0.027421648381539165
0.030079564925886287
0.03293293093625963
0.035992062492794206
0.039268057877776735
0.042772857719079474
0.046519310113488505
0.05052124107902623
0.05479353069012296
0.05935219524692742
0.06421447581810794
0.06939893346664704
0.07492555142943949
0.08081584444686586
0.08709297534620158
0.09378187883843946
0.10090939230172913
0.10850439306580284
0.11659794137050312
0.12522342772465805
0.13441672280657155
0.14421632729218659
0.15466351802620368
0.1658024857110799
0.17768045772399263
0.1903477976737211
0.20385807082439292
0.21826806139865038
0.233637723897378
0.25003004581379207
0.2675107932631517
0.2861481039640861
0.3060118834406731
0.3271729501487396
0.3497018632330309
0.3736673527432322
0.3991342562865968
0.4261608484034657
0.4547954295670779
0.4850720210052156
0.5170049897064832
0.5505824050091549
0.5857579027292893
0.6224408010303701
0.6604841645051938
0.6996704286159904
0.7396940336783016
0.78014019459885
0.820458294496052
0.8599271454819393
0.8976069582340991
0.9322682600785779
0.9622792080918768
0.9854160061720287
0.9985298697883225
0.9969498248247113
0.9734327987303895
0.9165465591392213
0.8095684647778507
0.6376633492778022
0.4299088819430893
0.3275501922221003
0.4444253144206696
0.6550329312486449
0.8229621614447789
0.924795296089985
0.9774036118341303
0.9979677693384323
0.9979162978635149
0.9843594400851831
0.9617948391099348
0.9331839427339165
0.90056108704226
0.8653747713437738
0.8286837582661144
0.7912745776354455
0.7537356144016089
0.7165064290516948
0.6799123464187722
0.6441898343616188
0.609505799422973
0.5759726387433631
0.5436601831455743
0.512605272719355
0.4828194796009266
0.45429535674455085
0.4270115056626638
0.4009366987993957
0.3760332519051308
0.3522598125759872
0.3295737099061277
0.30793299560448745
0.28729829850322486
0.2676346123661797
0.24891314212291404
0.2311133476192208
0.21422534901844037
0.19825289758586223
0.18321717477619934
0.16916176846103187
0.15615929758107466
0.14432032865599742
0.13380546570250584
0.12484181701176852
0.11774546033083655
0.11295203127840651
0.11105806878035707
0.11287601467399096
0.11950513478464585
0.1324176044758371
0.1535503896672119
0.18537323623805366
0.23086126535849577
0.2932277229904783
0.3751791179250429
0.47742864255373013
0.5964857778129509
0.7226321725306907
0.8401851891210079
0.9318652688186329
0.9857371885639743
0.9997380808663319
0.9805533189872321
0.9388426816066584
0.8848381482122736
0.826224226508659
