201
-1.6903145549918008e-14
5.051514762044462e-15
1.1601830607332886e-14
-4.468647674116255e-15
7.799316747991725e-15
5.828670879282072e-16
-1.0519363158323358e-14
-7.382983113757291e-15
-1.0769163338864018e-14
3.072542220650121e-14
8.770761894538737e-15
-2.0122792321330962e-14
4.85722573273506e-15
-1.4460654895742664e-14
-1.9262369477246466e-14
2.9976021664879227e-15
-1.6403545188836688e-14
8.382183835919932e-15
8.049116928532385e-16
-2.609024107869118e-14
8.298917109073045e-15
-2.32314167902814e-14
4.701794509287538e-14
-1.8596235662471372e-14
-3.4083846855992306e-14
4.518607710224387e-14
2.015054789694659e-14
-2.9476421303797906e-14
4.529709940470639e-14
4.785061236134425e-14
1.3244960683778118e-13
1.936228954946273e-13
-1.1579626146840383e-13
1.383337888682945e-13
-1.2301271112846734e-13
-7.382983113757291e-15
-7.646661082105766e-14
-5.929978730279117e-14
-2.475797344914099e-14
1.6764367671839864e-14
2.4515112162504238e-14
-3.8163916471489756e-14
-4.140437992461443e-14
-4.247990847972005e-14
-5.065392549852277e-16
1.3600232051658168e-15
1.6167622796103842e-14
5.35682609381638e-15
4.642120021713936e-15
-4.7253867485608225e-15
-4.6074255521944e-15
-4.218847493575595e-15
-1.3877787807814457e-16
-1.2351231148954867e-15
-4.0245584642661925e-16
-9.43689570931383e-16
-1.27675647831893e-15
8.187894806610529e-16
-1.4155343563970746e-15
8.881784197001252e-16
-3.927413949611491e-15
3.941291737419306e-15
-3.427813588530171e-15
5.7870375158586285e-15
4.218847493575595e-15
4.9404924595819466e-15
-1.0269562977782698e-15
-4.954370247389761e-15
-3.9968028886505635e-15
-3.497202527569243e-15
-2.040034807748725e-15
3.1086244689504383e-15
4.3576253716537394e-15
-2.9004576518332215e-15
-2.1094237467877974e-15
-1.3461454173580023e-15
-6.356026815979021e-15
-3.899658373995862e-15
-3.0531133177191805e-16
7.494005416219807e-16
-7.077671781985373e-16
-2.7755575615628914e-17
-2.7478019859472624e-15
3.4833247397614286e-15
-1.9012569296705806e-15
-1.1379786002407855e-15
-8.881784197001252e-16
-5.800915303666443e-15
-2.067790383364354e-15
-1.0408340855860843e-15
-7.771561172376096e-16
8.326672684688674e-15
-2.123301534595612e-15
-1.8596235662471372e-15
1.6653345369377348e-16
-2.192690473634684e-15
1.2490009027033011e-15
2.7755575615628914e-16
-7.494005416219807e-16
-1.2212453270876722e-15
1.9984014443252818e-15
4.718447854656915e-16
2.456368441983159e-15
4.399258735077183e-15
-2.858824288409778e-15
4.163336342344337e-16
5.134781488891349e-16
-2.7755575615628914e-16
4.579669976578771e-16
-1.3461454173580023e-15
-2.8449465006019636e-15
-3.7192471324942744e-15
-4.052314039881821e-15
-6.38378239159465e-16
-1.817990202823694e-15
4.163336342344337e-16
1.762479051592436e-15
-4.0245584642661925e-16
6.245004513516506e-16
1.27675647831893e-15
1.7763568394002505e-15
3.0808688933348094e-15
4.718447854656915e-16
3.649858193455202e-15
4.246603069191224e-15
1.1102230246251565e-16
-4.8155923693116165e-15
2.581268532253489e-15
-1.762479051592436e-15
-1.762479051592436e-15
-3.372302437298913e-15
-3.191891195797325e-15
-2.7755575615628914e-15
-2.220446049250313e-15
1.429412144204889e-15
-2.0539125955565396e-15
5.828670879282072e-16
2.4424906541753444e-15
4.246603069191224e-15
-4.163336342344337e-15
5.551115123125783e-17
-2.7478019859472624e-15
1.1102230246251565e-16
-2.7755575615628914e-17
-2.6367796834847468e-15
1.790234627208065e-15
2.345346139520643e-15
-2.3037127760972e-15
-1.887379141862766e-15
2.4980018054066022e-15
-5.7870375158586285e-15
1.6930901125533637e-15
-1.8735013540549517e-15
4.260480856999038e-15
-2.2620794126737565e-15
3.4139358007223564e-15
-1.1796119636642288e-15
-1.942890293094024e-16
-8.326672684688674e-17
1.9845236565174673e-15
3.219646771412954e-15
2.5673907444456745e-15
1.1934897514720433e-15
-1.8596235662471372e-15
-9.159339953157541e-16
4.08006961549745e-15
-6.813993813636898e-15
2.0539125955565396e-15
-1.790234627208065e-15
3.372302437298913e-15
-3.011479954295737e-15
-1.4155343563970746e-15
-1.9012569296705806e-15
-3.58046925441613e-15
2.4702462297909733e-15
-5.134781488891349e-16
4.288236432614667e-15
6.938893903907228e-16
-1.4849232954361469e-15
-3.7192471324942744e-15
6.522560269672795e-16
-2.636779683484747e-16
-1.3877787807814457e-15
1.942890293094024e-16
1.2212453270876722e-15
-5.592748486549226e-15
6.245004513516506e-16
1.27675647831893e-15
-1.762479051592436e-15
9.159339953157541e-16
1.5543122344752192e-15
7.632783294297951e-16
5.828670879282072e-16
-1.8041124150158794e-16
2.0122792321330962e-15
5.134781488891349e-16
2.498001805406602e-16
1.2351231148954867e-15
-3.802513859341161e-15
4.551914400963142e-15
-4.163336342344337e-17
