201
0.9931376624763866
0.9944768041648628
0.9956736305072296
0.996726930190279
0.9976355361973805
0.9983983276036132
0.9990142313508975
0.9994822240004086
0.9998013334586372
0.9999706406741264
0.9999892813000707
0.9998564473219678
0.999571388644261
0.9991334146339934
0.9985418956177596
0.9977962643282685
0.9968960172978154
0.9958407161942218
0.9946299890972945
0.9932635317116221
0.9917411085126727
0.9900625538237416
0.9882277728200899
0.9862367424579119
0.9840895123247905
0.9817862054101145
0.9793270187916816
0.9767122242368534
0.9739421687166525
0.9710172748294288
0.9679380411334201
0.9647050423864199
0.9613189296903968
0.9577804305408519
0.954090348779141
0.9502495644474065
0.9462590335451052
0.9421197876872957
0.9378329336640271
0.9333996529016249
0.9288212008254008
0.9240989061247495
0.9192341699219797
0.9142284648449626
0.909083334005589
0.9038003898852426
0.8983813131294001
0.89282785125294
0.8871418172588531
0.881325088171911
0.8753796034916985
0.8693073635656297
0.8631104278867725
0.8567909133193008
0.8503509922542332
0.8437928907004338
0.8371188863130757
0.830331306365731
0.8234325256671142
0.8164249644300884
0.8093110860943009
0.8020933951090777
0.7947744346796374
0.7873567844824956
0.7798430583535454
0.7722359019546579
0.7645379904227028
0.7567520260070454
0.7488807356985373
0.7409268688575081
0.7328931948423842
0.7247825006475402
0.7165975885516296
0.7083412737844832
0.7000163822147303
0.6916257480644397
0.6831722116561662
0.674658617194084
0.6660878105880567
0.6574626373214463
0.6487859403693917
0.6400605581713333
0.6312893226616877
0.6224750573642379
0.6136205755525279
0.6047286784827749
0.5958021537008937
0.586843773430133
0.5778562930414959
0.5688424496114088
0.5598049605717655
0.5507465224534507
0.5416698097311046
0.5325774737698069
0.5234721418784921
0.5143564164762763
0.5052328743717959
0.49610406616380265
0.48697251576407696
0.4778407200498532
0.46871114864820845
0.4595862438585123
0.4504684207177726
0.44136006721488946
0.4322635446574551
0.4231811882014291
0.414115307544749
0.4050681877985793
0.3960420905369555
0.3870392550386928
0.3780618997290779
0.3691122238286435
0.3601924092239074
0.3513046225691341
0.3424510176322241
0.33363373790065753
0.32485491945976913
0.3161166941639406
0.3074211931158662
0.29877055047592416
0.29016690762480796
0.2816124177015191
0.27310925054545493
0.26465959807201694
0.25626568011228634
0.2479297507560941
0.2396541052326708
0.23144108737663646
0.22329309772302594
0.21521260228522338
0.20720214207149987
0.19926434340247126
0.19140192910086842
0.18361773062365955
0.1759147012241059
0.16829593023250652
0.16076465855376412
0.15332429549348367
0.14597843702873775
0.13873088565878886
0.13158567197394538
0.1245470781038054
0.11761966321229304
0.11080829123073287
0.10411816102863287
0.09755483924744338
0.09112429603790853
0.08483294396168121
0.07868768034413923
0.07269593338233618
0.06686571233777648
0.06120566217100283
0.055725122990519856
0.050434194721419176
0.04534380741267278
0.04046579762763574
0.03581299137193274
0.031399294026653896
0.027239787754309144
0.02335083683413598
0.019750201360586944
0.016457159692813927
0.013492639971758343
0.010879360920599311
0.008641981994953932
0.006807262751741347
0.005404231039164106
0.004464359257221284
0.004021747486156903
0.004113311697167039
0.0047789745234780604
0.0060618551467352825
0.008008453707599124
0.010668824238554486
0.01409672840505797
0.0183497602693484
0.023489429837832455
0.029581190261089567
0.03669439021779907
0.04490212922742513
0.05428098943927795
0.06491061293471413
0.07687308893907895
0.09025211084361573
0.10513185902796839
0.12159556274979656
0.1397236936694867
0.15959174594379177
0.18126756458673107
0.204808196460578
0.2302562584337564
0.2576358465251615
0.2869480494249315
0.3181661800791909
0.3512308992289984
0.3860454721547243
0.42247146923529455
0.46032528430645214
0.4993758915069812
0.5393442785120499
0.5799049687817339
