201
0.3820943605268954
0.38255171602751004
0.3829981720027559
0.3834336267545186
0.38385797522603915
0.3842711089183438
0.38467291580301227
0.3850632802319369
0.3854420828435763
0.38580920046519546
0.3861645060118196
0.3865078683810965
0.3868391523439601
0.38715821843117265
0.38746492281558637
0.38775911718954603
0.3880406486378404
0.38830935950545165
0.38856508726024974
0.3888076643503117
0.3890369180555199
0.38925267033355165
0.38945473765940414
0.3896429308590388
0.3898170549359679
0.3899769088910912
0.39012228553551176
0.3902529712952592
0.39036874600894655
0.3904693827163612
0.3905546474391277
0.39062429895196066
0.39067808854487385
0.3907157597751304
0.3907370482095092
0.3907416811553035
0.39072937738031904
0.39069984682128384
0.39065279027951566
0.3905878991040508
0.39050485486123276
0.39040332898987157
0.3902829824420521
0.3901434653079287
0.3899844164246199
0.3898054629675678
0.3896062200247224
0.38938629015092174
0.38914526290359297
0.3888827143568938
0.388598206594772
0.38829128718072736
0.3879614886040289
0.3876083277003468
0.38723130504636283
0.3868299043263397
0.38640359166957633
0.3859518149571336
0.3854740030964741
0.3849695652618941
0.38443789009968576
0.3838783448952911
0.3832902747014995
0.38267300142492633
0.3820258228687156
0.3813480117295675
0.3806388145462833
0.3798974505976312
0.37912311074636024
0.3783149562276334
0.37747211737738473
0.376593692299103
0.3756787454649579
0.3747263062478632
0.37373536738113544
0.3727048833424441
0.3716337686571967
0.37052089611843764
0.3693650949182695
0.3681651486866344
0.3669197934334465
0.3656277153886963
0.36428754873606894
0.3628978732354543
0.3614572117285595
0.3599640275238707
0.3584167216543953
0.3568136300040562
0.35515302029762597
0.3534330889491885
0.3516519577644033
0.34980767049291966
0.3478981892262372
0.3459213906385886
0.3438750620685105
0.3417568974393468
0.3395644930188749
0.33729534302054487
0.3349468350492537
0.3325162453983076
0.33000073420750536
0.3273973404954889
0.3247029770838551
0.32191442543834436
0.3190283304557281
0.3160411952368577
0.3129493758939857
0.3097490764537102
0.30643634393060587
0.30300706366434493
0.2994569550345613
0.29578156769122527
0.2919762784701346
0.28803628919753854
0.28395662563236646
0.2797321378452205
0.27535750239564677
0.2708272267432169
0.2661356564177858
0.26127698557817663
0.2562452717189537
0.2510344554351726
0.24563838633899757
0.2400508564385129
0.23426564255182625
0.22827655964046162
0.22207752731696717
0.21566265222656422
0.20902632952746536
0.20216336732294493
0.19506913863473485
0.18773976638450374
0.1801723478705515
0.1723652264267765
0.16431831933219526
0.15603351263045281
0.14751513531832494
0.13877052736360174
0.12981071819620094
0.12065123460554761
0.11131305926935402
0.10182376322842804
0.09221883720931204
0.08254324731830623
0.0728532395850424
0.06321841417800181
0.05372408245676997
0.04447390657927122
0.035592799758169896
0.02723003253535436
0.019562443185282743
0.012797584906574976
0.007176555609071064
0.0029761461312533236
0.0005098113854015754
0.0001268240813309103
0.002208829901705256
0.007162917417155495
0.015410293229668278
0.027369776438350046
0.04343566888226566
0.063950181875414
0.0891715294159484
0.11923997503302684
0.15414536997633374
0.1937007416803009
0.2375268954375746
0.2850524179673575
0.33553174725558654
0.3880812645197872
0.4417302187921294
0.49548051650685915
0.548367783449205
0.5995160952202438
0.6481803266271899
0.6937726690999302
0.735872744699706
0.7742231936442102
0.8087141883506498
0.8393609263199661
0.8662779405563982
0.8896533377099433
0.9097251363722754
0.9267609652870887
0.9410416306280984
0.9528485237081143
0.9624545074787559
0.9701177534499661
0.9760779525805465
0.9805543503246958
0.983745122735077
0.9858276930682806
0.9869596714847682
0.9872801758173957
0.9869113552964479
0.9859599907824007
0.984519085283307
0.9826693888705669
0.980480824355127
0.978013795928002
0.9753203739248608
