201
0.032957722715653726
0.03381594068690398
0.03469353291183096
0.03559085954207214
0.03650828539528859
0.037446179951654196
0.03840491734747582
0.03938487636614978
0.040386440425875685
0.04140999756452682
0.04245594042081985
0.04352466621233119
0.04461657670991009
0.04573207820802101
0.04687158149149746
0.048035501798169594
0.049224258776780015
0.05043827644138255
0.051677983119820886
0.0529438113988935
0.05423619806324909
0.05555558402976425
0.05690241427679967
0.05827713776689115
0.05968020736492052
0.06111207974939897
0.06257321531800676
0.06406407808672328
0.06558513558216378
0.06713685872734297
0.06871972172045944
0.07033420190601958
0.07198077963893491
0.07365993814107498
0.07537216334914178
0.07711794375528389
0.07889777023876901
0.08071213588944827
0.08256153582224768
0.08444646698246305
0.0863674279419824
0.08832491868632049
0.09031944039132761
0.09235149519028933
0.09442158593101774
0.0965302159225977
0.09867788867112756
0.10086510760531156
0.10309237579049546
0.10536019563232736
0.10766906856812723
0.11001949474768837
0.11241197270162122
0.11484699899846036
0.11732506788949529
0.11984667094138207
0.12241229665705008
0.12502243008345124
0.12767755240771703
0.13037814054006783
0.13312466668478704
0.1359175978980317
0.13875739563332176
0.1416445152742694
0.14457940565466582
0.14756250856597855
0.15059425825235948
0.1536750808931003
0.1568053940729067
0.15998560623963054
0.1632161161507196
0.16649731230692813
0.16982957237520405
0.17321326259955935
0.17664873720172128
0.18013633777062377
0.18367639264121682
0.18726921626455598
0.19091510856699725
0.19461435430152044
0.19836722239024157
0.20217396525879677
0.20603481816428534
0.2099499985153609
0.2139197051878979
0.21794411783438628
0.2220233961895968
0.22615767937280354
0.2303470851866156
0.2345917094153488
0.23889162512187423
0.24324688194496008
0.24765750539827797
0.25212349617154617
0.2566448294361218
0.2612214541546911
0.2658532923976575
0.2705402386665922
0.27528215922757726
0.2800788914530956
0.28493024317700494
0.28983599206213867
0.2947958849820166
0.2998096374191723
0.3048769328817745
0.3099974223373845
0.31517072367050114
0.32039642115932687
0.3256740649797992
0.3310031707330095
0.3363832190009437
0.34181365493120114
0.34729388785270626
0.35282329092290665
0.3584012008099272
0.3640269174096213
0.36969970360049037
0.37541878503630605
0.3811833499807132
0.3869925491816753
0.3928454957904934
0.3987412653257118
0.40467889568146054
0.4106573871847618
0.41667570270051046
0.4227327677859053
0.4288274708960744
0.43495866364145186
0.44112516109622074
0.4473257421623811
0.4535591499855928
0.4598240924270023
0.46611924258846466
0.47244323939532934
0.47879468823192883
0.485172161634509
0.49157420003882774
0.4979993125828978
0.5044459779656847
0.5109126453573938
0.517397735367208
0.5238996410609652
0.5304167290325036
0.5369473405250567
0.5434897926027411
0.5500423793707087
0.5566033732409577
0.5631710262450587
0.5697435713882916
0.5763192240464675
0.5828961834020857
0.5894726339161217
0.5960467468366991
0.6026166817392038
0.6091805880948389
0.6157366068683799
0.6222828721395011
0.6288175127447946
0.6353386539390588
0.6418444190722897
0.6483329312782102
0.6548023151731421
0.6612506985599136
0.667676214135789
0.6740770011983165
0.6804512073500483
0.6867969901935365
0.693112519018308
0.6993959764738789
0.7056455602253611
0.7118594845898978
0.7180359821502078
0.7241733053427604
0.7302697280150495
0.7363235469530333
0.7423330833723191
0.7482966843733401
0.7542127243544074
0.7600796063843362
0.7658957635279491
0.7716596601264659
0.7773697930261766
0.783024692757161
0.7886229246588322
0.7941630899491855
0.7996438267389908
0.805063810987176
0.8104217573973492
0.8157164202540951
0.8209465941984867
0.8261111149408183
0.831208859912338
0.8362387488530882
0.8411997443365692
0.8460908522326162
0.8509111221053769
0.8556596475499141
0.8603355664651825
0.8649380612661045
0.8694663590334374
0.8739197316036496
