201
-1.2878587085651816e-14
-4.884981308350689e-15
-1.0658141036401503e-14
1.2545520178264269e-14
4.551914400963142e-15
1.63202784619898e-14
-9.992007221626409e-16
-4.440892098500626e-15
2.142730437526552e-14
6.994405055138486e-15
7.771561172376096e-15
-9.880984919163893e-15
1.6653345369377348e-14
1.1102230246251565e-16
-2.142730437526552e-14
-4.973799150320701e-14
8.43769498715119e-15
1.5543122344752192e-15
-1.5654144647214707e-14
-3.930189507173054e-14
2.220446049250313e-15
3.8968828164342995e-14
7.882583474838611e-15
-7.549516567451064e-15
-9.992007221626409e-15
-2.220446049250313e-15
7.105427357601002e-15
3.11972669919669e-14
1.8762769116165146e-14
5.850875339774575e-14
-3.197442310920451e-14
-4.4297898682543746e-14
3.097522238704187e-14
8.881784197001252e-15
8.615330671091215e-14
-1.3933298959045715e-14
4.579669976578771e-14
-7.710498906021712e-14
-2.8976820942716586e-14
2.4924506902834764e-14
-4.8183679268731794e-14
-1.049160758270773e-14
-3.6637359812630166e-14
-3.502753642692369e-14
6.589173651150304e-14
1.872946242542639e-13
-4.973799150320701e-14
-3.008704396734174e-14
1.2678746941219288e-13
2.3314683517128287e-14
2.942091015256665e-14
1.021405182655144e-14
-3.008704396734174e-14
9.015010959956271e-14
-1.6431300764452317e-14
5.545564008002657e-14
-7.888134589961737e-14
-2.353672812205332e-14
1.8318679906315083e-15
-2.8976820942716586e-14
4.649058915617843e-14
9.520162436160717e-15
1.0144662887512368e-13
-5.290212712338871e-14
-7.041589533685055e-14
4.285460875053104e-14
6.283862319378386e-14
-8.854028621385623e-14
1.563749130184533e-13
-4.2021941482062175e-14
5.168088179630104e-14
1.6431300764452317e-13
-3.039235529911366e-14
2.6875723868613477e-13
-2.0289325775024736e-14
9.539591339091658e-14
2.3830937223578985e-13
-3.1530333899354446e-14
-2.1696533458737122e-13
-3.932965064734617e-13
3.2451819009793326e-13
-3.677613769070831e-14
2.288447209508604e-13
8.89843754237063e-14
-1.403765992336048e-12
-5.313249840099843e-13
3.6319558471831215e-12
2.0501933484240453e-12
-1.0285911011820303e-11
-2.2677693056749604e-12
1.4773182677174646e-12
7.088774012231625e-14
-9.395262345890387e-14
5.923594947887523e-13
-4.0245584642661925e-14
4.376499163072367e-13
1.0269562977782698e-13
7.538414337204813e-14
2.275957200481571e-15
-9.242606680004428e-15
-4.438116540939063e-14
-2.581546088009645e-13
-9.353628982466944e-14
1.438849039914203e-13
-1.4768741785076145e-13
1.0041967257734541e-13
3.4333647036532966e-14
-7.194245199571014e-14
1.19598775327745e-13
-5.2513549064769904e-14
6.428191312579656e-14
-2.1288526497187377e-14
3.441691376337985e-14
9.381384558082573e-14
5.495603971894525e-15
8.992806499463768e-15
3.352873534367973e-14
-1.5543122344752192e-15
5.034861416675085e-14
-1.9872992140790302e-14
-1.0880185641326534e-14
1.9317880628477724e-14
3.241851231905457e-14
9.825473767932635e-15
3.0253577421035516e-14
-5.229150445984487e-14
3.325117958752344e-14
-4.2243986086987206e-14
-1.4432899320127035e-15
1.5154544286133387e-14
-1.2656542480726785e-14
-1.4876988529977098e-14
1.2101430968414206e-14
-3.114175584073564e-14
2.020605904817785e-14
-6.38378239159465e-15
2.270406085358445e-14
-4.0467629247586956e-14
-4.424238753131249e-14
-1.865174681370263e-14
9.992007221626409e-16
2.1926904736346842e-14
-1.5654144647214707e-14
-1.6708856520608606e-14
-8.493206138382448e-15
-9.547918011776346e-15
1.8318679906315083e-15
-9.992007221626409e-16
-6.5503158452884236e-15
4.551914400963142e-15
3.164135620181696e-15
4.218847493575595e-15
2.4980018054066022e-15
1.0658141036401503e-14
2.4980018054066022e-15
-3.552713678800501e-15
1.3211653993039363e-14
-1.3988810110276972e-14
9.547918011776346e-15
2.4980018054066022e-15
1.9984014443252818e-15
-3.042011087472929e-14
-5.88418203051333e-15
-4.551914400963142e-15
-2.6645352591003757e-15
1.6209256159527285e-14
-7.66053886991358e-15
2.3314683517128287e-14
4.440892098500626e-15
1.9206858326015208e-14
-2.886579864025407e-15
-1.1879386363489175e-14
2.220446049250313e-15
-1.9539925233402755e-14
1.0880185641326534e-14
-1.3322676295501878e-15
1.3433698597964394e-14
3.885780586188048e-15
-2.7422508708241367e-14
2.0317081350640365e-14
4.884981308350689e-15
5.440092820663267e-15
-1.554312234475219e-14
2.220446049250313e-16
-4.107825191113079e-15
1.1546319456101628e-14
-1.7763568394002505e-15
1.3322676295501878e-15
1.2656542480726785e-14
-3.3306690738754696e-15
-5.329070518200751e-15
1.6653345369377348e-15
-9.880984919163893e-15
-1.4988010832439613e-14
-1.3322676295501878e-14
8.659739592076221e-15
2.55351295663786e-15
4.218847493575595e-15
1.2545520178264269e-14
2.9976021664879227e-15
-1.8318679906315083e-14
