201
0.8713766259524381
0.872371486848021
0.8733496695113793
0.8743125101546445
0.8752611915818898
0.8761967655974826
0.8771201713974698
0.8780322507901481
0.878933760888355
0.8798253847679167
0.8807077404769512
0.8815813886965604
0.8824468392919418
0.8833045569438657
0.8841549660133016
0.884998454763154
0.8858353790375848
0.886666065481947
0.8874908143711268
0.8883099021033515
0.8891235834061275
0.8899320932941367
0.890735648811793
0.8915344505898326
0.8923286842379465
0.8931185215955153
0.8939041218568274
0.894685632586204
0.89546319063558
0.896236922976137
0.8970069474528506
0.897773373471751
0.8985363026253019
0.8992958292643571
0.9000520410207058
0.9008050192860111
0.9015548396514789
0.9023015723116287
0.9030452824360496
0.9037860305120643
0.9045238726611671
0.9052588609307235
0.9059910435648059
0.9067204652542764
0.9074471673692523
0.908171188174452
0.9088925630295815
0.9096113245757246
0.9103275029088175
0.9110411257409667
0.9117522185518793
0.912460804728861
0.9131669056987425
0.9138705410505091
0.9145717286504182
0.9152704847493854
0.915966824084005
0.9166607599707548
0.9173523043945859
0.9180414680920712
0.9187282606294196
0.919412690475476
0.9200947650706024
0.9207744908914
0.9214518735112531
0.9221269176575503
0.9227996272654315
0.9234700055282739
0.9241380549451473
0.9248037773658795
0.9254671740326579
0.92612824562015
0.9267869922726093
0.9274434136389462
0.9280975089058578
0.9287492768289973
0.9293987157621202
0.9300458236846583
0.930690598227804
0.931333036698712
0.9319731361033645
0.932610893168331
0.9332463043607303
0.9338793659075078
0.9345100738129847
0.9351384238757978
0.935764411704388
0.9363880327317813
0.9370092822292951
0.9376281553193008
0.9382446469872127
0.9388587520927711
0.9394704653802299
0.9400797814881965
0.9406866949584443
0.9412912002443359
0.9418932917184354
0.9424929636795828
0.9430902103593501
0.9436850259281192
0.9442774045003501
0.944867340139624
0.9454548268630835
0.9460398586454318
0.9466224294225197
0.9472025330945202
0.9477801635286329
0.9483553145616515
0.9489279800017701
0.9494981536305533
0.9500658292039472
0.950631000453666
0.9511936610876959
0.9517538047909415
0.9523114252252327
0.9528665160293105
0.9534190708184436
0.9539690831839096
0.9545165466920087
0.9550614548831501
0.9556038012704637
0.9561435793383484
0.9566807825407074
0.9572154042991317
0.957747438000709
0.9582768769957928
0.9588037145955111
0.9593279440691287
0.9598495586412252
0.9603685514887239
0.9608849157377858
0.9613986444603668
0.9619097306709239
0.9624181673227815
0.9629239473042366
0.9634270634347857
0.9639275084610862
0.9644252750526263
0.9649203557975679
0.9654127431981646
0.9659024296661296
0.9663894075180407
0.9668736689702655
0.9673552061341271
0.9678340110105699
0.9683100754850316
0.968783391321906
0.9692539501590636
0.9697217435021043
0.97018676271846
0.9706489990315607
0.971108443514619
0.9715650870843127
0.9720189204945414
0.9724699343296982
0.9729181189979964
0.9733634647246932
0.9738059615449934
0.9742455992968548
0.9746823676136588
0.9751162559167049
0.9755472534075247
0.9759753490600026
0.9764005316122764
0.9768227895586199
0.9772421111408793
0.9776584843398985
0.9780718968667019
0.9784823361534126
0.9788897893439824
0.9792942432847227
0.9796956845145319
0.9800940992549523
0.9804894733999168
0.980881792505307
0.9812710417780929
0.9816572060654599
0.9820402698433004
0.982420217204711
0.9827970318479935
0.9831706970643628
0.9835411957253817
0.9839085102700182
0.984272622691195
0.9846335145222328
0.9849911668226229
0.9853455601636012
0.9856966746131349
0.9860444897205277
0.986388984500592
0.9867301374172762
0.9870679263667723
0.9874023286602223
0.9877333210056694
0.9880608794896208
0.9883849795578958
0.9887055959958775
0.9890227029081526
0.9893362736973788
0.9896462810425155
0.9899526968763233
