201
0.9999419273071057
0.9999147830853939
0.999882754140997
0.9998459766935295
0.9998045865945318
0.9997587192923819
0.9997085097960217
0.999654092638862
0.999595601841996
0.9995331708770075
0.9994669326288789
0.9993970193582293
0.9993235626636748
0.9992466934441108
0.999166541860679
0.999083237299007
0.9989969083314656
0.9989076826793448
0.998815687175316
0.9987210477263679
0.9986238892764367
0.9985243357698468
0.9984225101148994
0.9983185341480345
0.9982125285980475
0.9981046130515184
0.997994905918044
0.9978835243964723
0.9977705844418158
0.9976562007325599
0.9975404866389864
0.997423554191917
0.9973055140525935
0.9971864754831892
0.9970665463180297
0.9969458329360883
0.9968244402339217
0.9967024715999713
0.9965800288894016
0.9964572124004354
0.996334120851075
0.9962108513573762
0.9960874994124891
0.9959641588667907
0.9958409219091283
0.9957178790491237
0.9955951191005453
0.9954727291657687
0.995350794621455
0.9952293991051655
0.995108624503068
0.9949885509390812
0.9948692567646609
0.9947508185501563
0.9946333110768389
0.994516807330292
0.9944013784948804
0.9942870939492209
0.9941740212627009
0.9940622261931892
0.9939517726856707
0.993842722871969
0.9937351370715183
0.9936290737929933
0.9935245897371388
0.9934217398004288
0.9933205770796503
0.9932211528775639
0.9931235167092263
0.9930277163095096
0.9929337976412304
0.9928418049041765
0.9927517805450613
0.9926637652680877
0.9925777980464244
0.9924939161343791
0.9924121550802006
0.9923325487397534
0.9922551292906663
0.9921799272471621
0.992106971475558
0.9920362892103607
0.9919679060708013
0.9919018460778541
0.991838131672083
0.9917767837315223
0.9917178215903402
0.991661263057711
0.9916071244371406
0.9915554205462109
0.9915061647366211
0.9914593689144737
0.9914150435609672
0.9913731977531794
0.9913338391853224
0.9912969741899952
0.9912626077597172
0.9912307435685284
0.9912013839939331
0.9911745301387063
0.9911501818529838
0.9911283377563425
0.9911089952598156
0.9910921505882356
0.9910777988022945
0.9910659338206841
0.9910565484422841
0.9910496343681476
0.9910451822235706
0.9910431815800058
0.9910436209768192
0.9910464879430358
0.9910517690188198
0.9910594497770069
0.9910695148441948
0.9910819479218809
0.9910967318073924
0.9911138484143476
0.9911332787933629
0.9911550031519919
0.9911790008749508
0.99120525054367
0.9912337299558016
0.9912644161444707
0.9912972853970801
0.9913323132740162
0.991369474626924
0.9914087436168212
0.9914500937316851
0.9914934978039432
0.9915389280275122
0.9915863559745908
0.9916357526119565
0.9916870883172153
0.9917403328944137
0.9917954555894622
0.991852425105153
0.9919112096158922
0.9919717767820578
0.99203409376383
0.9920981272349958
0.9921638433960502
0.9922312079871825
0.992300186300781
0.9923707431935782
0.9924428430984731
0.9925164500359335
0.992591527625087
0.9926680390944536
0.992745947292208
0.9928252146962513
0.9929058034236569
0.992987675240129
0.9930707915687779
0.9931551134985842
0.993240601792634
0.993327216896025
0.9934149189431241
0.9935036677648048
0.9935934228951357
0.9936841435778085
0.9937757887722034
0.9938683171590437
0.9939616871457929
0.9940558568716755
0.9941507842123575
0.9942464267843056
0.9943427419487301
0.9944396868154153
0.9945372182459505
0.9946352928567811
0.99473386702192
0.9948328968753768
0.9949323383131627
0.9950321469951187
0.9951322783461761
0.9952326875577517
0.9953333295883082
0.995434159164037
0.9955351307789694
0.9956361986949065
0.9957373169410697
0.9958384393133095
0.9959395193732075
0.9960405104467782
0.9961413656228322
0.9962420377511784
0.9963424794404477
0.9964426430556874
0.9965424807155508
0.9966419442893614
0.9967409853938499
0.9968395553894998
0.9969376053767415
0.9970350861918351
0.9971319484024208
0.9972281423029096
0.9973236179093979
0.9974183249545702
0.997512212882067
0.9976052308408041
