201
0.46705205141078565
0.4669383083720313
0.4668169580085926
0.46668858584434336
0.46655371410310054
0.4664128108776637
0.46626629766097305
0.46611455558346543
0.46595793061799917
0.46579673795394444
0.465631265696854
0.46546177801654715
0.465288517840891
0.4651117091728757
0.46493155909342776
0.4647482595004736
0.46456198862552667
0.46437291236150025
0.4641811854299346
0.4639869524103098
0.4637903486513706
0.46359150108009306
0.4633905289223095
0.46318754434639375
0.46298265303975294
0.4627759547266094
0.4625675436341601
0.4623575089132056
0.46214593501872137
0.46193290205478327
0.46171848608787847
0.4615027594321989
0.46128579090967237
0.46106764608770145
0.46084838749663415
0.46062807482921797
0.46040676512379797
0.46018451293277096
0.4599613704777643
0.45973738779285894
0.4595126128569275
0.45928709171593324
0.45906086859640155
0.4588339860105589
0.45860648485406225
0.4583784044967718
0.45814978286737573
0.4579206565321835
0.4576910607686817
0.4574610296341854
0.45723059603014504
0.45699979176216254
0.45676864759641117
0.45653719331235487
0.45630545775245446
0.456073468868594
0.4558412537660332
0.4556088387445203
0.45537624933719434
0.4551435103471374
0.4549106458819744
0.4546776793864706
0.4544446336733206
0.45421153095233047
0.45397839285799557
0.4537452404756244
0.4535120943660938
0.4532789745893632
0.45304590072670115
0.45281289190194823
0.4525799668015202
0.4523471436936255
0.45211444044647586
0.45188187454553097
0.45164946311010534
0.4514172229091049
0.4511851703759837
0.4509533216231511
0.45072169245565097
0.45049029838422916
0.4502591546378734
0.45002827617577823
0.44979767769880385
0.4495673736604719
0.44933737827748127
0.4491077055397955
0.44887836922033497
0.448649382884304
0.44842075989804114
0.44819251343767696
0.4479646564973653
0.4477372018972311
0.44751016229096896
0.4472835501733009
0.44705737788695454
0.44683165762962906
0.4466064014604812
0.4463816213066012
0.4461573289690756
0.44593353612901054
0.4457102543532359
0.4454874950998854
0.44526526972378294
0.4450435894816547
0.4448224655371805
0.4446019089659115
0.4443819307599848
0.4441625418327994
0.4439437530234249
0.44372557510101907
0.44350801876901363
0.4432910946692814
0.4430748133860953
0.4428591854500712
0.44264422134197606
0.4424299314964045
0.44221632630543345
0.4420034161221524
0.4417912112641016
0.4415797220166641
0.44136895863635506
0.4411589313540831
0.4409496503782735
0.4407411258979883
0.4405333680859913
0.4403263871016682
0.44012019309401984
0.43991479620450097
0.43971020656986515
0.43950643432491493
0.4393034896052994
0.43910138255012066
0.4389001233046531
0.43869972202296453
0.43850018887044356
0.43830153402639216
0.4381037676865323
0.43790690006548605
0.43771094139925787
0.43751590194764073
0.4373217919966387
0.4371286218608719
0.43693640188593635
0.43674514245071894
0.4365548539697831
0.436365546895669
0.43617723172116774
0.4359899189816461
0.4358036192572958
0.4356183431754166
0.43543410141267974
0.4352509046973609
0.43506876381159043
0.4348876895936022
0.43470769293995587
0.43452878480776
0.4343509762169317
0.4341742782524207
0.4339987020664078
0.433824258880565
0.4336509599882997
0.4334788167569553
0.43330784063011574
0.43313804312977655
0.4329694358586962
0.4328020305025764
0.4326358388323935
0.4324708727066434
0.43230714407369053
0.4321446649740339
0.4319834475426232
0.43182350401123804
0.43166484671081295
0.43150748807379957
0.431351440636566
0.4311967170417926
0.4310433300409104
0.43089129249651414
0.4307406173848557
0.43059131779832177
0.4304434069479328
0.4302968981658992
0.430151804908166
0.43000814075699617
0.429865919423586
0.42972515475071427
0.42958586071540494
0.42944805143164866
0.4293117411530831
0.4291769442758338
0.42904367534125387
0.42891194903876645
0.42878178020877833
0.42865318384552487
0.42852617510005664
0.428400769283202
0.42827698186862273
0.42815482849583664
0.4280343249733526
0.4279154872818266
0.42779833157727254
