201
0.6269906563102948
0.6222473397745252
0.6175140187225693
0.6127924565870035
0.6080842873212452
0.6033910225944087
0.5987140586559452
0.5940546828843725
0.5894140800225073
0.5847933381159909
0.5801934541573432
0.5756153394515987
0.5710598247105813
0.5665276648854785
0.5620195437521058
0.5575360782545861
0.5530778226194967
0.5486452722522465
0.5442388674207791
0.5398589967425139
0.5355060004776581
0.5311801736420942
0.526881768949019
0.522610999580947
0.5183680418121531
0.514153037477477
0.5099660963027367
0.5058072981015058
0.5016766948442194
0.4975743126086399
0.49350015341571807
0.4894541969587572
0.48543640222931644
0.4814467090503022
0.4774850395137319
0.4735512993362249
0.4696453791306425
0.4657671556034794
0.46191649267794355
0.45809324254921063
0.454297246675916
0.45052833670993214
0.4467863353693656
0.4430710572570698
0.43938230962807995
0.4357198931101857
0.43208360237698257
0.42847322678062777
0.4248885509423847
0.4213293553066033
0.4177954166589351
0.4142865086104609
0.4108024020502371
0.4073428655691389
0.40390766585415083
0.400496568057702
0.3971093361413668
0.39374573319716777
0.3904055217460517
0.3870884640161609
0.38379432220224935
0.3805228587062424
0.37727383636087125
0.37404701863780754
0.3708421698400145
0.3676590552802921
0.36449744144665236
0.36135709615506106
0.3582377886904847
0.35513928993722776
0.35206137249831765
0.34900381080653536
0.34596638122478834
0.342948862139072
0.33995103404362476
0.33697267961766625
0.33401358379633705
0.33107353383426896
0.32815231936331546
0.32524973244511546
0.3223655676175541
0.3194996219363967
0.31665169501322393
0.31382158904742785
0.31100910885566724
0.30821406189675393
0.30543625829300747
0.3026755108492432
0.2999316350671165
0.2972044491583708
0.2944937740545544
0.29179943341384096
0.2891212536271638
0.28645906382051894
0.2838126958565494
0.281181984334036
0.2785667665852973
0.2759668826726559
0.2733821753832525
0.2708124902227966
0.26825767540774953
0.2657175818570064
0.2631920631818159
0.2606809756758775
0.2581841783035539
0.25570153268834517
0.2532329030996491
0.25077815644020235
0.24833716223167646
0.24590979260101423
0.24349592226552685
0.2410954285180106
0.23870819121141323
0.23633409274346825
0.2339730180408107
0.2316248545430894
0.22928949218719047
0.22696682339046995
0.2246567430352819
0.22235914845197638
0.2200739394032527
0.21780101806738197
0.21554028902219088
0.21329165922874055
0.21105503801535597
0.20883033706130769
0.20661747038112685
0.20441635430871166
0.20222690748140135
0.20004905082479954
0.19788270753707538
0.1957278030738955
0.1935842651333581
0.19145202364101965
0.1893310107354329
0.18722116075341963
0.18512241021592207
0.1830346978139439
0.1809579643946961
0.17889215294784672
0.1768372085922651
0.17479307856258836
0.17275971219643102
0.1707370609216422
0.1687250782434815
0.16672371973257868
0.1647329430127083
0.16275270774884573
0.1607829756356387
0.15882371038588733
0.15687487771921663
0.15493644535109563
0.1530083829821067
0.15109066228721382
0.14918325690528084
0.147286142429047
0.14539929639489152
0.14352269827305444
0.14165632945805465
0.139800173258963
0.13795421489032753
0.13611844146297206
0.13429284197486732
0.13247740730234656
0.13067213019149457
0.12887700524952816
0.1270920289364218
0.12531719955654239
0.12355251725051276
0.12179798398725548
0.12005360355594374
0.11831938155810892
0.11659532540005398
0.11488144428511206
0.11317774920602373
0.11148425293732045
0.10980097002817875
0.10812791679472196
0.1064651113127558
0.10481257341043747
0.10317032466102252
0.10153838837553923
0.09991678959553892
0.09830555508583627
0.09670471332721814
0.09511429450911857
0.09353433052241358
0.0919648549519743
0.09040590306935523
0.088857511825208
0.0873197198418408
0.08579256740580128
0.08427609645985021
0.08277035059552121
0.08127537504513459
0.07979121667373852
0.07831792397112582
0.07685554704359214
0.07540413760543935
0.07396374897058897
0.0725344360438127
