201
0.22985452737020162
0.2295413201417302
0.2292291920665961
0.2289182319971585
0.22860851454864226
0.22830010232061318
0.22799304771147252
0.22768739441223998
0.22738317864593563
0.22708043020242635
0.22677917330837807
0.22647942736259222
0.22618120756098317
0.22588452543042506
0.22558938928685443
0.22529580463018228
0.2250037744859904
0.22471329970231085
0.22442437920846087
0.22413701024130106
0.2238511885438657
0.22356690854009598
0.22328416348903035
0.22300294562120063
0.22272324625960888
0.2224450559272972
0.22216836444308846
0.2218931610071512
0.22161943427743105
0.2213471724382153
0.22107636326159766
0.22080699416281857
0.22053905225002596
0.22027252436917527
0.22000739714456805
0.2197436570155038
0.21948129026948743
0.21922028307226055
0.21896062149507822
0.2187022915395513
0.21844527916015766
0.21818957028471161
0.21793515083302537
0.21768200673407906
0.21743012394135094
0.217179488447167
0.21693008629557872
0.216681903594287
0.21643492652543017
0.21618914135553047
0.21594453444465103
0.21570109225470283
0.21545880135714857
0.21521764844000188
0.2149776203143177
0.21473870392015862
0.2145008863321272
0.2142641547642552
0.21402849657485645
0.21379389927069156
0.21356035051103595
0.21332783811127165
0.2130963500463647
0.21286587445401686
0.2126363996375434
0.21240791406872792
0.21218040639024302
0.21195386541815814
0.21172828014405964
0.2115036397372957
0.21127993354676083
0.21105715110295267
0.21083528211964436
0.21061431649556459
0.21039424431603831
0.21017505585449262
0.2099567415739864
0.20973929212856732
0.20952269836469084
0.20930695132260504
0.20909204223758185
0.20887796254126892
0.20866470386298064
0.20845225803087
0.20824061707325967
0.2080297732198804
0.20781971890309817
0.20761044675916018
0.20740194962951686
0.2071942205620083
0.2069872528122458
0.2067810398448684
0.2065755753348964
0.20637085316915801
0.20616686744752846
0.205963612484519
0.20576108281064542
0.20555927317398873
0.2053581785416374
0.2051577941013807
0.20495811526328667
0.20475913766135756
0.20456085715525915
0.20436326983219338
0.2041663720085936
0.203970160232093
0.2037746312834629
0.2035797821786149
0.203385610170715
0.2031921127522175
0.20299928765723735
0.20280713286366936
0.2026156465956444
0.20242482732588263
0.20223467377825366
0.20204518493032386
0.2018563600160193
0.20166819852835918
0.20148070022234776
0.20129386511777492
0.20110769350231644
0.20092218593460892
0.20073734324741926
0.20055316655096075
0.20036965723630365
0.2001868169787828
0.20000464774167637
0.19982315177987192
0.19964233164370646
0.1994621901828234
0.1992827305503151
0.1991039562068268
0.19892587092478944
0.1987484787929577
0.19857178422082228
0.1983957919433184
0.19822050702561586
0.19804593486811087
0.19787208121139332
0.19769895214157504
0.19752655409564474
0.19735489386689184
0.1971839786107496
0.19701381585045397
0.19684441348324744
0.19667577978637862
0.1965079234235551
0.196340853451408
0.19617457932625235
0.19600911091095416
0.19584445848198004
0.1956806327368332
0.19551764480135844
0.19535550623749653
0.19519422905129188
0.1950338257009083
0.19487430910511383
0.1947156926517078
0.19455799020649636
0.1944012161223002
0.19424538524836815
0.19409051293982235
0.19393661506769558
0.19378370802894251
0.19363180875687375
0.1934809347319767
0.193331103992793
0.1931823351472959
0.1930346473845544
0.19288806048667476
0.1927425948411131
0.19259827145334987
0.19245511195982096
0.19231313864147936
0.1921723744373066
0.19203284295870154
0.19189456850390524
0.19175757607302457
0.19162189138338276
0.19148754088549635
0.19135455177919306
0.1912229520306155
0.19109277038923023
0.19096403640582554
0.1908367804506801
0.19071103373231652
0.19058682831708443
0.19046419714884982
0.1903431740697207
0.19022379384110194
0.19010609216542942
0.18999010570863517
0.18987587212325202
0.1897634300721396
0.18965281925298927
0.18954408042361467
0.18943725542782905
0.1893323872224055
0.18922951990454318
0.18912869874038535
0.18902997019439904
