201
0.8323004241882717
0.8335138132780019
0.8346278930670881
0.835642377872542
0.8365564070697095
0.8373685230064629
0.8380766394856082
0.838678000185431
0.8391691260787757
0.8395457505757827
0.839802740745514
0.839934002543558
0.8399323674643104
0.8397894574329912
0.8394955240154784
0.8390392571223875
0.8384075572783825
0.837585264146639
0.8365548322936232
0.8352959430376291
0.8337850385446454
0.831994760969696
0.8298932751957474
0.8274434483773382
0.8246018527448711
0.8213175496277378
0.8175306019703228
0.8131702492811324
0.808152662445371
0.8023781757590425
0.7957278697375212
0.7880593513362181
0.7792015503225623
0.7689483269591164
0.7570506783315579
0.7432073616355399
0.7270538670401074
0.7081499538942827
0.6859665640771057
0.6598741134023981
0.6291363880101101
0.5929182444424872
0.550321987468877
0.5004775586171718
0.4427250339286636
0.37693912771013277
0.30403748027239275
0.22665087221021452
0.14976540202244817
0.08087707015079101
0.029023755428238242
0.002410875797191593
0.005428202164951249
0.036842786077074
0.09046039980373691
0.15771469993945825
0.23042259198506218
0.3024041878637596
0.36982753886408465
0.4308023852419761
0.4847572020122111
0.5318909203318203
0.5727862080238446
0.6081710481716132
0.6387866633405305
0.6653224500292034
0.6883895965769374
0.7085153909251598
0.7261476364906428
0.7416633065659826
0.7553783617206834
0.767557233145385
0.7784213306670235
0.7881563777405987
0.796918591699906
0.8048398216341404
0.812031787532026
0.8185895649280083
0.824594446381822
0.8301162935281013
0.835215475466966
0.8399444728938714
0.8443492132970972
0.8484701909005776
0.8523434156617883
0.8560012282986421
0.8594730128654374
0.8627858345351405
0.8659650280160784
0.8690347612950545
0.8720186011635532
0.8749401092299127
0.8778235051790318
0.8806944436458737
0.8835809690069549
0.886514739733566
0.889532657686272
0.8926791080919495
0.8960091308530937
0.8995930343883896
0.9035232827035803
0.9079250209925147
0.9129724644545992
0.9189145325611792
0.9261133520715257
0.9350897656227635
0.9464915451741706
0.9602917034592114
0.9674504055695929
0.8275234341651067
0.013261180306193512
0.5169873694308283
0.6898786341392242
0.7563335333170544
0.7902038753243275
0.8105779831876341
0.8241880872924744
0.833954473388106
0.8413349424909157
0.847134391014057
0.8518321617776234
0.8557310312899596
0.859031474107257
0.861871447650234
0.8643489909146158
0.8665356992241908
0.868485093863499
0.87023800539113
0.8718261421817846
0.873274519081603
0.8746031490574544
0.8758282459944762
0.8769630957850807
0.8780186977094143
0.8790042437988579
0.8799274820123391
0.8807949948231544
0.881612415363682
0.8823845968892612
0.8831157469340081
0.8838095344707275
0.8844691762234894
0.8850975067293196
0.8856970356232846
0.8862699947950788
0.886818377456887
0.8873439707035458
0.8878483828033236
0.8883330661940098
0.8887993369577638
0.8892483913933801
0.8896813201818474
0.8900991205472792
0.8905027067394726
0.8908929191050415
0.891270531966072
0.8916362604876916
0.8919907666839915
0.8923346646883914
0.8926685253913967
0.8929928805352303
0.8933082263381896
0.8936150267121017
0.8939137161256482
0.8942047021590275
0.8944883677890354
0.8947650734372078
0.8950351588101362
0.8952989445565875
0.8955567337623157
0.8958088133017755
0.89605545506245
0.8962969170557041
0.8965334444270071
0.8967652703755374
0.8969926169935406
0.8972156960328552
0.8974347096065959
0.8976498508321533
0.8978613044214665
0.8980692472236276
0.8982738487240598
0.8984752715049353
0.8986736716698208
0.8988691992362289
0.8990619984985841
0.8992522083646277
0.8994399626671918
0.8996253904537224
0.8998086162552861
0.8999897603368928
0.9001689389304345
0.9003462644520905
0.9005218457048899
0.900695788068122
0.9008681936742021
0.9010391615743096
0.9012087878933347
0.9013771659751864
0.9015443865191648
0.9017105377076207
