201
0.2798277382083109
0.27938253578207906
0.27894613234675025
0.2785183981879001
0.27809920516657244
0.27768842670580546
0.2772859377771525
0.27689161488700353
0.2765053360630637
0.27612698084059895
0.27575643024881125
0.275393566796987
0.27503827446083484
0.2746904386686902
0.2743499462876665
0.2740166856098998
0.27369054633871526
0.2733714195748877
0.2730591978027088
0.27275377487633684
0.2724550460059932
0.2721629077441848
0.2718772579719765
0.2715979958853303
0.2713250219814167
0.27105823804504975
0.27079754713497334
0.27054285357049235
0.2702940629179073
0.27005108197695016
0.269813818767633
0.26958218251679866
0.2693560836447801
0.2691354337523193
0.2689201456074961
0.2687101331323398
0.2685053113902097
0.26830559657269315
0.2681109059867045
0.2679211580418223
0.2677362722375819
0.26755616915082764
0.26738077042314123
0.26720999874858536
0.2670437778611287
0.2668820325225668
0.2667246885101634
0.26657167260479464
0.26642291257871487
0.2662783371838263
0.2661378761398386
0.26600146012249337
0.2658690207520741
0.26574049058178084
0.2656158030863566
0.2654948926508189
0.26537769455912186
0.26526414498313317
0.26515418097164406
0.2650477404393869
0.26494476215616336
0.2648451857363224
0.2647489516279442
0.2646560011024567
0.2645662762441605
0.26447971994001396
0.2643962758693179
0.26431588849368004
0.26423850304701235
0.26416406552564153
0.2640925226784836
0.26402382199736735
0.2639579117075087
0.2638947407578796
0.263834258811996
0.26377641623852505
0.2637211641020481
0.26366845415411344
0.2636182388242523
0.263570471210883
0.2635251050728346
0.2634820948204139
0.26344139550688583
0.26340296282005105
0.26336675307385127
0.26333272319989776
0.26330083073953614
0.2632710338355327
0.2632432912241176
0.2632175622271735
0.26319380674424453
0.263171985245001
0.2631520587614356
0.2631339888802539
0.2631177377358022
0.26310326800224537
0.2630905428865335
0.26307952612130026
0.263070181957459
0.263062475157452
0.2630563709883419
0.26305183521481185
0.26304883409243696
0.2630473343611209
0.26304730323837977
0.2630487084131577
0.26305151803888116
0.26305570072752216
0.26306122554328765
0.26306806199631544
0.2630761800366287
0.2630855500481457
0.26309614284268884
0.2631079296543228
0.2631208821330773
0.26313497233974975
0.2631501727401917
0.2631664561991903
0.26318379597579566
0.2632021657173567
0.2632215394541544
0.26324189159452294
0.26326319691924494
0.26328543057644016
0.26330856807689074
0.26333258528839126
0.2633574584314483
0.26338316407397555
0.263409679126571
0.26343698083802924
0.2634650467902248
0.26349385489368654
0.26352338338339504
0.26355361081351847
0.26358451605390304
0.2636160782847413
0.2636482769926786
0.26368109196727796
0.26371450329568236
0.26374849135885936
0.26378303682753634
0.263818120658425
0.26385372408984276
0.2638898286384215
0.2639264160939161
0.2639634685176606
0.2640009682352824
0.26403889783964607
0.2640772401733051
0.2641159783458383
0.2641550957106301
0.26419457587328365
0.26423440268158993
0.26427456022788537
0.2643150328398022
0.2643558050810856
0.2643968617465784
0.26443818786024
0.26447976867015854
0.26452158964664874
0.26456363647872205
0.2646058950719009
0.2646483515435019
0.26469099222117976
0.2647338036393425
0.26477677253647375
0.2648198858518595
0.2648631307236053
0.26490649448479736
0.2649499646616854
0.2649935289707064
0.26503717531539334
0.26508089178454197
0.2651246666487336
0.26516848835870965
0.265212345542046
0.26525622700130047
0.265300121711205
0.26534401881613245
0.26538790762847453
0.26543177762525794
0.2654756184465787
0.2655194198931014
0.2655631719238416
0.26560686465371486
0.2656504883519302
0.2656940334391462
0.265737490485766
0.2657808502098698
0.26582410347492375
0.26586724128793177
0.2659102547973179
0.26595313529109216
0.2659958741945774
0.26603846306902035
0.2660808936091722
0.2661231576417473
0.2661652471234904
0.26620715413925394
0.26624887090036
0.26629038974283703
