201
0.9670422772843725
0.9661840593130885
0.9653064670881635
0.9644091404579263
0.9634917146047015
0.9625538200483429
0.9615950826525337
0.9606151236338354
0.9596135595741158
0.9585900024354455
0.9575440595791768
0.9564753337876822
0.9553834232900935
0.9542679217919788
0.9531284185084987
0.951964498201823
0.9507757412232352
0.9495617235586142
0.948322016880173
0.9470561886011067
0.9457638019367385
0.9444444159702506
0.9430975857231741
0.9417228622331283
0.9403197926350887
0.9388879202505854
0.9374267846819903
0.9359359219132892
0.9344148644178296
0.9328631412726553
0.9312802782795384
0.9296657980939683
0.9280192203610613
0.9263400618589257
0.9246278366508422
0.9228820562447051
0.9211022297612298
0.9192878641105652
0.9174384641777535
0.915553533017513
0.9136325720580087
0.9116750813136801
0.9096805596086498
0.9076485048097156
0.9055784140689963
0.9034697840774052
0.9013221113288914
0.8991348923946824
0.896907624209501
0.8946398043676614
0.8923309314318614
0.8899805052523163
0.8875880272983705
0.8851530010015188
0.8826749321104916
0.8801533290586218
0.8775877033429473
0.8749775699165401
0.8723224475922694
0.8696218594599212
0.8668753333152082
0.8640824021019651
0.8612426043666886
0.8583554847257233
0.8554205943453153
0.8524374914340113
0.8494057417476443
0.8463249191069052
0.8431946059270881
0.8400143937603741
0.8367838838492805
0.8335026876930702
0.8301704276247988
0.8267867374004332
0.8233512627982822
0.8198636622293674
0.8163236073588103
0.8127307837354366
0.809084891432995
0.8053856456984881
0.8016327776097485
0.797826034741203
0.7939651818357265
0.7900500014846308
0.786080294812105
0.7820558821656014
0.777976603810409
0.7738423206272146
0.7696529148133789
0.7654082905846623
0.7611083748781236
0.7567531180550188
0.7523424946017268
0.7478765038284667
0.7433551705638897
0.7387785458453133
0.7341467076023374
0.7294597613334051
0.7247178407724231
0.7199211085469049
0.7150697568229869
0.7101640079378534
0.7052041150179783
0.7001903625808237
0.6951230671182268
0.690002577662615
0.6848292763295043
0.6796035788406739
0.674325935020192
0.6689968292669906
0.6636167809990644
0.6581863450688074
0.6527061121472926
0.6471767090770939
0.6415987991900822
0.6359730825903743
0.6303002963994994
0.6245812149636965
0.6188166500192881
0.6130074508183183
0.6071545042095047
0.6012587346742824
0.5953211043185349
0.5893426128152299
0.5833242972994772
0.5772672322140908
0.5711725291039342
0.565041336358545
0.558874838903781
0.5526742578376189
0.5464408500144049
0.5401759075730004
0.5338807574115432
0.5275567606046712
0.5212053117680644
0.5148278383654907
0.5084257999611654
0.5020006874170981
0.4955540220343041
0.4890873546426173
0.48260226463279604
0.47610035893903846
0.4695832709674971
0.4630526594749373
0.4565102073972564
0.4499576206292851
0.4433966267590357
0.4368289737549365
0.4302564286117133
0.4236807759535225
0.41710381659792534
0.4105273660838735
0.4039532531632971
0.397383318260788
0.390819411905178
0.3842633931316109
0.37771712786050254
0.37118248725520075
0.36466134606093814
0.35815558092770744
0.3516670687217876
0.345197684826852
0.3387493014400874
0.3323237858642058
0.32592299880168735
0.3195487926499499
0.313203009806483
0.3068874809816899
0.30060402352612514
0.2943544397746367
0.2881405154101094
0.2819640178497962
0.27582669465724535
0.2697302719849509
0.2636764530469632
0.2576669166276782
0.2517033156266563
0.24578727564558928
0.23992039361566267
0.234104236472053
0.22834033987353064
0.2226302069738307
0.21697530724284775
0.21137707534116223
0.20583691005081342
0.20035617326101723
0.19493618901281767
0.1895782426026468
0.1842835797459102
0.1790534058015116
0.17388888505917316
0.1687911400876594
0.16376125114690615
0.15880025566343242
0.15390914776738132
0.14908887789461903
0.14434035245008509
0.13966443353480879
0.13506193873388916
0.13053364096655254
0.12608026839635436
