201
0.0015332039430961879
0.0018545961870711112
0.0022063513492313787
0.002588419269271565
0.0030007490546457623
0.003443288965037792
0.003915986299965175
0.004418787289601097
0.004951636988630089
0.005514479173163432
0.006107256240561263
0.006729909112221715
0.007382377139139494
0.008064598010322846
0.00877650766405162
0.009518040201673572
0.010289127804234412
0.011089700651761061
0.011919686845057963
0.012779012330252497
0.013667600825762316
0.014585373751882867
0.015532250162935198
0.016508146681752565
0.017512977436899235
0.01854665400213722
0.019609085338374233
0.020700177738247283
0.021819834772821393
0.02296795724090223
0.024144443120776113
0.02534918752409156
0.026582082652405505
0.02784301775593349
0.029131879094712758
0.030448549902002565
0.03179291035032957
0.03316483751931844
0.0345642053665133
0.03599088470002926
0.03744474315358968
0.038925645164136394
0.04043345195128963
0.04196802149956484
0.04352920854245231
0.04511686454897513
0.046730837712532135
0.04837097294181399
0.05003711185418195
0.051729092770932336
0.05344675071506746
0.055189917411240116
0.05695842128764912
0.058752087480426624
0.0605707378398071
0.06241419093873388
0.06428226208347547
0.06617476332635773
0.06809150348044912
0.07003228813652784
0.07199691968196387
0.0739851973216073
0.07599691710065735
0.07803187192961202
0.08008985161117912
0.08217064286883269
0.08427402937754887
0.08639979179635812
0.08854770780270141
0.09071755212843503
0.09290909659805816
0.09512211016807055
0.097356358968572
0.09961160634624071
0.10188761290908684
0.10418413657279751
0.1065009326085209
0.10883775369238749
0.1111943499562292
0.1135704690404246
0.11596585614701661
0.11838025409541837
0.12081340337850771
0.12326504222062096
0.1257349066365436
0.1282227304915037
0.13072824556284737
0.13325118160213711
0.1357912663991338
0.13834822584579634
0.1409217840022409
0.1435116631629043
0.1461175839237962
0.1487392652510079
0.15137642454887518
0.15402877773041115
0.1566960392868384
0.15937792235900086
0.1620741388085207
0.164784399289947
0.1675084133231141
0.17024588936587634
0.17299653488787178
0.1757600564435143
0.17853615974579898
0.18132454974094242
0.1841249306818918
0.1869370062031541
0.18976047939469262
0.1925950528769113
0.19544042887438787
0.19829630929075517
0.20116239578219178
0.20403838983205413
0.2069239928241554
0.20981890611650297
0.2127228311141299
0.21563546934210692
0.21855652251814112
0.2214856926236609
0.22442268197601292
0.22736719329947117
0.23031892979430638
0.23327759520767974
0.23624289390217335
0.2392145309238183
0.24219221206989772
0.24517564395566493
0.24816453408006428
0.2511585908909118
0.25415752384892654
0.2571610434911649
0.2601688614930512
0.2631806907297637
0.26619624533627445
0.2692152407666974
0.2722373938522842
0.2752624228585479
0.2782900475408965
0.28131998919918344
0.2843519707314861
0.28738571668616714
0.2904209533129122
0.2934574086122382
0.2964948123845279
0.29953289627662544
0.3025713938275753
0.3056100405139133
0.3086485737918731
0.3116867331397765
0.31472426009793003
0.31776089830823323
0.32079639355115086
0.3238304937820341
0.3268629491659524
0.3298935121110041
0.33292193729974234
0.3359479817200813
0.33897140469386045
0.34199196790416186
0.34500943542140405
0.34802357372794707
0.3510341517409692
0.354040940833535
0.3570437148552473
0.3600422501501226
0.3630363255742004
0.3660257225105836
0.3690102248835408
0.3719896191710768
0.37496369441607547
0.37793224223548805
0.3808950568286265
0.3838519349837082
0.3868026760827837
0.38974708210514514
0.39268495763007194
0.39561610983674916
0.39854034850358205
0.4014574860060519
0.4043673373126152
0.4072697199798382
0.41016445414511465
0.4130513625188505
0.41593027037481467
0.41880100553853317
0.42166339837545597
0.4245172817762116
0.42736249114143265
0.43019886436464316
0.433026241814355
0.4358444663132778
0.43865338311771834
0.44145283989429956
0.44424268669624584
0.44702277593658285
0.4497929623622165
0.4525531030238628
0.45530305724668263
0.45804268659815883
0.460771854854318
