201
0.0386517428260875
0.038037915182459456
0.03743046848803838
0.03682931844539083
0.036234386484434014
0.035645599544904545
0.03506288987130186
0.03448619481987943
0.03391545667663263
0.03335062248581243
0.03279164388816371
0.03223847696834935
0.03169108211103197
0.031149423865072287
0.030613470815253074
0.030083195461293667
0.029558574103562968
0.029039586735097267
0.028526216939729544
0.028018451795757328
0.027516281784998584
0.02701970070686521
0.026528705597210017
0.02604329665161687
0.0255634771529595
0.025089253403044187
0.024620634657895664
0.024157633066793315
0.02370026361466525
0.02324854406761603
0.022802494921726903
0.022362139354516277
0.021927503179313013
0.021498614802195327
0.02107550518142183
0.0206582077891921
0.020246758575644057
0.019841195935066308
0.019441560673992418
0.019047895981324232
0.018660247400251375
0.01827866280191158
0.017903192360708114
0.01753388853117329
0.017170806026419426
0.016814001797919396
0.016463535016691393
0.01611946705579005
0.015781861474003157
0.015450784000739614
0.015126302522041609
0.01480848706762029
0.014497409798954971
0.014193144998334607
0.01389576905878763
0.013605360474929586
0.013321999834599554
0.013045769811311643
0.012776755157430037
0.012515042698054877
0.012260721325605798
0.012013881994968802
0.011774617719354643
0.011543023566594477
0.011319196656081772
0.011103236156131163
0.01089524328187047
0.0106953212935305
0.010503575495172368
0.01032011323379112
0.010145043898764382
0.009978478921654156
0.009820531776287047
0.009671317979121517
0.009530955089871467
0.009399562712330634
0.009277262495442258
0.009164178134482332
0.00906043537245756
0.00896616200156718
0.008881487864843614
0.008806544857780482
0.008741466930100153
0.008686390087498275
0.008641452393418219
0.008606793970809445
0.008582557003836304
0.008568885739549552
0.008565926489418662
0.008573827630834314
0.008592739608397579
0.008622814935097062
0.008664208193306863
0.008717076035549656
0.008781577185058474
0.008857872436059809
0.00894612465380621
0.0090464987742887
0.009159161803604647
0.009284282816994971
0.009422032957520872
0.00957258543426201
0.009736115520148915
0.009912800549316373
0.01010281991398089
0.010306355060754767
0.010523589486499313
0.010754708733532743
0.01099990038430184
0.011259354055365062
0.01153326139079348
0.011821816054820872
0.012125213723817693
0.012443652077513977
0.012777330789380129
0.013126451516387843
0.013491217887655631
0.013871835492481515
0.014268511867307777
0.014681456481832817
0.015110880724099647
0.01555699788461365
0.016020023139434788
0.016500173532202882
0.016997667954929695
0.017512727127857487
0.018045573578036194
0.01859643161657366
0.019165527314894494
0.019753088479453684
0.020359344625323177
0.020984526948257903
0.021628868295502784
0.022292603135053116
0.02297596752348716
0.023679199072376648
0.02440253691287969
0.02514622165906827
0.025910495369388067
0.026695601506549746
0.027501784895738617
0.02832929168093886
0.029178369279654885
0.030049266335624266
0.030942232669838327
0.03185751922946669
0.03279537803506182
0.03375606212546505
0.03473982550113408
0.035746923064918605
0.03677761056099383
0.03783214451183464
0.03891078215247999
0.040013781363163525
0.04114140059934919
0.042293898819451455
0.043471535410505954
0.04467457011127576
0.045903262932858444
0.04715787407727214
0.048438663853091236
0.049745892588955995
0.05107982054430743
0.05244070781799916
0.053828814253540413
0.055244399342762374
0.05668772212588363
0.05815904108956674
0.059658614062197114
0.06118669810606479
0.06274354940740959
0.06432942316333536
0.06594457346620523
0.06758925318494462
0.06926371384417307
0.07096820549997894
0.07270297661312546
0.07446827391974238
0.07626434229861084
0.07809142463646136
0.07994976168985096
0.08183959194451688
0.08376115147214193
0.08571467378401672
0.08770038968241996
0.08971852710889736
0.09176931099009528
0.09385296308098955
0.0959697018053928
0.0981197420940001
0.10030329521966835
0.10252056863051462
0.10477176578057704
0.10705708595777319
0.10937672410996371
0.11173087066844352
0.11411971136927881
0.11654342707303796
0.11900219358152808
0.12149618145371417
0.12402555581870613
