201
-7.105427357601002e-15
-1.0824674490095276e-14
4.052314039881821e-15
1.2212453270876722e-15
9.492406860545088e-15
3.0531133177191805e-15
-3.164135620181696e-15
-2.7755575615628914e-16
6.938893903907228e-15
6.994405055138486e-15
2.4313884239290928e-14
3.4416913763379853e-15
1.2934098236883074e-14
5.6066262743570405e-15
-2.220446049250313e-15
8.326672684688674e-15
-3.552713678800501e-15
1.1102230246251565e-15
1.3877787807814457e-15
-1.021405182655144e-14
5.662137425588298e-15
1.1102230246251565e-16
1.432187701766452e-14
-3.774758283725532e-15
-9.43689570931383e-16
1.9984014443252818e-15
-5.773159728050814e-15
-5.995204332975845e-15
3.552713678800501e-15
-4.3298697960381105e-15
7.105427357601002e-15
-5.551115123125783e-16
4.6629367034256575e-15
2.3314683517128287e-15
-1.887379141862766e-15
6.8833827526759706e-15
-7.827072323607354e-15
2.7200464103316335e-15
-1.887379141862766e-15
1.1712852909795402e-14
-1.1102230246251565e-16
2.609024107869118e-15
3.1086244689504383e-15
-7.549516567451064e-15
-2.831068712794149e-15
-2.7755575615628914e-15
-8.881784197001252e-16
3.774758283725532e-15
-2.1094237467877974e-15
2.275957200481571e-15
7.271960811294775e-15
-4.218847493575595e-15
1.27675647831893e-15
6.661338147750939e-15
1.3877787807814457e-15
-1.1102230246251565e-15
-2.9976021664879227e-15
5.10702591327572e-15
8.104628079763643e-15
5.551115123125783e-16
2.609024107869118e-15
3.0531133177191805e-15
-4.9404924595819466e-15
2.220446049250313e-16
7.66053886991358e-15
1.5543122344752192e-15
1.27675647831893e-15
-1.4432899320127035e-15
6.661338147750939e-16
-1.2212453270876722e-15
-2.55351295663786e-15
4.996003610813204e-16
-1.7208456881689926e-15
1.0547118733938987e-15
-1.4988010832439613e-15
1.6653345369377348e-15
-7.382983113757291e-15
1.7208456881689926e-15
4.718447854656915e-15
-2.7755575615628914e-15
2.1649348980190553e-15
-2.3314683517128287e-15
-8.881784197001252e-16
8.881784197001252e-16
-6.661338147750939e-16
1.3322676295501878e-15
-3.3306690738754696e-15
-6.8833827526759706e-15
5.10702591327572e-15
-2.7755575615628914e-15
-1.3322676295501878e-15
4.6629367034256575e-15
-1.4432899320127035e-15
4.996003610813204e-16
-8.326672684688674e-16
-1.0547118733938987e-15
5.551115123125783e-16
-7.216449660063518e-16
2.55351295663786e-15
2.220446049250313e-16
3.885780586188048e-15
2.275957200481571e-15
1.1657341758564144e-15
1.8318679906315083e-15
0.0
-6.661338147750939e-16
-1.9984014443252818e-15
-2.886579864025407e-15
3.3306690738754696e-15
1.4432899320127035e-15
-2.7755575615628914e-16
-3.83026943495679e-15
7.882583474838611e-15
-1.0547118733938987e-15
-2.1649348980190553e-15
-1.6653345369377348e-16
2.4980018054066022e-15
7.216449660063518e-16
8.881784197001252e-16
2.831068712794149e-15
-9.992007221626409e-16
3.1086244689504383e-15
-1.1102230246251565e-16
3.9968028886505635e-15
3.7192471324942744e-15
3.885780586188048e-16
-1.2212453270876722e-15
-6.106226635438361e-16
-6.106226635438361e-16
-3.3306690738754696e-16
-3.9968028886505635e-15
4.996003610813204e-16
-8.326672684688674e-16
-2.7755575615628914e-16
2.7755575615628914e-16
-2.0539125955565396e-15
5.551115123125783e-16
-8.326672684688674e-16
5.218048215738236e-15
-4.9960036108132044e-15
-5.88418203051333e-15
-8.326672684688674e-16
1.6653345369377348e-15
1.7208456881689926e-15
1.8318679906315083e-15
1.887379141862766e-15
9.43689570931383e-16
1.2212453270876722e-15
-1.1102230246251565e-15
1.6653345369377348e-15
-4.440892098500626e-16
2.886579864025407e-15
-8.326672684688674e-16
1.942890293094024e-15
-2.7755575615628914e-15
-1.6653345369377348e-15
-1.1102230246251565e-15
2.220446049250313e-16
2.220446049250313e-15
9.992007221626409e-16
-2.55351295663786e-15
4.884981308350689e-15
1.6653345369377348e-16
-1.3322676295501878e-15
-2.220446049250313e-16
2.220446049250313e-15
-2.609024107869118e-15
1.7763568394002505e-15
-5.551115123125783e-16
3.3306690738754696e-16
-3.9968028886505635e-15
2.7755575615628914e-16
-2.3869795029440866e-15
-2.7755575615628914e-15
4.440892098500626e-16
-9.992007221626409e-16
3.941291737419306e-15
1.27675647831893e-15
1.7763568394002505e-15
1.1102230246251565e-15
-6.661338147750939e-16
-3.9968028886505635e-15
1.1102230246251565e-16
-3.3861802251067274e-15
-9.43689570931383e-16
-3.219646771412954e-15
1.0547118733938987e-15
2.220446049250313e-16
-5.551115123125783e-16
-7.771561172376096e-16
3.497202527569243e-15
4.6629367034256575e-15
2.4980018054066022e-15
2.7755575615628914e-16
3.4416913763379853e-15
-2.886579864025407e-15
3.6637359812630166e-15
2.55351295663786e-15
-7.771561172376096e-16
5.551115123125783e-16
2.831068712794149e-15
