201
0.08870441520700938
0.1146179945283345
0.1437550605346529
0.1758569877628596
0.21058010889639062
0.24750818571927016
0.286169718147109
0.32605859737023835
0.3666562394524437
0.40745324718554293
0.44796884196350173
0.4877667255246218
0.5264665760350554
0.5637509460170057
0.599367819407487
0.6331294430120266
0.6649082528184744
0.694630778744592
0.722270363293019
0.7478394090584937
0.7713817141999034
0.7929652934864957
0.8126759352911037
0.830611622932456
0.8468778556662037
0.8615838393512412
0.8748394754329131
0.8867530544529505
0.8974295517850281
0.9069694243343203
0.9154678138862067
0.9230140730136904
0.9296915409751243
0.9355775086321645
0.9407433222872004
0.9452545860898283
0.9491714310920855
0.9525488261646821
0.9554369118594768
0.9578813430893748
0.9599236303026012
0.9616014718360507
0.962949072462009
0.9639974449234224
0.9647746926018326
0.9653062724539746
0.965615238079355
0.965722463290395
0.965646846911803
0.9654054997553463
0.9650139148589679
0.9644861221442608
0.9638348286653434
0.9630715456072902
0.9622067031545511
0.9612497542925026
0.9602092685464422
0.9590930165889258
0.9579080465775289
0.9566607530195909
0.9553569388851478
0.9540018716331726
0.9526003337481035
0.9511566683379757
0.9496748202754925
0.9481583733384009
0.9466105837414263
0.9450344104253141
0.9434325424212484
0.9418074235949767
0.9401612750156836
0.9384961152000979
0.9368137784359931
0.9351159313748814
0.9334040880696705
0.9316796236029049
0.9299437864502692
0.9281977096997764
0.9264424212343811
0.924678852985939
0.9229078493442826
0.9211301748014822
0.9193465209077529
0.9175575126006984
0.9157637139778438
0.913965633536908
0.9121637289710016
0.9103584115375742
0.9085500500391313
0.9067389744255248
0.9049254791829449
0.9031098263114848
0.9012922481088737
0.8994729497045307
0.8976521113789349
0.8958298906821011
0.8940064243675835
0.8921818301787476
0.8903562084654233
0.8885296436774329
0.8867022057269841
0.8848739512440921
0.8830449247189309
0.8812151595550325
0.8793846790331247
0.8775534971969882
0.8757216196629932
0.873889044365899
0.8720557622428426
0.8702217578578306
0.8683870099797837
0.866551492109263
0.8647151729630874
0.862878016919292
0.8610399844261882
0.8592010323752909
0.8573611144450971
0.8555201814167073
0.8536781814619774
0.8518350604089358
0.8499907619838087
0.8481452280329603
0.8462983987266717
0.8444502127449353
0.8426006074475595
0.8407495190293895
0.8388968826623824
0.8370426326241269
0.8351867024164296
0.8333290248720694
0.8314695322521257
0.829608156333696
0.827744828490177
0.825879479763761
0.8240120409297127
0.8221424425543583
0.8202706150489071
0.8183964887144848
0.816519993784313
0.8146410604607346
0.8127596189457226
0.8108755994708009
0.808988932320387
0.8070995478525523
0.8052073765160911
0.8033123488656271
0.8014143955725835
0.7995134474343342
0.7976094353809356
0.7957022904789041
0.7937919439344009
0.7918783270925887
0.7899613714362477
0.7880410085832807
0.7861171702813722
0.7841897884019315
0.7822587949326935
0.7803241219688457
0.7783857017029319
0.7764434664140623
0.7744973484558165
0.7725472802424138
0.7705931942358905
0.7686350229303285
0.7666726988363805
0.7647061544652127
0.7627353223109085
0.7607601348325892
0.7587805244364938
0.7567964234555817
0.7548077641308366
0.7528144785910035
0.7508164988305168
0.748813756689269
0.746806183829666
0.7447937117145912
0.7427762715844093
0.7407537944332339
0.7387262109846642
0.7366934516678453
0.7346554465920194
0.7326121255210534
0.7305634178476955
0.7285092525669299
0.7264495582491992
0.7243842630127063
0.7223132944957781
0.7202365798282206
0.7181540456024678
0.7160656178440572
0.713971221981962
0.7118707828174522
0.7097642244936345
0.7076514704635006
0.7055324434577608
0.7034070654518626
0.7012752576332572
0.6991369403665111
0.6969920331587934
0.6948404546253241
0.6926821224521498
