901
0.46808575163183325
0.45763667662466
0.44675189574044943
0.43542843311827517
0.4236650753894256
0.41146270144370295
0.3988246457636023
0.3857570953053832
0.3722695188464256
0.35837512636188745
0.34409135430515164
0.32944037061845566
0.3144495908788838
0.29915219419824546
0.2835876243808947
0.26780205847858507
0.25184882139305453
0.2357887217512272
0.21969028116620443
0.20362982651850348
0.18769141342692108
0.1719665490533988
0.15655368424514393
0.141557449178117
0.12708761346467612
0.11325776131040247
0.10018368471467372
0.08798151258162486
0.07676561028233407
0.06664630167568789
0.05772748252941071
0.050104209134005706
0.043860357042074936
0.03906645077850589
0.035777764865839126
0.03403278893713725
0.03385213509386868
0.03523794479145512
0.03817382690108619
0.042625330274924024
0.04854092553550237
0.055853444356974466
0.06448190237784683
0.07433361573118036
0.08530651195449793
0.0972915339470517
0.11017504016667042
0.12384111432009584
0.13817371194063754
0.15305858784427945
0.16838496592681054
0.1840469297231717
0.19994452750871483
0.21598459873924725
0.2320813389037308
0.24815662730300728
0.2641401470109305
0.27996932862830953
0.295589149809814
0.31095182137162986
0.326016388506667
0.3407482726375596
0.35511877605946274
0.36910456803189673
0.3826871675722113
0.3958524350225785
0.4085900815956426
0.4208932035969424
0.4327578458887449
0.44418259739060084
0.4551682199819901
0.46571731104781855
0.4758339990498127
0.4855236708765672
0.4947927292840998
0.503648378452145
0.5120984355176763
0.5201511658790724
0.5278151400687212
0.5350991100494865
0.5420119028855793
0.548562329858427
0.5547591092332138
0.5606108010242903
0.5661257522518841
0.5713120513243266
0.5761774903164041
0.5807295340434728
0.5849752949514649
0.5889215129541874
0.592574539451237
0.5959403248524888
0.599024409018838
0.6018319141041579
0.6043675393508857
0.6066355574518776
0.6086398121448798
0.610383716753787
0.6118702534334803
0.6131019729130739
0.6140809945664643
0.6148090066697659
0.6152872667330429
0.6155166018192815
0.6154974087872565
0.615229654417319
0.6147128754006372
0.6139461781935176
0.6129282387595549
0.6116573022439726
0.610131182647065
0.6083472625876118
0.6063024932729851
0.6039933948209122
0.6014160571090263
0.5985661413629759
0.5954388827325726
0.5920290941488379
0.5883311718034958
0.5843391026471338
0.5800464743635529
0.5754464883464467
0.5705319762810973
0.5652954210188494
0.5597289825261783
0.5538245297935167
0.5475736797017526
0.5409678439661426
0.5339982854076754
0.5266561849392698
0.5189327207965986
0.510819161687587
0.5023069756764401
0.49338795675134844
0.4840543711419391
0.47429912554275455
0.46411595944955975
0.45349966380981743
0.4424463281074215
0.43095361782095437
0.41902108388641074
0.4066505053275615
0.39384626555423907
0.38061576193247015
0.36696984706104696
0.35292329870880607
0.3384953135426178
0.32371001758501794
0.30859698377623895
0.29319174409618604
0.27753628047938395
0.2616794753253821
0.24567749891730642
0.22959410772282443
0.2135008246423398
0.19747697013256
0.18160951217047996
0.16599270367057586
0.15072747866635502
0.13592058371026888
0.12168342881979463
0.10813065301111621
0.09537841287504016
0.08354241831277373
0.07273575666639556
0.06306656391225747
0.05463561790965339
0.0475339423112341
0.04184051903620084
0.037620210767649334
0.034921991756176544
0.033777574885520835
0.03420050579825224
0.03618577195999037
0.039709947602982965
0.04473186676563916
0.051193788586445146
0.05902299398853776
0.06813373290230033
0.07842942761456231
0.08980503137002664
0.10214944189864691
0.11534787635144192
0.12928412594461752
0.14384262389130772
0.15891027731360977
0.17437803125111445
0.19014214933523726
0.20610521022463055
0.22217683088916423
0.23827413701196548
0.25432200715342285
0.27025312110155963
0.28600784437246585
0.3015339805480275
0.3167864214895677
0.33172672286605687
0.34632262925616913
0.36054756963324314
0.37438014056231683
0.3878035911051965
0.40080532036176586
0.41337639584394625
0.4255110985152735
0.437206498337823
0.44846206253304916
0.4592792974550285
0.4696614239573703
0.4796130853694883
0.48914008664490055
0.49824916286665144
0.5069477750591054
0.5152439311314424
0.5231460297405104
0.5306627248876344
0.5378028091377334
0.5445751134551221
0.5509884217772578
0.5570513985864305
0.5627725278831399
0.5681600621086458
0.5732219797041467
0.5779659501278074
0.5823993052767
0.5865290163777108
0.590361675519151
0.5939034810931236
0.597160226507851
0.6001372916095885
0.6028396363259344
0.6052717961069394
0.6074378787980679
0.6093415626304166
0.6109860950593462
0.612374292223464
0.6135085388323349
0.6143907883239936
0.6150225631628565
0.6154049551755173
0.6155386258466856
0.6154238065206551
0.6150602984756933
0.6144474728600194
0.6135842704991006
0.6124692016052501
0.611100345442428
0.6094753500221859
0.6075914319313218
0.6054453764185235
0.6030335378965801
0.6003518410491854
0.5973957827674823
0.5941604351819374
0.5906404501004736
0.5868300652147136
0.5827231124933113
0.5783130292454087
0.573592872408838
0.5685553366974592
0.5631927773305063
0.5574972381644141
0.5514604861545842
0.5450740531908214
0.5383292864753957
0.531217408745871
0.5237295897844345
0.515857030799029
0.5075910634054748
0.4989232650791384
0.48984559307271874
0.48035053890476215
0.4704313056001219
0.4600820098947031
0.4492979115847317
0.4380756720842895
0.42641364402845583
0.41431219339376213
0.40177405506915037
0.38880472206258815
0.3754128675317097
0.36161079754217446
0.347414930848238
0.3328463000265293
0.3179310659590327
0.3027010349566438
0.28719416477052184
0.2714550424218292
0.2555353133063512
0.2394940375703364
0.22339794654407116
0.20732156936343832
0.19134719817471013
0.17556465992179232
0.16007086410125249
0.14496909946734976
0.13036805883720815
0.11638058011221145
0.10312210341647977
0.09070885860404226
0.07925581372231938
0.06887443241069596
0.05967030540081803
0.051740736760642475
0.04517237766069408
0.04003900767860217
0.0363995647147041
0.034296518672449185
0.03375467102306318
0.03478044283246523
0.03736168912445351
0.041468049546255534
0.04705181654204364
0.054049275084084
0.06238244471825099
0.07196113703911589
0.08268523084465111
0.09444706350498486
0.10713384015747068
0.1206299712456981
0.13481926226177363
0.1495868957271375
0.16482116284937665
0.18041491947771907
0.19626675678544753
0.21228189071138553
0.22837278511939876
0.24445953172302343
0.26047001516407864
0.2763398945050056
0.2920124331828674
0.30743820861636006
0.3225747305949438
0.3373859947154466
0.3518419938151014
0.3659182068633817
0.37959508133409403
0.3928575218368576
0.4056943948426641
0.4180980567460268
0.43006391028689317
0.4415899925039895
0.452676595885939
0.46332592319488297
0.4735417755216015
0.48332927245197227
0.4926946027432556
0.5016448035895138
0.5101875663659442
0.5183310666540437
0.5260838163390098
0.5334545356177065
0.5404520428431867
0.547085160247078
0.5533626337134736
0.5592930649193742
0.5648848543009723
0.5701461534477218
0.5750848256639893
0.5797084135689139
0.5840241127276673
0.5880387504207003
0.5917587687616602
0.5951902114694014
0.5983387136852566
0.6012094943038994
0.6038073503553486
0.6061366530374737
0.6082013450535317
0.6100049389583699
0.6115505162607028
0.6128407270679019
0.6138777900946666
0.6146634928883622
0.6151991921522524
0.6154858140738602
0.6155238545897956
0.6153133795410071
0.614854024694095
0.614144995625467
0.6131850674861894
0.6119725846868569
0.6105054605640833
0.6087811771138186
0.6067967849020691
0.6045489032912302
0.6020337211507024
0.5992469982542443
0.5961840676042336
0.5928398389652546
0.5892088039368428
0.5852850429484504
0.5810622346194056
0.5765336679935278
0.5716922582327054
0.5665305664368381
0.5610408243494542
0.5552149648095609
0.5490446589208127
0.542521361028926
0.535636362726653
0.5283808572415483
0.5207460157031978
0.5127230769307828
0.5043034525246691
0.49547884918159485
0.4862414102745552
0.476583878835866
0.46649978414291005
0.4559836541150692
0.44503125566857615
0.4336398650203958
0.4218085696560276
0.4095386032480762
0.3968337141978533
0.38370056763314453
0.37014917959233123
0.3561933807195248
0.3418513050528001
0.32714589738236205
0.3121054301765966
0.29676401823340043
0.2811621160547497
0.26534697954883063
0.2493730701715211
0.23330237622366523
0.21720462298409715
0.20115734101008026
0.18524576066544257
0.16956250117391414
0.1542070246836212
0.13928483037815545
0.12490637089708319
0.11118568339052515
0.09823874035166856
0.08618154057346324
0.07512797744696721
0.06518753929660959
0.05646291316516171
0.04904757784493886
0.043023482377311247
0.038458911231061724
0.035406635803758
0.033902443209762226
0.033964117666451785
0.03559092806549815
0.03876364912004511
0.04344511495175338
0.04958127555207874
0.05710270063582404
0.0659264541082275
0.07595824724020771
0.08709477052991146
0.09922610320633128
0.11223810479337916
0.12601470394632588
0.1404400143992025
0.15540022469410236
0.17078522583953856
0.1864899578190041
0.20241547090718193
0.21846971036301788
0.23456804290699157
0.2506335503986874
0.2665971204813246
0.2823973659794752
0.2979804049384802
0.3132995318229387
0.3283148079757286
0.3429925963632992
0.3573050622213758
0.3712296577241881
0.3847486054209339
0.3978483920463841
0.41051928149929606
0.4227548533327785
0.4345515710245752
0.4459083825803084
0.4568263546422768
0.46730834019565404
0.47735867914385954
0.48698293042632845
0.49618763393698306
0.5049801002360734
0.5133682259007234
0.5213603323040813
0.5289650256267244
0.5361910759683337
0.5430473135273903
0.5495425399395695
0.5556854530022223
0.5614845831554183
0.5669482402341421
0.5720844691473344
0.5769010132748434
0.58140528450112
0.5856043389235805
0.5895048573833988
0.593113130066966
0.5964350445174695
0.5994760764784526
0.6022412830652207
0.6047352978262761
0.606962327316122
0.6089261488535394
0.6106301091864191
0.6120771238260988
0.6132696768515415
0.6142098210171981
0.6148991780286059
0.6153389388772239
0.6155298641512058
0.6154722842623105
0.6151660995513306
0.6146107802558565
0.6138053663452474
0.6127484672488547
0.6114382615252703
0.6098724965431073
0.608048488268045
0.6059631212770463
0.6036128491493291
0.6009936954153249
0.5981012552801047
0.5949306983771219
0.5914767728523019
0.5877338111280584
0.5836957377524751
0.5793560798012944
0.5747079803701257
0.5697442157721547
0.5644572171430293
0.5588390972501067
0.5528816834080261
0.5465765575167594
0.5399151043614895
0.5328885694451441
0.5254881277627117
0.5177049650693888
0.509530373338799
0.5009558622484714
0.4919732886610769
0.4825750061834751
0.4727540369706187
0.4625042679843688
0.45182067390153485
0.440699568770423
0.4291388883166377
0.41713850446805706
0.40470057317345465
0.3918299158927888
0.378534434201274
0.36482555573432685
0.3507187081690436
0.33623381605802344
0.32139581308260606
0.30623515967160747
0.29078835296122
0.27509841280966396
0.2592153241292416
0.24319641231669534
0.22710662527071165
0.21101869267137732
0.19501313121355432
0.17917806374288806
0.16360882117942982
0.14840729916613948
0.13368104692911764
0.1195420741473748
0.10610537277685896
0.09348716457211372
0.08180290099739049
0.0711650594675603
0.06168079722033313
0.05344954013361381
0.046560596851413366
0.04109089707492186
0.03710295544713521
0.03464315818546903
0.0337404581953655
0.03440554626170046
0.036630542245738786
0.04038922284702798
0.04563777370660046
0.05231602589014396
0.06034911242766164
0.06964946151676926
0.08011903050996559
0.09165167945006453
0.10413558449714279
0.11745559926455366
0.13149548453924773
0.14613994253012463
0.16127640904405785
0.1767965743390916
0.19259761961334138
0.20858317025360051
0.22466397853607709
0.24075835721355324
0.256792391378763
0.2726999594023991
0.28842259497412814
0.3039092217578162
0.319115790349977
0.33400484451827867
0.3485450404571834
0.3627106393289957
0.3764809898913071
0.3898400147132897
0.4027757104638342
0.4152796700784152
0.4273466323058898
0.4389740622017301
0.4501617645516566
0.4609115309489724
0.4712268202731771
0.4811124715871691
0.4905744479468277
0.4996196092631568
0.5082555121405016
0.5164902345052771
0.5243322228133174
0.5317901596591701
0.5388728496902959
0.5455891218390188
0.5519477460143667
0.5579573625358027
0.5636264227349248
0.5689631392945553
0.5739754450337937
0.5786709589802537
0.5830569586952044
0.5871403579329298
0.5909276888218347
0.5944250878517108
0.597638285039356
0.6005725957238466
0.6032329145137214
0.6056237109718391
0.6077490266802764
0.6096124733780943
0.6112172319097416
0.612566051761921
0.6136612510025867
0.6145047164678924
0.6150979040720084
0.6154418391412393
0.6155371166983685
0.615383901646086
0.614981928820204
0.6143305029045899
0.6134284982208051
0.6122743584267655
0.610866096180791
0.6092012928506909
0.6072770983724081
0.6050902313898632
0.6026369798373614
0.5999132021589106
0.5969143293955576
0.5936353684129931
0.5900709065878487
0.5862151183229206
0.582061773819757
0.5776042506021656
0.572835548357057
0.5677483077400907
0.5623348338834763
0.5565871254423149
0.5504969101242946
0.5440556877652627
0.5372547821396954
0.5300854028294217
0.5225387186143293
0.5146059439926598
0.5062784405820572
0.4975478352906424
0.4884061572729324
0.47884599578942116
0.4688606811592117
0.45844449101771706
0.4475928840477614
0.4363027632207124
0.4245727703384178
0.41240361327658764
0.3997984267619629
0.38676316673161604
0.37330703728410025
0.3594429478995444
0.34518799694363195
0.3305639754501879
0.3155978827843022
0.3003224430280278
0.2847766078390234
0.2690060281826991
0.2530634738537063
0.23700917626409054
0.2209110668294919
0.2048448807455127
0.18889409438979254
0.1731496644356192
0.1577095384635177
0.1426779108304079
0.12816420414558566
0.11428176610897386
0.10114628367252956
0.08887393118981861
0.07757928578725028
0.06737306063990295
0.05835972386154858
0.05063508578486459
0.04428394888494513
0.03937792095568017
0.035973492164763386
0.03411046958570109
0.03381084870674749
0.03507818097244367
0.03789747107370447
0.042235609503016025
0.04804231721970954
0.05525155257260779
0.06378330810560269
0.07354570822199856
0.0844373089176086
0.09634949816684032
0.1091688996002877
0.12277969180176546
0.13706576943929294
0.15191268891254872
0.16720935865625475
0.18284945127881985
0.19873253022578857
0.21476489687060374
0.23086017442683318
0.24693965272844168
0.26293242286301166
0.2787753331647965
0.2944127985793532
0.30979649434057605
0.32488496268968897
0.33964315841085957
0.3540419555986934
0.36805763458087637
0.3816713645004844
0.39486869386090684
0.4076390584437489
0.41997531347489
0.43187329475220265
0.44333141165213763
0.4543502734778713
0.46493234946521833
0.4750816618859467
0.4848035110419808
0.49410423048993124
0.5029909705382756
0.5114715078874053
0.5195540792083402
0.5272472364554546
0.5345597217628009
0.5415003598663266
0.5480779661128552
0.554301268250891
0.5601788403405292
0.5657190472639971
0.5709299984604512
0.5758195096455238
0.5803950714057662
0.5846638236792883
0.5886325352458863
0.592307587452586
0.595694961493834
0.5988002286499841
0.601628542963606
0.6041846359011783
0.606472812608468
0.6084969494220913
0.6102604923479839
0.6117664562605193
0.6130174246143482
0.6140155494954125
0.614762551868486
0.6152597219066284
0.6155079193136365
0.6155075735743933
0.6152586840904872
0.6147608201800152
0.6140131209416086
0.6130142950038149
0.6117626202025241
0.6102559432516088
0.6084916794957576
0.6064668128601969
0.6041778961400174
0.6016210518027598
0.5987919735122746
0.5956859286202331
0.5922977619146912
0.5886219009633519
0.5846523634433842
0.5803827669104141
0.5758063415273562
0.5709159463496778
0.5657040898480916
0.5601629554430267
0.5542844329278955
0.5480601567701672
0.5414815524004608
0.5345398917295326
0.527226359269914
0.5195321303810858
0.5114484633013096
0.5029668067714339
0.49407892519016194
0.4847770433587862
0.4750540129660301
0.46490350301770805
0.4543202164153214
0.4433001348130469
0.43184079371015655
0.4199415894383811
0.40760411924924483
0.3948325550596016
0.38163405053639365
0.3680191800543387
0.35400240660480964
0.3396025739369015
0.32484341604898465
0.30975407461281845
0.2943696120187407
0.27873150452815315
0.2628880966003517
0.24689499396880596
0.23081536968326066
0.21472015438079217
0.1986880798401918
0.18280554380697814
0.1671662645861701
0.15187069642812084
0.1370251816782567
0.12274082332184036
0.10913207205436738
0.09631503522826518
0.08440553054234005
0.07351692438307766
0.06375781218322626
0.055229614626081856
0.048024177401119424
0.042221471892110785
0.03788749821583075
0.03507248938416031
0.03380950557664876
0.03411349084283362
0.03598084201757991
0.039389512926314804
0.04429964828332254
0.050654713491612276
0.05838306122416231
0.06739985523806989
0.07760925779371212
0.08890678004360023
0.10118169479070713
0.11431941738867515
0.12820377204558292
0.1427190758671125
0.1577519900048046
0.17319310472376948
0.1889382417687493
0.2048894721052902
0.22095585931069012
0.2370539482876629
0.25310802555570217
0.26905018134140785
0.2848202053838703
0.300365348216988
0.31563997813073075
0.3306051614718881
0.3452281907976587
0.3594820819565528
0.37334505768642245
0.3868000319702817
0.3998341062997044
0.4124380862366809
0.4246060242730736
0.4363347929676383
0.44762369067935714
0.45847408088408004
0.4688890650236043
0.47887318805300927
0.4884321752842879
0.49757269873459964
0.5063021709420521
0.514628564080396
0.5225602521606357
0.530105874130289
0.5372742157517226
0.5440741082450734
0.550514341806853
0.556603592253478
0.562350359182499
0.5677629141882092
0.5728492578086615
0.5776170840154378
