201
-3.219646771412954e-15
-2.6645352591003757e-15
-4.440892098500626e-16
-4.773959005888173e-15
-4.440892098500626e-16
-2.220446049250313e-15
-2.1094237467877974e-15
7.771561172376096e-16
1.9984014443252818e-15
-1.1102230246251565e-16
2.886579864025407e-15
-3.3306690738754696e-16
2.3314683517128287e-15
2.886579864025407e-15
-1.7763568394002505e-15
-8.881784197001252e-16
2.220446049250313e-15
-2.1094237467877974e-15
3.9968028886505635e-15
3.3306690738754696e-15
1.5543122344752192e-15
1.4432899320127035e-15
-4.440892098500626e-16
-1.2212453270876722e-15
-6.661338147750939e-16
-2.220446049250313e-15
-1.4432899320127035e-15
1.2212453270876722e-15
-2.7755575615628914e-15
3.3306690738754696e-16
-5.218048215738236e-15
9.992007221626409e-16
-3.885780586188048e-15
1.5543122344752192e-15
2.1094237467877974e-15
-2.4424906541753444e-15
3.3306690738754696e-16
-1.4432899320127035e-15
8.881784197001252e-16
-1.1102230246251565e-15
-1.7763568394002505e-15
-8.881784197001252e-16
1.6653345369377348e-15
4.440892098500626e-16
1.887379141862766e-15
1.9984014443252818e-15
1.2212453270876722e-15
1.3322676295501878e-15
2.55351295663786e-15
-2.220446049250313e-15
-7.771561172376096e-16
-3.1086244689504383e-15
-1.3322676295501878e-15
-1.9984014443252818e-15
-2.220446049250313e-16
-4.440892098500626e-16
1.4432899320127035e-15
5.329070518200751e-15
-3.552713678800501e-15
3.3306690738754696e-16
-1.1102230246251565e-15
-2.3314683517128287e-15
1.5543122344752192e-15
-7.216449660063518e-15
6.661338147750939e-16
1.5543122344752192e-15
-4.440892098500626e-16
-3.885780586188048e-15
-3.6637359812630166e-15
-4.9960036108132044e-15
1.3322676295501878e-15
1.9984014443252818e-15
1.1102230246251565e-15
1.1102230246251565e-16
2.220446049250313e-15
-1.5543122344752192e-15
1.6653345369377348e-15
2.4424906541753444e-15
-2.6645352591003757e-15
-1.1102230246251565e-16
4.440892098500626e-16
3.1086244689504383e-15
9.992007221626409e-16
-1.5543122344752192e-15
-5.551115123125783e-15
1.6653345369377348e-15
8.881784197001252e-16
-8.881784197001252e-16
-1.3322676295501878e-15
-5.995204332975845e-15
6.106226635438361e-15
4.6629367034256575e-15
-6.217248937900877e-15
2.220446049250313e-16
-1.1102230246251565e-15
-1.887379141862766e-15
7.771561172376096e-16
-4.107825191113079e-15
-2.220446049250313e-15
6.661338147750939e-16
2.886579864025407e-15
4.884981308350689e-15
-1.4432899320127035e-15
-2.55351295663786e-15
4.440892098500626e-16
9.992007221626409e-16
-1.4432899320127035e-15
3.9968028886505635e-15
8.215650382226158e-15
2.220446049250313e-15
-1.887379141862766e-15
1.1102230246251565e-15
-2.1094237467877974e-15
1.7763568394002505e-15
-1.7763568394002505e-15
-1.2212453270876722e-15
-1.1324274851176597e-14
-2.3314683517128287e-15
-4.440892098500626e-16
0.0
-3.6637359812630166e-15
3.885780586188048e-15
-5.329070518200751e-15
-8.215650382226158e-15
-9.2148511043888e-15
-1.2212453270876722e-15
3.9968028886505635e-15
-8.548717289613705e-15
6.994405055138486e-15
-4.218847493575595e-15
-1.0658141036401503e-14
-1.3322676295501878e-15
-4.440892098500626e-16
-2.1094237467877974e-15
-1.587618925213974e-14
-7.549516567451064e-15
1.3655743202889425e-14
2.3425705819590803e-14
8.215650382226158e-15
7.105427357601002e-15
-8.770761894538737e-15
6.328271240363392e-15
4.884981308350689e-15
2.3314683517128287e-14
3.3306690738754696e-16
1.0880185641326534e-14
7.749356711883593e-14
1.213473765915296e-13
-1.1401990462900358e-13
-3.1530333899354446e-14
2.4868995751603507e-14
-1.9872992140790302e-14
2.986499936241671e-14
0.0
-1.9872992140790302e-14
-1.3433698597964394e-14
8.881784197001252e-15
5.440092820663267e-15
-4.440892098500626e-15
-2.4424906541753444e-15
1.5543122344752192e-15
-1.1102230246251565e-14
3.219646771412954e-15
-1.1102230246251565e-16
8.104628079763643e-15
-3.1086244689504383e-15
1.9984014443252818e-15
0.0
-3.552713678800501e-15
7.66053886991358e-15
1.5543122344752192e-15
3.9968028886505635e-15
2.55351295663786e-15
3.3306690738754696e-16
-2.886579864025407e-15
-4.6629367034256575e-15
2.4424906541753444e-15
-3.6637359812630166e-15
2.55351295663786e-15
9.992007221626409e-16
-3.3306690738754696e-16
1.887379141862766e-15
-9.992007221626409e-16
-3.3306690738754696e-15
4.6629367034256575e-15
-2.4424906541753444e-15
2.9976021664879227e-15
-2.7755575615628914e-15
-3.885780586188048e-15
4.3298697960381105e-15
-6.772360450213455e-15
1.6653345369377348e-15
-4.107825191113079e-15
-4.440892098500626e-15
-3.552713678800501e-15
1.9984014443252818e-15
8.992806499463768e-15
2.9976021664879227e-15
1.9984014443252818e-15
9.992007221626409e-16
-8.881784197001252e-16
