201
0.9632309513251556
0.9639268397024512
0.9646217217931258
0.9653147657990608
0.9660052390882686
0.9666924942426155
0.967375957521324
0.9680551192442449
0.9687295257176471
0.9693987724083456
0.970062498136405
0.9707203801081484
0.9713721296431295
0.972017488481565
0.972656225578296
0.9732881343074045
0.9739130300155434
0.9745307478725459
0.9751411409765502
0.9757440786789211
0.9763394450981314
0.9769271377986141
0.9775070666124466
0.9780791525864176
0.9786433270387034
0.9791995307124045
0.9797477130139816
0.980287831326988
0.9808198503927545
0.9813437417505486
0.9818594832304945
0.9823670584938036
0.9828664566154639
0.9833576717047157
0.9838407025594256
0.984315552351563
0.9847822283398528
0.9852407416077348
0.9856911068231934
0.9861333420199694
0.9865674683961164
0.9869935101301581
0.9874114942116757
0.9878214502864524
0.9882234105132468
0.9886174094328091
0.9890034838466424
0.9893816727052237
0.9897520170051817
0.9901145596938261
0.990469345581007
0.9908164212573543
0.9911558350181764
0.9914876367932253
0.9918118780807472
0.992128611886037
0.9924378926643305
0.9927397762668837
0.9930343198905132
0.99332158203006
0.9936016224335019
0.9938745020595198
0.9941402830369956
0.9943990286267665
0.9946508031848433
0.9948956721271788
0.9951337018959188
0.9953649599267929
0.9955895146172683
0.9958074352962814
0.9960187921940223
0.996223656412867
0.9964220998986312
0.9966141954126094
0.9968000165035689
0.9969796374806086
0.9971531333857109
0.9973205799668883
0.9974820536513597
0.9976376315187032
0.9977873912742306
0.9979314112222105
0.9980697702391701
0.9982025477471352
0.9983298236866316
0.9984516784899929
0.9985681930539936
0.9986794487126603
0.998785527208819
0.9988865106740273
0.9989824815849624
0.9990735227524726
0.9991597172846787
0.9992411485610917
0.9993179002044686
0.9993900560522577
0.9994577001286189
0.9995209166156576
0.9995797898249008
0.9996344041689114
0.9996848441324163
0.9997311942437745
0.9997735390462124
0.9998119630692092
0.9998465507998909
0.9998773866543641
0.9999045549493278
0.9999281398736161
0.9999482254599312
0.9999648955567948
0.9999782338005119
0.9999883235874706
0.9999952480466099
0.9999990900121323
0.9999999319964175
0.9999978561634103
0.999992944302098
0.999985277800408
0.9999749376196431
0.9999620042688762
0.999946557780218
0.99992867768414
0.9999084429854241
0.9998859321395834
0.9998612230295402
0.9998343929431612
0.9998055185509156
0.9997746758843306
0.9997419403149426
0.9997073865335253
0.9996710885304936
0.9996331195762003
0.9995935522023105
0.9995524581834307
0.9995099085197953
0.9994659734200273
0.9994207222849729
0.9993742236919658
0.9993265453798034
0.9992777542341957
0.9992279162740836
0.9991770966387199
0.9991253595748235
0.999072768425193
0.9990193856172156
0.9989652726525973
0.9989104900974273
0.9988550975730226
0.9987991537475016
0.9987427163276222
0.9986858420518682
0.998628586683556
0.9985710050050755
0.9985131508122557
0.9984550769099415
0.9983968351076145
0.9983384762159875
0.9982800500438724
0.9982216053961025
0.9981631900713717
0.9981048508613333
0.9980466335496102
0.9979885829119121
0.9979307427161079
0.9978731557233425
0.9978158636893357
0.9977589073660771
0.9977023265045726
0.9976461598571195
0.9975904451810091
0.9975352192419007
0.9974805178180873
0.9974263757048393
0.9973728267195472
0.9973199037066978
0.997267638543669
0.9972160621466866
0.997165204477175
0.9971150945482306
0.9970657604318065
0.9970172292657046
0.9969695272611927
0.9969226797107698
0.9968767109961734
0.9968316445965384
0.9967875030970688
0.9967443081974666
0.9967020807210064
0.9966608406234487
0.9966206070023256
0.9965813981063179
0.9965432313447058
0.9965061232970387
0.9964700897229455
0.9964351455719113
0.9964013049933033
0.9963685813463723
0.9963369872103122
0.9963065343945731
0.9962772339489311
0.9962490961738198
