201
0.16646328878170755
0.17858223470912546
0.1908800827038378
0.20333118095288488
0.21591077588374608
0.22859506934789678
0.24136126465843233
0.2541876020732014
0.2670533843884213
0.27993899334817546
0.2928258976241145
0.30569665312292266
0.3185348963930613
0.3313253318894102
0.3440537138376836
0.35670682341477844
0.3692724419264447
0.3817393206279983
0.39409714778813776
0.4063365135551047
0.41844887313628043
0.4304265087575322
0.44226249082112795
0.45395063863926116
0.46548548107308857
0.4768622173705116
0.48807667845253233
0.4991252888665294
0.5100050295875216
0.5207134018176437
0.5312483919105639
0.5416084375151853
0.5517923950149608
0.5617995083174879
0.5716293790322526
0.5812819380515248
0.590757418550488
0.6000563303938076
0.6091794359360432
0.6181277271961644
0.626902404369379
0.6355048556458663
0.6439366382911638
0.6521994609476386
0.6602951671071987
0.6682257197072329
0.6759931868008815
0.6835997282498246
0.6910475833876195
0.6983390596064789
0.7054765218149495
0.7124623827177686
0.7192990938726211
0.7259891374748657
0.7325350188270676
0.7389392594510907
0.7452043907989531
0.7513329485259665
0.7573274672871604
0.7631904760200833
0.7689244936827034
0.7745320254120345
0.7800155590735942
0.7853775621740144
0.7906204791080929
0.7957467287166435
0.8007587021300304
0.805658760875132
0.8104492352261288
0.8151324227782917
0.819710587225119
0.8241859573266992
0.8285607260472114
0.8328370498513539
0.8370170481441392
0.8411028028411813
0.8450963580580975
0.8489997199088513
0.8528148564007567
0.8565436974186181
0.8601881347890984
0.86375002241603
0.8672311764809718
0.8706333757009863
0.8739583616379458
0.8772078390528879
0.8803834763019347
0.8834869057657888
0.8865197243116785
0.8894834937817959
0.8923797415038666
0.8952099608231217
0.8979756116491598
0.9006781210170544
0.9033188836607748
0.9058992625929494
0.9084205896936626
0.9108841663024917
0.9132912638135806
0.9156431242725709
0.9179409609731485
0.9201859590524301
0.9223792760829103
0.924522042662454
0.9266153629981079
0.9286603154867137
0.9306579532869579
0.9326093048868032
0.9345153746633195
0.9363771434340832
0.9381955690016425
0.9399715866885106
0.9417061098641939
0.9434000304633137
0.9450542194936299
0.9466695275357104
0.9482467852334081
0.9497868037727166
0.9512903753543702
0.9527582736539615
0.954191254273353
0.9555900551831162
0.9569553971547646
0.9582879841830207
0.9595885039003089
0.9608576279793302
0.9620960125290765
0.9633042984796671
0.9644831119586101
0.9656330646594274
0.9667547541993253
0.9678487644696481
0.9689156659780731
0.9699560161806944
0.9709703598085078
0.9719592291830108
0.972923144525428
0.9738626142595855
0.9747781353037049
0.9756701933573433
0.9765392631807358
0.9773858088661638
0.9782102841032774
0.9790131324375352
0.979794787520423
0.9805556733567339
0.9812962045396276
0.9820167864887662
0.9827178156682991
0.9833996798168216
0.9840627581559716
0.9847074216031104
0.9853340329712753
0.9859429471722183
0.9865345114055144
0.9871090653492165
0.9876669413426967
0.9882084645656408
0.9887339532106114
0.9892437186530687
0.9897380656163186
0.990217292332344
0.9906816906970661
0.9911315464240584
0.9915671391916476
0.9919887427882312
0.9923966252522726
0.992791049010016
0.9931722710080931
0.9935405428443438
0.9938961108938105
0.9942392164323042
0.9945700957566614
0.9948889803015312
0.9951960967533282
0.9954916671616543
0.9957759090471519
0.9960490355070266
0.9963112553177541
0.9965627730353483
0.9968037890924748
0.9970344998938004
0.997255097908583
0.9974657717607244
0.9976667063168227
0.9978580827720792
0.9980400787335159
0.9982128683017006
0.9983766221499693
0.998531507601929
0.9986776887068789
0.998815326313392
0.9989445781409907
0.9990655988501409
0.9991785401104111
0.9992835506670862
0.9993807764058098
0.9994703604161643
0.9995524430530345
0.999627161997104
0.9996946523132761
