201
0.009047890712667879
0.008774374330453447
0.008512191651899826
0.008261106491317406
0.008020898951730806
0.00779136578362744
0.007572320860526926
0.0073635957857682175
0.0071650406472556615
0.006976524940344344
0.006797938682580992
0.006629193748756531
0.006470225459904863
0.006320994466689528
0.00618148897525662
0.0060517273735920555
0.005931761327894008
0.005821679433133392
0.005721611519536495
0.005631733738850243
0.005552274581345378
0.005483522008596454
0.00542583192971325
0.005379638302229328
0.005345465206984216
0.0053239413328479025
0.005315817417834817
0.005321987336083821
0.0053435137052695765
0.0053816591303793545
0.005437924517461437
0.005514096310908707
0.005612305068415406
0.0057350985416619454
0.005885533453184834
0.006067291559913055
0.006284827529057023
0.006543558854265438
0.0068501118561625175
0.00721264326228384
0.007641264745938346
0.008148609360641719
0.008750595990438962
0.009467473879739376
0.010325269122539832
0.01135781718974791
0.012609664597831473
0.014140283739223936
0.016030312197885727
0.018390982489762318
0.0213787009941444
0.025218154425715303
0.030239933538909233
0.03694359461113722
0.046106596766363445
0.05897810705765614
0.07763200361688548
0.10561249052855681
0.14904928274459683
0.2180694414271704
0.32546364366495795
0.4678718855801878
0.5739862325752714
0.5419815568014438
0.4164871222720671
0.2973156683681996
0.2134464971676462
0.1582559501681147
0.12166576616626351
0.0966919923376621
0.07907730555858201
0.06626251411114957
0.05667956249286544
0.049339660918479585
0.0436001020079949
0.03903084702412079
0.035336377096192355
0.03230864645019588
0.029797967050012576
0.027694508875631085
0.025916252620126926
0.02440096426924194
0.023100736386253127
0.021978203669753754
0.02100387295749197
0.020154209008301005
0.019410241725635633
0.0187565389077968
0.018180439024752915
0.017671471506233334
0.01722091396850488
0.016821450628599292
0.016466906311639128
0.016152037510509875
0.01587236691836808
0.01562405138450465
0.01540377578403278
0.015208667138643073
0.015036224681294811
0.014884262562261831
0.014750862644714957
0.014634335403825428
0.014533187373272648
0.014446093911507503
0.014371876313850632
0.014309482492667143
0.01425797060150553
0.01421649509939754
0.014184294846732441
0.014160682899702993
0.014145037730540043
0.014136795649308493
0.014135444242001846
0.014140516671246375
0.014151586711720216
0.014168264413466318
0.01419019230321454
0.014217042048551697
0.014248511520951478
0.014284322203858172
0.01432421689986265
0.014367957697906691
0.014415324167124561
0.01446611174862829
0.014520130320628348
0.014577202915748547
0.014637164572127508
0.014699861302469908
0.014765149167326137
0.01483289344052496
0.014902967856445168
0.014975253929843635
0.015049640340418925
0.01512602237496257
0.015204301421023985
0.015284384506637664
0.015366183881303236
0.015449616634040514
0.015534604344705927
0.01562107276532433
0.01570895152842127
0.015798173879751923
0.01588867643310415
0.01598039894505598
0.016073284107856384
0.01616727735869118
0.016262326703945146
0.01635838255698695
0.01645539758838439
0.01655332658736266
0.016652126333595887
0.016751755478431104
0.01685217443469764
0.016953345274454162
0.017055231633965464
0.017157798625301854
0.017261012754099844
0.01736484184291662
0.01746925495972905
0.01757422235128109
0.017679715380738256
0.017785706469470596
0.017892169042555292
0.017999077477773365
0.01810640705778026
0.018214133925301672
0.018322235041058732
0.018430688144248458
0.01853947171544841
0.01864856494165685
0.018757947683468303
0.018867600444097368
0.01897750434023899
0.019087641074535935
0.019197992909657714
0.019308542643778195
0.019419273587409504
0.019530169541546627
0.019641214776915883
0.019752394014415007
0.019863692406521
0.019975095519705256
0.02008658931775226
0.020198160145926274
0.020309794715957345
0.02042148009175228
0.020533203675853744
0.02064495319652156
0.020756716695490927
0.020868482516285636
0.020980239293085776
0.021091975940148312
0.02120368164170309
0.021315345842330673
0.021426958237758635
0.021538508766103234
0.02164998759946019
0.021761385135948854
0.02187269199201433
0.021983898995132804
0.022094997176796284
