201
0.5945956081649811
0.5943274157467093
0.594060118844077
0.5937937180321445
0.5935282138989256
0.5932636070458608
0.5929998980880593
0.5927370876546804
0.5924751763892413
0.5922141649499225
0.5919540540099046
0.5916948442577045
0.5914365363974202
0.591179131149059
0.5909226292488721
0.5906670314495885
0.5904123385207527
0.5901585512490161
0.5899056704383658
0.589653696910476
0.5894026315049476
0.5891524750795933
0.5889032285107088
0.5886548926933576
0.588407468541635
0.5881609569889259
0.5879153589882099
0.5876706755122408
0.5874269075539339
0.5871840561265215
0.5869421222638741
0.5867011070207203
0.586461011472936
0.5862218367178201
0.585983583874275
0.5857462540831688
0.5855098485074853
0.5852743683326741
0.5850398147668485
0.5848061890410452
0.5845734924095234
0.5843417261499411
0.5841108915637182
0.5838809899761888
0.5836520227369251
0.5834239912199521
0.5831968968240508
0.5829707409729634
0.5827455251157089
0.5825212507267779
0.5822979193064561
0.5820755323810407
0.5818540915031245
0.5816335982518435
0.5814140542331703
0.5811954610801449
0.5809778204531793
0.5807611340402807
0.580545403557357
0.5803306307484799
0.5801168173861588
0.5799039652715972
0.5796920762350094
0.5794811521358564
0.5792711948631621
0.5790622063357758
0.5788541885026444
0.5786471433431409
0.5784410728673114
0.5782359791162025
0.5780318641621225
0.5778287301089677
0.5776265790924923
0.5774254132806323
0.5772252348738003
0.5770260461051963
0.5768278492411131
0.5766306465812694
0.5764344404590748
0.5762392332420176
0.5760450273319189
0.5758518251652939
0.575659629213721
0.5754684419840805
0.5752782660189293
0.5750891038968892
0.574900958232916
0.5747138316787159
0.574527726923012
0.5743426466919491
0.5741585937494378
0.573975570897551
0.5737935809768442
0.5736126268667165
0.5734327114858044
0.5732538377924176
0.5730760087847903
0.5728992275015663
0.5727234970221733
0.5725488204672117
0.5723752009987976
0.5722026418210844
0.5720311461805737
0.5718607173665732
0.5716913587116004
0.5715230735917861
0.5713558654273679
0.5711897376830599
0.5710246938685276
0.5708607375388104
0.5706978722948056
0.5705361017836924
0.5703754296993944
0.5702158597830496
0.5700573958235495
0.5699000416579
0.5697438011717804
0.5695886783000365
0.569434677027163
0.5692818013878047
0.5691300554673067
0.5689794434021215
0.5688299693804784
0.5686816376428432
0.5685344524824156
0.5683884182457878
0.5682435393333449
0.5680998201999967
0.5679572653555822
0.5678158793655453
0.5676756668515082
0.567536632491848
0.5673987810222207
0.5672621172363185
0.5671266459863825
0.566992372183793
0.5668593007998831
0.5667274368663031
0.5665967854758487
0.5664673517831145
0.5663391410051702
0.5662121584221124
0.5660864093778879
0.5659618992809259
0.5658386336047678
0.5657166178889956
0.565595857740048
0.5654763588306853
0.5653581269030795
0.5652411677676463
0.5651254873044855
0.5650110914640002
0.5648979862681481
0.564786177810326
0.5646756722572389
0.5645664758489072
0.5644585948999548
0.5643520358001376
0.5642468050155663
0.5641429090892435
0.5640403546421455
0.5639391483739438
0.56383929706413
0.5637408075727764
0.5636436868414872
0.5635479418944138
0.5634535798391629
0.5633606078677866
0.5632690332577787
0.5631788633730527
0.5630901056649793
0.5630027676734513
0.56291685702786
0.5628323814482682
0.5627493487463202
0.562667766826573
0.5625876436873651
0.5625089874221462
0.5624318062205346
0.5623561083694185
0.5622819022542817
0.5622091963603219
0.5621379992736559
0.5620683196825698
0.5620001663788321
0.5619335482588631
0.5618684743251289
0.5618049536873947
0.5617429955640848
0.5616826092836115
0.5616238042857972
0.5615665901232233
0.561510976462679
0.5614569730866021
0.5614045898945388
0.5613538369045878
0.561304724254977
0.5612572622055733
0.5612114611394148
0.5611673315643356
0.5611248841145237
