201
0.4708301311477966
0.4674945306514431
0.4641491353121917
0.46079402846405293
0.45742929591804743
0.45405502600758507
0.4506713096340223
0.4472782403138245
0.4438759142263439
0.44046443026268184
0.4370438900755957
0.43361439813055536
0.4301760617573993
0.4267289912038428
0.42327329968920274
0.4198091034598421
0.416336521845516
0.4128556773169671
0.40936669554446276
0.4058697054579235
0.40236483930775724
0.39885223272735415
0.39533202479664664
0.3918043581069862
0.3882693788271243
0.384727236771019
0.38117808546635606
0.37762208222488697
0.3740593882141226
0.37049016852994837
0.36691459227147943
0.3633328326167935
0.35974506690020575
0.3561514766913747
0.3525522478756005
0.34894757073584154
0.34533764003637624
0.34172265510802524
0.33810281993483815
0.33447834324288295
0.330849438590166
0.3272163244587825
0.32357922434854713
0.31993836687251986
0.3162939858540913
0.31264632042632506
0.3089956151327
0.30534212003012845
0.3016860907937171
0.29802778882322245
0.29436748135214025
0.29070544155799144
0.2870419486752958
0.28337728811022767
0.2797117515572379
0.27604563711848823
0.27237924942433733
0.26871289975708473
0.2650469061760249
0.26138159364522123
0.25771729416353406
0.2540543468963459
0.2503930983104738
0.24673390231050296
0.24307712037798343
0.23942312171294122
0.2357722833776198
0.23212499044262416
0.2284816361355475
0.22484262199219907
0.221208358009783
0.2175792628031736
0.21395576376335143
0.21033829721817557
0.2067273085959899
0.20312325259171826
0.19952659333519596
0.19593780456233634
0.19235736978885432
0.18878578248619132
0.1852235462601421
0.1816711750325665
0.1781291932245622
0.1745981359431765
0.1710785491698264
0.16757098995211056
0.1640760265969695
0.1605942388673468
0.15712621818069988
0.153672567810005
0.1502339030872216
0.14681085160919644
0.14340405344532414
0.14001416134796252
0.1366418409651275
0.1332877710544591
0.12995264370027476
0.12663716453184723
0.12334205294390314
0.12006804231883385
0.11681588025047404
0.11358632876987762
0.11038016457202907
0.10719817924432738
0.10404117949603554
0.10090998738901007
0.09780544056917768
0.09472839249887936
0.0916797126899007
0.08866028693650033
0.08567101754909406
0.08271282358771312
0.0797866410951383
0.07689342332957246
0.07403414099691008
0.07120978248110658
0.06842135407436449
0.06566988020468652
0.0629564036619417
0.060281985821682
0.05764770686593315
0.05505466600110211
0.05250398167250914
0.04999679177451576
0.047534253856933405
0.04511754532593202
0.04274786363972916
0.04042642649862567
0.03815447202802547
0.035933258954707316
0.03376406677512582
0.03164819591543163
0.0295869678822316
0.027581725403608526
0.025633832559484402
0.02374467490036032
0.02191565955409571
0.020148215319164206
0.01844379274408284
0.016803864191536642
0.015229923886449477
0.013723487946980887
0.012286094397011437
0.010919303159437475
0.009624696028404644
0.008403876620040036
0.007258470299517978
0.006190124083686891
0.005200506517403359
0.004291307522514056
0.003464238217481295
0.002721030706202461
0.002063437834555875
0.0014932329125190494
0.0010122094003711319
0.0006221805569360504
0.0003249790479673158
0.00012245651260819602
1.648308592338681e-05
8.94687522675513e-06
0.00010175338806735885
0.0002968249095084781
0.0005960998263401895
0.0010015318958038167
0.0015150894562051059
0.0021387545769975588
0.0028745221454813557
0.0037243988874506263
0.004690402319173851
0.0057745596273737956
0.00697890647486147
0.00830548572831694
0.009756346105548572
0.011333540738712353
0.01303912565087929
0.014875158142168478
0.016843695082570102
0.018946791108181
0.02118649671706696
0.02356485626231968
0.026083905837979027
0.028745671055126508
0.031552164704715197
0.03450538430340557
0.037607309519916074
0.04085989947764399
0.044265089931342295
0.047824790314052
0.051540880651640766
0.05541520834194452
0.059449584795560714
0.06364578193592088
0.068005528556304
0.07253050653091705
0.07722234687880147
0.08208262567798316
0.08711285982917305
0.09231450266726929
0.09768893941955713
0.10323748251127242
0.10896136671661291
