201
0.10207158004398333
0.10365206872058175
0.10525509124645115
0.1068805745170531
0.10852845026662583
0.11019865470220833
0.11189112816073313
0.11360581478787063
0.11534266223681716
0.1171016213855736
0.118882646071412
0.1206856928412876
0.12251072071698452
0.12435769097407652
0.126226566933817
0.12811731376669078
0.13002989830719985
0.13196428887909792
0.13392045513004233
0.13589836787555756
0.13789799895116173
0.13991932107243926
0.1419623077026726
0.14402693292693736
0.14611317133323667
0.14822099789915497
0.15035038788446875
0.15250131672914982
0.15467375995610827
0.15686769307888998
0.1590830915138288
0.16131993049596718
0.16357818499949162
0.16585782966139415
0.16815883870890397
0.17048118588997735
0.17282484440726578
0.17518978685439887
0.1775759851558493
0.1799834105087592
0.18241203332752687
0.1848618231909013
0.18733274879081552
0.18982477788403418
0.1923378772451375
0.19487201262187365
0.19742714869221023
0.20000324902292493
0.2026002760301252
0.20521819094113505
0.20785695375782226
0.21051652322167408
0.21319685677978184
0.21589791055247953
0.21861963930202336
0.22136199640233936
0.22412493381032467
0.22690840203772197
0.2297123501242426
0.23253672561178926
0.23538147451932231
0.23824654131899795
0.24113186891264154
0.24403739860967
0.24696307010541843
0.249908821460112
0.2528745890789075
0.25586030769243684
0.25886591033800743
0.26189132834143053
0.26493649129965247
0.2680013270636279
0.2710857617219834
0.27418971958527316
0.27731312317055773
0.2804558931865703
0.2836179485193716
0.2867992062184201
0.28999958148292376
0.29321898764913457
0.2964573361772965
0.29971453663952996
0.3029904967077036
0.3062851221419863
0.3095983167795634
0.31292998252333604
0.31628001933170413
0.3196483252076561
0.32303479618906106
0.32643932633834005
0.3298618077330837
0.33330213045635537
0.33676018258751084
0.340235850193375
0.34372901731865213
0.3472395659780613
0.3507673761469635
0.35431232575337707
0.35787429066946336
0.36145314470328144
0.3650487595907825
0.3686610049874818
0.3722897484608664
0.3759348554822004
0.3795961894186504
0.38327361152567935
0.38696698093900533
0.39067615466700445
0.3944009875825661
0.39814133241583327
0.4018970397458946
0.40566795799317334
0.4094539334113823
0.41325481007985987
0.41707042989501253
0.42090063256296373
0.4247452555905473
0.4286041342776571
0.432477101708674
0.43636398874368887
0.4402646240102331
0.4441788338945027
0.4481064425319374
0.452047271798775
0.45600114130239267
0.4599678683719114
0.46394726804876435
0.4679391530766621
0.4719433338916478
0.4759596186118363
0.4799878130268966
0.48402772058742477
0.4880791423938842
0.49214187718546654
0.49621572132839087
0.500300468804455
0.5043959111986986
0.5085018376873225
0.5126180350248214
0.5167442875310916
0.5208803770781651
0.5250260830766156
0.5291811824616882
0.5333454496785552
0.5375186566685604
0.5417005728531488
0.5458909651189828
0.5500895978022569
0.554296232672312
0.5585106289149759
0.5627325431154194
0.5669617292412282
0.5711979386238701
0.5754409199406317
0.5796904191957657
0.5839461797011389
0.5882079420562432
0.5924754441282349
0.5967484210306021
0.6010266051021942
0.605309725884629
0.6095975101004489
0.6138896816293256
0.6181859614845182
0.6224860677881581
0.6267897157462075
0.6310966176226731
0.635406482712422
0.6397190173143947
0.644033924702606
0.6483509050974152
0.6526696556351357
0.6569898703370842
0.6613112400771586
0.6656334525488553
0.6699561922304689
0.6742791403495871
0.6786019748459751
0.682924370332642
0.6872459980561914
0.6915665258546936
0.6958856181141181
0.700202935722799
0.7045181360234697
0.7088308727635394
0.7131407960421797
0.7174475522553355
0.7217507840372541
0.7260501301990525
0.730345225663718
0.7346357013971371
0.7389211843347314
0.7432012973039064
0.7474756589408867
0.7517438836023036
0.7560055812701556
0.7602603574505007
0.7645078130642657
0.7687475443297811
0.772979142636431
0.7772021944077561
